Job,ID,DagmanID,Node IP,SUBMIT,EXECUTE,JOB_TERMINATED,JOB_SUCCESS,POST_SCRIPT_STARTED,POST_SCRIPT_TERMINATED,POST_SCRIPT_SUCCESS,wait_time,exec_time,ps_time
mDiffFit,ID0000395,12179.000.000,192.168.1.161,1611648370,1611648395,1611648401,1611648406,1611648406,1611648408,1611648419,25,11,13
mDiffFit,ID0000024,12083.000.000,192.168.1.163,1611647105,1611647223,1611647224,1611647226,1611647226,1611647226,1611647231,118,3,5
mDiffFit,ID0000288,11965.000.000,192.168.1.164,1611646158,1611646206,1611646212,1611646218,1611646218,1611646220,1611646224,48,12,6
mDiffFit,ID0000207,11958.000.000,192.168.1.161,1611645674,1611645687,1611645693,1611645696,1611645696,1611645696,1611645701,13,9,5
mDiffFit,ID0000220,11989.000.000,192.168.1.163,1611646310,1611646376,1611646380,1611646386,1611646386,1611646387,1611646397,66,10,11
mBackground,ID0000301,12248.000.000,192.168.1.163,1611648738,1611648758,1611648808,1611648812,1611648812,1611648815,1611648828,20,54,16
mDiffFit,ID0000022,11954.000.000,192.168.1.164,1611645310,1611645321,1611645323,1611645328,1611645328,1611645328,1611645333,11,7,5
mDiffFit,ID0000430,12269.000.000,192.168.1.161,1611648879,1611648891,1611648907,1611648921,1611648921,1611648923,1611648935,12,30,14
mDiffFit,ID0000418,12136.000.000,192.168.1.161,1611648111,1611648163,1611648180,1611648189,1611648189,1611648190,1611648202,52,26,13
register_local,0_1,12357.000.000,192.168.1.4,1611649405,1611649406,1611649408,1611649411,1611649411,1611649411,1611649417,1,5,6
mDiffFit,ID0000132,12070.000.000,192.168.1.163,1611646972,1611647035,1611647036,1611647039,1611647039,1611647039,1611647044,63,4,5
mDiffFit,ID0000263,11967.000.000,192.168.1.163,1611646159,1611646222,1611646223,1611646224,1611646224,1611646224,1611646229,63,2,5
mDiffFit,ID0000258,11986.000.000,192.168.1.162,1611646297,1611646342,1611646345,1611646350,1611646350,1611646353,1611646362,45,8,12
mDiffFit,ID0000029,12187.000.000,192.168.1.162,1611648418,1611648436,1611648437,1611648446,1611648446,1611648447,1611648461,18,10,15
mDiffFit,ID0000402,12039.000.000,192.168.1.162,1611646815,1611646879,1611646883,1611646886,1611646886,1611646886,1611646899,64,7,13
mDiffFit,ID0000073,12237.000.000,192.168.1.164,1611648661,1611648702,1611648715,1611648731,1611648731,1611648732,1611648743,41,29,12
mDiffFit,ID0000346,12063.000.000,192.168.1.161,1611646931,1611647000,1611647023,1611647027,1611647027,1611647029,1611647033,69,27,6
mDiffFit,ID0000100,12342.000.000,192.168.1.161,1611649293,1611649334,1611649346,1611649350,1611649350,1611649352,1611649364,41,16,14
mDiffFit,ID0000108,12346.000.000,192.168.1.161,1611649320,1611649367,1611649369,1611649373,1611649373,1611649374,1611649379,47,6,6
mBgModel,ID0000452,12306.000.000,192.168.1.164,1611649079,1611649085,1611649100,1611649113,1611649113,1611649114,1611649127,6,28,14
mDiffFit,ID0000293,12044.000.000,192.168.1.162,1611646842,1611646896,1611646913,1611646923,1611646923,1611646925,1611646936,54,27,13
mDiffFit,ID0000248,11921.000.000,192.168.1.163,1611644616,1611644627,1611644628,1611644628,1611644628,1611644628,1611644635,11,1,7
mDiffFit,ID0000289,12048.000.000,192.168.1.163,1611646857,1611646921,1611646926,1611646936,1611646936,1611646938,1611646950,64,15,14
register_local,11_1,12383.000.000,192.168.1.4,1611649539,1611649544,1611649554,1611649556,1611649556,1611649558,1611649566,5,12,10
mProject,ID0000164,11914.000.000,192.168.1.164,1611643587,1611647024,1611648126,1611648129,1611648129,1611648131,1611648135,3437,1105,6
mViewer,ID0000314,12355.000.000,192.168.1.161,1611649388,1611649398,1611649425,1611649434,1611649434,1611649435,1611649442,10,36,8
mProject,ID0000167,11907.000.000,192.168.1.163,1611643570,1611646488,1611647651,1611647656,1611647656,1611647656,1611647661,2918,1168,5
mBackground,ID0000462,12318.000.000,192.168.1.163,1611649151,1611649174,1611649264,1611649282,1611649282,1611649283,1611649297,23,108,15
mDiffFit,ID0000181,11984.000.000,192.168.1.163,1611646294,1611646339,1611646344,1611646350,1611646350,1611646352,1611646362,45,11,12
mBackground,ID0000300,12250.000.000,192.168.1.163,1611648751,1611648770,1611648822,1611648828,1611648828,1611648829,1611648840,19,58,12
mDiffFit,ID0000020,12230.000.000,192.168.1.163,1611648644,1611648667,1611648704,1611648716,1611648716,1611648718,1611648731,23,49,15
mProject,ID0000318,11874.000.000,192.168.1.161,1611643453,1611643455,1611645003,1611645006,1611645006,1611645006,1611645011,2,1551,5
mDiffFit,ID0000340,11945.000.000,192.168.1.164,1611645118,1611645150,1611645153,1611645153,1611645153,1611645154,1611645158,32,3,5
mDiffFit,ID0000197,12159.000.000,192.168.1.161,1611648278,1611648293,1611648302,1611648312,1611648312,1611648314,1611648324,15,19,12
mDiffFit,ID0000255,12150.000.000,192.168.1.161,1611648221,1611648261,1611648269,1611648280,1611648280,1611648282,1611648296,40,19,16
mDiffFit,ID0000175,11935.000.000,192.168.1.162,1611644712,1611644759,1611644761,1611644765,1611644765,1611644766,1611644771,47,6,6
mProject,ID0000319,11913.000.000,192.168.1.163,1611643587,1611646500,1611648173,1611648176,1611648176,1611648180,1611648189,2913,1676,13
mDiffFit,ID0000025,11951.000.000,192.168.1.163,1611645270,1611645282,1611645283,1611645288,1611645288,1611645288,1611645293,12,6,5
mDiffFit,ID0000336,12021.000.000,192.168.1.162,1611646715,1611646751,1611646753,1611646756,1611646756,1611646757,1611646762,36,5,6
mDiffFit,ID0000389,12265.000.000,192.168.1.161,1611648852,1611648866,1611648875,1611648880,1611648880,1611648881,1611648892,14,14,12
mDiffFit,ID0000231,12101.000.000,192.168.1.163,1611647295,1611647361,1611647374,1611647375,1611647375,1611647375,1611647380,66,14,5
mDiffFit,ID0000371,12118.000.000,192.168.1.163,1611648028,1611648070,1611648076,1611648089,1611648089,1611648089,1611648100,42,19,11
mDiffFit,ID0000106,12193.000.000,192.168.1.163,1611648453,1611648479,1611648488,1611648489,1611648489,1611648491,1611648502,26,10,13
mDiffFit,ID0000037,12310.000.000,192.168.1.164,1611649097,1611649127,1611649132,1611649143,1611649143,1611649145,1611649160,30,16,17
clean_up_local_level,0_6,12364.000.000,192.168.1.4,1611649470,1611649471,1611649486,1611649494,1611649494,1611649494,1611649506,1,23,12
mDiffFit,ID0000221,12112.000.000,192.168.1.161,1611647678,1611647743,1611647746,1611647751,1611647751,1611647751,1611647756,65,8,5
mDiffFit,ID0000188,11928.000.000,192.168.1.163,1611644634,1611644721,1611644723,1611644728,1611644728,1611644728,1611644733,87,7,5
register_local,6_1,12268.000.000,192.168.1.4,1611648876,1611648878,1611648884,1611648892,1611648892,1611648894,1611648908,2,14,16
mDiffFit,ID0000428,12114.000.000,192.168.1.161,1611648027,1611648035,1611648038,1611648039,1611648039,1611648039,1611648045,8,4,6
mConcatFit,ID0000451,12293.000.000,192.168.1.164,1611648998,1611649012,1611649050,1611649059,1611649059,1611649060,1611649072,14,47,13
register_local,22_1,12413.000.000,192.168.1.4,1611649810,1611649810,1611649812,1611649815,1611649815,1611649815,1611649821,0,5,6
mProject,ID0000320,11891.000.000,192.168.1.163,1611643505,1611644611,1611646188,1611646190,1611646190,1611646190,1611646198,1106,1579,8
mProject,ID0000330,11888.000.000,192.168.1.162,1611643505,1611643520,1611645137,1611645140,1611645140,1611645141,1611645146,15,1620,6
mDiffFit,ID0000345,11948.000.000,192.168.1.164,1611645152,1611645165,1611645166,1611645168,1611645168,1611645170,1611645174,13,3,6
mDiffFit,ID0000380,12010.000.000,192.168.1.161,1611646393,1611646460,1611646463,1611646463,1611646463,1611646464,1611646469,67,3,6
mDiffFit,ID0000180,11957.000.000,192.168.1.161,1611645674,1611645680,1611645681,1611645686,1611645686,1611645686,1611645691,6,6,5
mDiffFit,ID0000382,11936.000.000,192.168.1.161,1611645016,1611645028,1611645030,1611645032,1611645032,1611645032,1611645037,12,4,5
mConcatFit,ID0000137,12356.000.000,192.168.1.161,1611649397,1611649409,1611649412,1611649417,1611649417,1611649417,1611649422,12,8,5
register_local,7_1,12343.000.000,192.168.1.4,1611649303,1611649308,1611649319,1611649322,1611649322,1611649324,1611649339,5,14,17
mDiffFit,ID0000109,12082.000.000,192.168.1.163,1611647104,1611647202,1611647214,1611647215,1611647215,1611647216,1611647221,98,13,6
mDiffFit,ID0000383,12117.000.000,192.168.1.163,1611648028,1611648064,1611648067,1611648075,1611648075,1611648077,1611648089,36,11,14
register_local,4_1,12313.000.000,192.168.1.4,1611649120,1611649123,1611649132,1611649143,1611649143,1611649146,1611649160,3,20,17
mDiffFit,ID0000238,12092.000.000,192.168.1.161,1611647277,1611647303,1611647304,1611647305,1611647305,1611647305,1611647310,26,2,5
mDiffFit,ID0000397,12135.000.000,192.168.1.164,1611648109,1611648163,1611648166,1611648176,1611648176,1611648178,1611648189,54,13,13
mDiffFit,ID0000331,11998.000.000,192.168.1.162,1611646343,1611646411,1611646438,1611646441,1611646441,1611646443,1611646447,68,30,6
mDiffFit,ID0000442,12008.000.000,192.168.1.164,1611646392,1611646459,1611646463,1611646469,1611646469,1611646469,1611646474,67,10,5
mDiffFit,ID0000058,12345.000.000,192.168.1.164,1611649316,1611649355,1611649366,1611649373,1611649373,1611649373,1611649379,39,18,6
mDiffFit,ID0000405,11978.000.000,192.168.1.164,1611646208,1611646286,1611646292,1611646302,1611646302,1611646302,1611646313,78,16,11
mDiffFit,ID0000222,11976.000.000,192.168.1.164,1611646206,1611646271,1611646272,1611646274,1611646274,1611646276,1611646280,65,3,6
register_local,15_1,12419.000.000,192.168.1.4,1611649854,1611649858,1611649860,1611649864,1611649864,1611649864,1611649870,4,6,6
mDiffFit,ID0000087,12217.000.000,192.168.1.161,1611648577,1611648597,1611648606,1611648608,1611648608,1611648611,1611648623,20,11,15
mDiffFit,ID0000182,12107.000.000,192.168.1.163,1611647672,1611647717,1611647720,1611647721,1611647721,1611647722,1611647727,45,4,6
register_local,3_0,12424.000.000,192.168.1.4,1611649896,1611649896,1611649898,1611649901,1611649901,1611649902,1611649907,0,5,6
mProject,ID0000004,11901.000.000,192.168.1.163,1611643558,1611645273,1611647078,1611647079,1611647079,1611647079,1611647084,1715,1806,5
mDiffFit,ID0000441,12040.000.000,192.168.1.161,1611646823,1611646885,1611646888,1611646899,1611646899,1611646901,1611646911,62,14,12
mBackground,ID0000144,12366.000.000,192.168.1.161,1611649471,1611649501,1611649564,1611649566,1611649566,1611649567,1611649572,30,65,6
mBackground,ID0000299,12241.000.000,192.168.1.161,1611648694,1611648723,1611648773,1611648783,1611648783,1611648785,1611648799,29,60,16
mDiffFit,ID0000237,12091.000.000,192.168.1.163,1611647277,1611647300,1611647303,1611647305,1611647305,1611647305,1611647310,23,5,5
mDiffFit,ID0000450,12121.000.000,192.168.1.161,1611648038,1611648077,1611648098,1611648100,1611648100,1611648101,1611648113,39,23,13
mDiffFit,ID0000413,12125.000.000,192.168.1.164,1611648045,1611648093,1611648099,1611648100,1611648100,1611648102,1611648113,48,7,13
mBackground,ID0000463,12317.000.000,192.168.1.164,1611649141,1611649157,1611649204,1611649210,1611649210,1611649212,1611649225,16,53,15
mDiffFit,ID0000019,12072.000.000,192.168.1.163,1611647090,1611647100,1611647101,1611647106,1611647106,1611647106,1611647112,10,6,6
register_local,20_1,12388.000.000,192.168.1.4,1611649613,1611649614,1611649617,1611649620,1611649620,1611649620,1611649626,1,6,6
register_local,26_1,12335.000.000,192.168.1.4,1611649245,1611649249,1611649257,1611649264,1611649264,1611649265,1611649282,4,15,18
mViewer,ID0000472,12409.000.000,192.168.1.161,1611649755,1611649786,1611649833,1611649837,1611649837,1611649837,1611649842,31,51,5
mDiffFit,ID0000429,11946.000.000,192.168.1.162,1611645151,1611645162,1611645164,1611645168,1611645168,1611645169,1611645174,11,6,6
mDiffFit,ID0000437,12036.000.000,192.168.1.161,1611646811,1611646854,1611646861,1611646863,1611646863,1611646866,1611646877,43,9,14
mDiffFit,ID0000433,12262.000.000,192.168.1.161,1611648838,1611648857,1611648873,1611648880,1611648880,1611648881,1611648892,19,23,12
mBackground,ID0000296,12245.000.000,192.168.1.164,1611648714,1611648730,1611648797,1611648799,1611648799,1611648802,1611648812,16,69,13
mDiffFit,ID0000052,12003.000.000,192.168.1.164,1611646370,1611646428,1611646435,1611646441,1611646441,1611646442,1611646447,58,13,6
mProject,ID0000168,11879.000.000,192.168.1.163,1611643462,1611643475,1611644608,1611644610,1611644610,1611644610,1611644617,13,1135,7
mDiffFit,ID0000354,11997.000.000,192.168.1.163,1611646335,1611646411,1611646421,1611646423,1611646423,1611646425,1611646434,76,12,11
mDiffFit,ID0000388,12169.000.000,192.168.1.161,1611648331,1611648356,1611648390,1611648391,1611648391,1611648394,1611648406,25,35,15
mDiffFit,ID0000094,11956.000.000,192.168.1.164,1611645310,1611645330,1611645337,1611645338,1611645338,1611645338,1611645343,20,8,5
mBackground,ID0000457,12320.000.000,192.168.1.161,1611649158,1611649176,1611649227,1611649237,1611649237,1611649240,1611649251,18,61,14
mBackground,ID0000306,12252.000.000,192.168.1.161,1611648763,1611648790,1611648828,1611648828,1611648828,1611648830,1611648840,27,38,12
mDiffFit,ID0000093,12085.000.000,192.168.1.163,1611647106,1611647243,1611647244,1611647246,1611647246,1611647246,1611647251,137,3,5
mDiffFit,ID0000115,12334.000.000,192.168.1.161,1611649236,1611649276,1611649292,1611649297,1611649297,1611649300,1611649310,40,21,13
mDiffFit,ID0000404,12122.000.000,192.168.1.163,1611648038,1611648089,1611648093,1611648100,1611648100,1611648101,1611648113,51,11,13
mDiffFit,ID0000076,12286.000.000,192.168.1.163,1611648965,1611649011,1611649019,1611649031,1611649031,1611649033,1611649046,46,20,15
mDiffFit,ID0000268,12210.000.000,192.168.1.161,1611648534,1611648555,1611648561,1611648566,1611648566,1611648567,1611648579,21,11,13
mDiffFit,ID0000408,12280.000.000,192.168.1.161,1611648944,1611648959,1611648968,1611648977,1611648977,1611648979,1611648989,15,18,12
mDiffFit,ID0000279,12196.000.000,192.168.1.162,1611648469,1611648484,1611648499,1611648502,1611648502,1611648504,1611648516,15,18,14
mDiffFit,ID0000225,11974.000.000,192.168.1.164,1611646198,1611646255,1611646257,1611646257,1611646257,1611646258,1611646263,57,2,6
mDiffFit,ID0000259,12110.000.000,192.168.1.161,1611647673,1611647732,1611647735,1611647739,1611647739,1611647740,1611647745,59,7,6
register_local,27_1,12300.000.000,192.168.1.4,1611649039,1611649045,1611649054,1611649059,1611649059,1611649062,1611649072,6,14,13
mDiffFit,ID0000275,12108.000.000,192.168.1.161,1611647672,1611647718,1611647724,1611647727,1611647727,1611647728,1611647733,46,9,6
mBackground,ID0000145,12365.000.000,192.168.1.161,1611649471,1611649478,1611649494,1611649494,1611649494,1611649494,1611649506,7,16,12
mProject,ID0000159,11918.000.000,192.168.1.162,1611643593,1611647035,1611648151,1611648163,1611648163,1611648164,1611648176,3442,1128,13
mDiffFit,ID0000235,12096.000.000,192.168.1.163,1611647284,1611647337,1611647340,1611647342,1611647342,1611647344,1611647348,53,5,6
mDiffFit,ID0000023,12031.000.000,192.168.1.161,1611646748,1611646814,1611646820,1611646830,1611646830,1611646832,1611646836,66,16,6
mDiffFit,ID0000246,11964.000.000,192.168.1.164,1611646158,1611646197,1611646198,1611646208,1611646208,1611646208,1611646218,39,11,10
mDiffFit,ID0000415,12130.000.000,192.168.1.163,1611648085,1611648126,1611648127,1611648129,1611648129,1611648132,1611648135,41,3,6
mDiffFit,ID0000370,12055.000.000,192.168.1.161,1611646895,1611646967,1611646972,1611646977,1611646977,1611646978,1611646982,72,10,5
stage_out_local_local,0_7,12418.000.000,192.168.1.4,1611649848,1611649854,1611649858,1611649859,1611649859,1611649859,1611649864,6,5,5
mDiffFit,ID0000364,12127.000.000,192.168.1.161,1611648071,1611648123,1611648140,1611648151,1611648151,1611648152,1611648163,52,28,12
mDiffFit,ID0000424,11940.000.000,192.168.1.164,1611645110,1611645120,1611645121,1611645124,1611645124,1611645124,1611645129,10,4,5
mProject,ID0000162,11906.000.000,192.168.1.161,1611643564,1611646147,1611647262,1611647267,1611647267,1611647268,1611647272,2583,1120,5
mDiffFit,ID0000256,12144.000.000,192.168.1.161,1611648184,1611648218,1611648227,1611648244,1611648244,1611648244,1611648255,34,26,11
mImgtbl,ID0000469,12352.000.000,192.168.1.161,1611649378,1611649405,1611649408,1611649411,1611649411,1611649411,1611649417,27,6,6
stage_in_remote_local,2_4,11868.000.000,192.168.1.4,1611643199,1611643204,1611643207,1611643212,1611643212,1611643212,1611643217,5,8,5
cleanup_montage,local_0,12423.000.000,192.168.1.4,1611649890,1611649891,1611649894,1611649896,1611649896,1611649896,1611649901,1,5,5
register_local,21_1,12405.000.000,192.168.1.4,1611649748,1611649749,1611649751,1611649755,1611649755,1611649755,1611649761,1,6,6
stage_in_local_local,1_0,11865.000.000,192.168.1.4,1611643199,1611643205,1611643571,1611643576,1611643576,1611643576,1611643581,6,371,5
mBackground,ID0000466,12325.000.000,192.168.1.162,1611649181,1611649233,1611649326,1611649339,1611649339,1611649340,1611649350,52,106,11
mDiffFit,ID0000203,11973.000.000,192.168.1.163,1611646198,1611646258,1611646270,1611646274,1611646274,1611646275,1611646280,60,16,6
mDiffFit,ID0000104,12029.000.000,192.168.1.162,1611646740,1611646804,1611646814,1611646816,1611646816,1611646818,1611646830,64,12,14
mDiffFit,ID0000090,12211.000.000,192.168.1.162,1611648537,1611648568,1611648572,1611648579,1611648579,1611648582,1611648592,31,11,13
register_local,5_1,12347.000.000,192.168.1.4,1611649329,1611649338,1611649348,1611649350,1611649350,1611649353,1611649364,9,12,14
mBackground,ID0000143,12368.000.000,192.168.1.161,1611649474,1611649512,1611649572,1611649578,1611649578,1611649578,1611649585,38,66,7
mProject,ID0000161,11897.000.000,192.168.1.164,1611643552,1611645088,1611646183,1611646184,1611646184,1611646185,1611646190,1536,1096,6
mViewer,ID0000471,12381.000.000,192.168.1.162,1611649528,1611649568,1611649608,1611649613,1611649613,1611649613,1611649620,40,45,7
mDiffFit,ID0000036,12307.000.000,192.168.1.164,1611649082,1611649110,1611649134,1611649143,1611649143,1611649146,1611649160,28,33,17
mDiffFit,ID0000416,12240.000.000,192.168.1.164,1611648686,1611648712,1611648719,1611648731,1611648731,1611648734,1611648743,26,19,12
mDiffFit,ID0000434,12260.000.000,192.168.1.163,1611648824,1611648860,1611648880,1611648892,1611648892,1611648893,1611648908,36,32,16
mBackground,ID0000455,12324.000.000,192.168.1.164,1611649179,1611649210,1611649275,1611649282,1611649282,1611649285,1611649297,31,72,15
clean_up_local_level,4_7,12386.000.000,192.168.1.4,1611649593,1611649599,1611649613,1611649620,1611649620,1611649620,1611649626,6,21,6
mDiffFit,ID0000082,12216.000.000,192.168.1.163,1611648574,1611648610,1611648626,1611648635,1611648635,1611648635,1611648646,36,25,11
mDiffFit,ID0000103,12291.000.000,192.168.1.163,1611648988,1611649071,1611649112,1611649114,1611649114,1611649117,1611649127,83,43,13
mDiffFit,ID0000272,11991.000.000,192.168.1.164,1611646321,1611646362,1611646365,1611646375,1611646375,1611646376,1611646386,41,13,11
stage_in_local_local,0_0,11857.000.000,192.168.1.4,1611643183,1611643187,1611643442,1611643443,1611643443,1611643443,1611643448,4,256,5
mDiffFit,ID0000041,12308.000.000,192.168.1.164,1611649091,1611649122,1611649130,1611649143,1611649143,1611649145,1611649160,31,21,17
mDiffFit,ID0000358,12124.000.000,192.168.1.163,1611648044,1611648097,1611648101,1611648113,1611648113,1611648113,1611648123,53,16,10
mBackground,ID0000468,12321.000.000,192.168.1.163,1611649166,1611649188,1611649287,1611649297,1611649297,1611649299,1611649310,22,109,13
mDiffFit,ID0000218,12151.000.000,192.168.1.161,1611648225,1611648263,1611648279,1611648280,1611648280,1611648284,1611648296,38,17,16
mDiffFit,ID0000431,12276.000.000,192.168.1.161,1611648916,1611648933,1611648937,1611648954,1611648954,1611648955,1611648966,17,21,12
register_local,2_4,12402.000.000,192.168.1.4,1611649705,1611649707,1611649713,1611649716,1611649716,1611649716,1611649722,2,9,6
register_local,10_1,12358.000.000,192.168.1.4,1611649416,1611649418,1611649420,1611649422,1611649422,1611649422,1611649434,2,4,12
mDiffFit,ID0000365,12057.000.000,192.168.1.162,1611646907,1611646964,1611646972,1611646977,1611646977,1611646978,1611646982,57,13,5
mDiffFit,ID0000086,12287.000.000,192.168.1.164,1611648965,1611648989,1611649004,1611649016,1611649016,1611649017,1611649031,24,27,15
mDiffFit,ID0000021,12213.000.000,192.168.1.163,1611648547,1611648592,1611648618,1611648623,1611648623,1611648625,1611648635,45,31,12
register_local,0_7,12421.000.000,192.168.1.4,1611649870,1611649875,1611649877,1611649880,1611649880,1611649881,1611649885,5,5,5
mDiffFit,ID0000291,12051.000.000,192.168.1.162,1611646873,1611646933,1611646948,1611646950,1611646950,1611646953,1611646962,60,17,12
mProject,ID0000315,11884.000.000,192.168.1.164,1611643498,1611643500,1611645095,1611645100,1611645100,1611645100,1611645105,2,1600,5
mDiffFit,ID0000351,12137.000.000,192.168.1.162,1611648119,1611648189,1611648195,1611648202,1611648202,1611648203,1611648214,70,13,12
mDiffFit,ID0000278,12104.000.000,192.168.1.163,1611647667,1611647693,1611647696,1611647699,1611647699,1611647699,1611647704,26,6,5
mDiffFit,ID0000419,12126.000.000,192.168.1.163,1611648069,1611648119,1611648126,1611648129,1611648129,1611648130,1611648135,50,10,6
mDiffFit,ID0000265,11959.000.000,192.168.1.161,1611645674,1611645698,1611645699,1611645701,1611645701,1611645701,1611645706,24,3,5
mDiffFit,ID0000422,12134.000.000,192.168.1.164,1611648106,1611648153,1611648164,1611648176,1611648176,1611648177,1611648189,47,23,13
mDiffFit,ID0000342,12037.000.000,192.168.1.162,1611646812,1611646854,1611646860,1611646863,1611646863,1611646865,1611646877,42,9,14
mDiffFit,ID0000075,12227.000.000,192.168.1.161,1611648635,1611648651,1611648662,1611648675,1611648675,1611648678,1611648688,16,24,13
mProject,ID0000013,11899.000.000,192.168.1.164,1611643558,1611645177,1611646875,1611646877,1611646877,1611646879,1611646886,1619,1700,9
mProject,ID0000001,11878.000.000,192.168.1.163,1611643461,1611643475,1611645242,1611645245,1611645245,1611645245,1611645250,14,1770,5
mDiffFit,ID0000122,12289.000.000,192.168.1.163,1611648975,1611649020,1611649096,1611649100,1611649100,1611649103,1611649113,45,80,13
mDiffFit,ID0000356,12041.000.000,192.168.1.161,1611646827,1611646885,1611646888,1611646899,1611646899,1611646900,1611646911,58,14,12
mProject,ID0000008,11895.000.000,192.168.1.161,1611643552,1611644973,1611646725,1611646726,1611646726,1611646726,1611646731,1421,1753,5
mDiffFit,ID0000377,11938.000.000,192.168.1.164,1611645068,1611645085,1611645087,1611645088,1611645088,1611645088,1611645093,17,3,5
mDiffFit,ID0000068,12195.000.000,192.168.1.161,1611648459,1611648478,1611648481,1611648489,1611648489,1611648490,1611648502,19,11,13
mProject,ID0000329,11912.000.000,192.168.1.164,1611643586,1611646496,1611648016,1611648017,1611648017,1611648017,1611648022,2910,1521,5
register_local,28_1,12304.000.000,192.168.1.4,1611649066,1611649071,1611649079,1611649084,1611649084,1611649085,1611649100,5,13,16
mDiffFit,ID0000375,12024.000.000,192.168.1.161,1611646722,1611646762,1611646769,1611646773,1611646773,1611646774,1611646779,40,11,6
mDiffFit,ID0000055,12069.000.000,192.168.1.161,1611646970,1611647022,1611647023,1611647027,1611647027,1611647030,1611647033,52,5,6
mBackground,ID0000303,12246.000.000,192.168.1.161,1611648723,1611648745,1611648790,1611648799,1611648799,1611648800,1611648812,22,54,13
mDiffFit,ID0000088,12222.000.000,192.168.1.161,1611648615,1611648628,1611648634,1611648635,1611648635,1611648635,1611648646,13,7,11
clean_up_local_level,1_3,12254.000.000,192.168.1.4,1611648775,1611648779,1611648793,1611648799,1611648799,1611648801,1611648812,4,20,13
clean_up_local_level,8_3,12228.000.000,192.168.1.4,1611648640,1611648651,1611648663,1611648675,1611648675,1611648678,1611648688,11,24,13
mDiffFit,ID0000363,12064.000.000,192.168.1.162,1611646935,1611647000,1611647019,1611647021,1611647021,1611647022,1611647027,65,21,6
mDiffFit,ID0000411,12042.000.000,192.168.1.163,1611646836,1611646896,1611646901,1611646911,1611646911,1611646912,1611646923,60,15,12
mDiffFit,ID0000449,11947.000.000,192.168.1.164,1611645152,1611645165,1611645167,1611645168,1611645168,1611645171,1611645174,13,3,6
mDiffFit,ID0000028,12068.000.000,192.168.1.164,1611646960,1611647016,1611647021,1611647027,1611647027,1611647028,1611647033,56,11,6
mProject,ID0000172,11905.000.000,192.168.1.161,1611643564,1611645726,1611646826,1611646830,1611646830,1611646832,1611646836,2162,1104,6
mDiffFit,ID0000335,11980.000.000,192.168.1.163,1611646213,1611646301,1611646320,1611646325,1611646325,1611646326,1611646337,88,24,12
mDiffFit,ID0000178,11927.000.000,192.168.1.162,1611644633,1611644709,1611644716,1611644717,1611644717,1611644717,1611644722,76,8,5
mBackground,ID0000453,12316.000.000,192.168.1.161,1611649138,1611649160,1611649212,1611649225,1611649225,1611649226,1611649237,22,65,12
stage_out_local_local,0_6,12407.000.000,192.168.1.4,1611649754,1611649760,1611649778,1611649782,1611649782,1611649783,1611649788,6,22,6
mDiffFit,ID0000133,12348.000.000,192.168.1.162,1611649331,1611649365,1611649369,1611649373,1611649373,1611649374,1611649379,34,8,6
mDiffFit,ID0000357,11996.000.000,192.168.1.162,1611646334,1611646390,1611646397,1611646410,1611646410,1611646411,1611646423,56,20,13
mDiffFit,ID0000446,12116.000.000,192.168.1.161,1611648027,1611648045,1611648049,1611648050,1611648050,1611648051,1611648057,18,5,7
mBackground,ID0000460,12330.000.000,192.168.1.163,1611649209,1611649243,1611649356,1611649364,1611649364,1611649368,1611649373,34,121,9
mDiffFit,ID0000026,12283.000.000,192.168.1.161,1611648951,1611648997,1611649005,1611649016,1611649016,1611649018,1611649031,46,19,15
mBackground,ID0000308,12258.000.000,192.168.1.163,1611648810,1611648827,1611648869,1611648880,1611648880,1611648881,1611648892,17,53,12
mDiffFit,ID0000249,12149.000.000,192.168.1.161,1611648212,1611648257,1611648277,1611648280,1611648280,1611648284,1611648296,45,23,16
mDiffFit,ID0000202,12157.000.000,192.168.1.163,1611648264,1611648288,1611648292,1611648296,1611648296,1611648298,1611648312,24,8,16
mDiffFit,ID0000392,12175.000.000,192.168.1.164,1611648349,1611648390,1611648395,1611648406,1611648406,1611648407,1611648419,41,16,13
register_local,4_0,12274.000.000,192.168.1.4,1611648914,1611648918,1611648932,1611648935,1611648935,1611648936,1611648954,4,17,19
mDiffFit,ID0000121,12340.000.000,192.168.1.161,1611649280,1611649328,1611649339,1611649350,1611649350,1611649351,1611649364,48,22,14
clean_up_local_level,7_7,12392.000.000,192.168.1.4,1611649625,1611649635,1611649649,1611649654,1611649654,1611649654,1611649659,10,19,5
clean_up_local_level,6_7,12391.000.000,192.168.1.4,1611649625,1611649636,1611649649,1611649654,1611649654,1611649654,1611649659,11,18,5
mBackground,ID0000465,12326.000.000,192.168.1.162,1611649183,1611649233,1611649334,1611649339,1611649339,1611649342,1611649350,50,106,11
mDiffFit,ID0000189,12164.000.000,192.168.1.164,1611648306,1611648323,1611648339,1611648350,1611648350,1611648352,1611648362,17,27,12
mDiffFit,ID0000421,12131.000.000,192.168.1.163,1611648087,1611648160,1611648167,1611648176,1611648176,1611648178,1611648189,73,16,13
mDiffFit,ID0000444,12007.000.000,192.168.1.164,1611646392,1611646459,1611646477,1611646480,1611646480,1611646482,1611646487,67,21,7
mDiffFit,ID0000116,12281.000.000,192.168.1.163,1611648945,1611648965,1611649008,1611649016,1611649016,1611649018,1611649031,20,51,15
mDiffFit,ID0000056,12192.000.000,192.168.1.162,1611648445,1611648463,1611648468,1611648475,1611648475,1611648476,1611648489,18,12,14
mBackground,ID0000139,12375.000.000,192.168.1.164,1611649493,1611649518,1611649580,1611649585,1611649585,1611649587,1611649594,25,67,9
mBackground,ID0000467,12322.000.000,192.168.1.161,1611649169,1611649192,1611649268,1611649282,1611649282,1611649284,1611649297,23,90,15
mDiffFit,ID0000186,11966.000.000,192.168.1.163,1611646158,1611646210,1611646212,1611646218,1611646218,1611646219,1611646224,52,8,6
mDiffFit,ID0000190,12167.000.000,192.168.1.161,1611648321,1611648350,1611648363,1611648374,1611648374,1611648375,1611648391,29,24,17
mBgModel,ID0000295,12229.000.000,192.168.1.164,1611648642,1611648646,1611648654,1611648675,1611648675,1611648677,1611648688,4,29,13
mDiffFit,ID0000204,12097.000.000,192.168.1.161,1611647286,1611647338,1611647340,1611647342,1611647342,1611647343,1611647348,52,4,6
mProject,ID0000158,11880.000.000,192.168.1.163,1611643462,1611643475,1611644617,1611644622,1611644622,1611644623,1611644628,13,1147,6
mDiffFit,ID0000374,11983.000.000,192.168.1.162,1611646217,1611646315,1611646321,1611646325,1611646325,1611646327,1611646337,98,10,12
mDiffFit,ID0000410,12023.000.000,192.168.1.162,1611646721,1611646761,1611646768,1611646772,1611646772,1611646774,1611646779,40,11,7
mBackground,ID0000297,12244.000.000,192.168.1.164,1611648709,1611648730,1611648798,1611648812,1611648812,1611648813,1611648828,21,82,16
register_local,0_3,12376.000.000,192.168.1.4,1611649500,1611649506,1611649513,1611649518,1611649518,1611649519,1611649532,6,12,14
mDiffFit,ID0000229,12140.000.000,192.168.1.164,1611648148,1611648204,1611648214,1611648228,1611648228,1611648229,1611648244,56,24,16
register_local,33_1,12231.000.000,192.168.1.4,1611648652,1611648668,1611648676,1611648688,1611648688,1611648689,1611648702,16,20,14
mBackground,ID0000150,12382.000.000,192.168.1.162,1611649530,1611649582,1611649612,1611649613,1611649613,1611649614,1611649620,52,31,7
mBackground,ID0000305,12253.000.000,192.168.1.161,1611648766,1611648794,1611648828,1611648840,1611648840,1611648842,1611648855,28,46,15
stage_in_local_local,2_0,11867.000.000,192.168.1.4,1611643199,1611643204,1611643484,1611643488,1611643488,1611643488,1611643493,5,284,5
mDiffFit,ID0000117,12013.000.000,192.168.1.161,1611646406,1611646482,1611646486,1611646487,1611646487,1611646490,1611646493,76,5,6
stage_in_remote_local,0_6,11859.000.000,192.168.1.4,1611643188,1611643191,1611643196,1611643200,1611643200,1611643200,1611643206,3,9,6
mDiffFit,ID0000286,12200.000.000,192.168.1.163,1611648496,1611648514,1611648531,1611648541,1611648541,1611648544,1611648553,18,27,12
mDiffFit,ID0000423,12261.000.000,192.168.1.163,1611648835,1611648866,1611648902,1611648908,1611648908,1611648909,1611648921,31,42,13
mDiffFit,ID0000241,11990.000.000,192.168.1.163,1611646312,1611646376,1611646399,1611646410,1611646410,1611646411,1611646423,64,34,13
mDiffFit,ID0000034,12301.000.000,192.168.1.161,1611649041,1611649083,1611649115,1611649127,1611649127,1611649129,1611649143,42,44,16
stage_in_remote_local,3_4,11871.000.000,192.168.1.4,1611643206,1611643207,1611643210,1611643212,1611643212,1611643212,1611643217,1,5,5
clean_up_local_level,5_7,12390.000.000,192.168.1.4,1611649619,1611649620,1611649631,1611649636,1611649636,1611649637,1611649648,1,16,12
mDiffFit,ID0000097,12071.000.000,192.168.1.162,1611646974,1611647032,1611647034,1611647039,1611647039,1611647039,1611647044,58,7,5
mDiffFit,ID0000098,12190.000.000,192.168.1.162,1611648441,1611648458,1611648464,1611648475,1611648475,1611648476,1611648489,17,17,14
mDiffFit,ID0000136,12336.000.000,192.168.1.163,1611649249,1611649346,1611649369,1611649373,1611649373,1611649375,1611649379,97,27,6
mBackground,ID0000140,12379.000.000,192.168.1.162,1611649513,1611649543,1611649601,1611649605,1611649605,1611649608,1611649613,30,62,8
mDiffFit,ID0000060,12223.000.000,192.168.1.161,1611648621,1611648633,1611648635,1611648635,1611648635,1611648635,1611648646,12,2,11
mBackground,ID0000464,12315.000.000,192.168.1.164,1611649135,1611649148,1611649203,1611649210,1611649210,1611649211,1611649225,13,62,15
mDiffFit,ID0000219,11970.000.000,192.168.1.164,1611646196,1611646235,1611646241,1611646246,1611646246,1611646246,1611646251,39,11,5
clean_up_local_level,0_11,12420.000.000,192.168.1.4,1611649870,1611649870,1611649878,1611649880,1611649880,1611649880,1611649885,0,10,5
mDiffFit,ID0000287,12199.000.000,192.168.1.164,1611648487,1611648499,1611648506,1611648516,1611648516,1611648517,1611648528,12,17,12
mDiffFit,ID0000386,12184.000.000,192.168.1.162,1611648412,1611648431,1611648436,1611648446,1611648446,1611648447,1611648461,19,15,15
mDiffFit,ID0000077,12235.000.000,192.168.1.163,1611648653,1611648716,1611648730,1611648743,1611648743,1611648745,1611648756,63,27,13
mDiffFit,ID0000123,12294.000.000,192.168.1.164,1611649001,1611649040,1611649049,1611649059,1611649059,1611649060,1611649072,39,19,13
mDiffFit,ID0000063,12090.000.000,192.168.1.163,1611647112,1611647289,1611647290,1611647295,1611647295,1611647295,1611647300,177,6,5
mDiffFit,ID0000264,12050.000.000,192.168.1.161,1611646870,1611646933,1611646938,1611646950,1611646950,1611646951,1611646962,63,17,12
mDiffFit,ID0000030,11953.000.000,192.168.1.164,1611645288,1611645312,1611645313,1611645316,1611645316,1611645317,1611645322,24,4,6
mProject,ID0000014,11908.000.000,192.168.1.162,1611643570,1611646488,1611648186,1611648189,1611648189,1611648190,1611648202,2918,1701,13
mDiffFit,ID0000250,12153.000.000,192.168.1.164,1611648240,1611648263,1611648269,1611648280,1611648280,1611648282,1611648296,23,17,16
mDiffFit,ID0000027,12014.000.000,192.168.1.164,1611646408,1611646488,1611646491,1611646493,1611646493,1611646494,1611646499,80,5,6
register_local,32_1,12220.000.000,192.168.1.4,1611648599,1611648602,1611648611,1611648623,1611648623,1611648624,1611648635,3,21,12
stage_in_remote_local,0_2,11854.000.000,192.168.1.4,1611643182,1611643182,1611643187,1611643189,1611643189,1611643189,1611643194,0,7,5
mDiffFit,ID0000367,12058.000.000,192.168.1.164,1611646909,1611646965,1611646969,1611646977,1611646977,1611646977,1611646982,56,12,5
mDiffFit,ID0000283,11923.000.000,192.168.1.163,1611644622,1611644653,1611644662,1611644665,1611644665,1611644665,1611644670,31,12,5
stage_in_remote_local,1_1,11863.000.000,192.168.1.4,1611643189,1611643190,1611643193,1611643194,1611643194,1611643195,1611643200,1,4,6
mBackground,ID0000461,12319.000.000,192.168.1.164,1611649154,1611649174,1611649224,1611649237,1611649237,1611649240,1611649251,20,63,14
stage_in_remote_local,0_5,11860.000.000,192.168.1.4,1611643188,1611643191,1611643196,1611643200,1611643200,1611643200,1611643206,3,9,6
register_local,1_0,12073.000.000,192.168.1.4,1611647090,1611647096,1611647098,1611647098,1611647098,1611647098,1611647106,6,2,8
mDiffFit,ID0000201,12158.000.000,192.168.1.164,1611648274,1611648290,1611648298,1611648312,1611648312,1611648313,1611648324,16,22,12
clean_up_local_level,0_4,12354.000.000,192.168.1.4,1611649386,1611649393,1611649405,1611649405,1611649405,1611649406,1611649411,7,12,6
mAdd,ID0000470,12359.000.000,192.168.1.161,1611649422,1611649464,1611649494,1611649506,1611649506,1611649507,1611649518,42,42,12
mDiffFit,ID0000062,12079.000.000,192.168.1.163,1611647098,1611647170,1611647177,1611647180,1611647180,1611647180,1611647185,72,10,5
stage_in_local_local,4_0,11872.000.000,192.168.1.4,1611643206,1611643207,1611643552,1611643552,1611643552,1611643553,1611643558,1,345,6
mDiffFit,ID0000343,11944.000.000,192.168.1.164,1611645117,1611645150,1611645153,1611645153,1611645153,1611645154,1611645158,33,3,5
mDiffFit,ID0000282,12046.000.000,192.168.1.164,1611646845,1611646908,1611646924,1611646936,1611646936,1611646937,1611646950,63,28,14
mDiffFit,ID0000271,12053.000.000,192.168.1.164,1611646884,1611646940,1611646943,1611646950,1611646950,1611646953,1611646962,56,10,12
register_local,35_1,12331.000.000,192.168.1.4,1611649217,1611649220,1611649229,1611649237,1611649237,1611649241,1611649251,3,17,14
mDiffFit,ID0000072,12234.000.000,192.168.1.161,1611648653,1611648685,1611648702,1611648716,1611648716,1611648717,1611648731,32,31,15
mProject,ID0000323,11882.000.000,192.168.1.164,1611643463,1611643475,1611645056,1611645057,1611645057,1611645057,1611645062,12,1582,5
mDiffFit,ID0000251,12146.000.000,192.168.1.163,1611648196,1611648248,1611648271,1611648280,1611648280,1611648283,1611648296,52,32,16
mDiffFit,ID0000179,12143.000.000,192.168.1.163,1611648175,1611648223,1611648231,1611648244,1611648244,1611648245,1611648255,48,21,11
mProject,ID0000169,11917.000.000,192.168.1.161,1611643593,1611647026,1611648206,1611648214,1611648214,1611648215,1611648228,3433,1188,14
mDiffFit,ID0000245,11926.000.000,192.168.1.162,1611644628,1611644702,1611644704,1611644706,1611644706,1611644706,1611644712,74,4,6
DAGMAN,,11852.0,,1611643163,,,,,,1611649917,,,
mDiffFit,ID0000018,12000.000.000,192.168.1.162,1611646347,1611646422,1611646428,1611646434,1611646434,1611646436,1611646441,75,12,7
mBackground,ID0000309,12257.000.000,192.168.1.161,1611648805,1611648827,1611648851,1611648855,1611648855,1611648856,1611648869,22,28,14
mDiffFit,ID0000439,12119.000.000,192.168.1.164,1611648034,1611648063,1611648078,1611648089,1611648089,1611648090,1611648100,29,26,11
mDiffFit,ID0000426,12035.000.000,192.168.1.161,1611646803,1611646841,1611646865,1611646877,1611646877,1611646878,1611646886,38,36,9
mDiffFit,ID0000399,12275.000.000,192.168.1.161,1611648915,1611648933,1611648944,1611648954,1611648954,1611648955,1611648966,18,21,12
mDiffFit,ID0000230,12098.000.000,192.168.1.161,1611647287,1611647347,1611647350,1611647354,1611647354,1611647354,1611647359,60,7,5
mProject,ID0000011,11915.000.000,192.168.1.162,1611643587,1611647025,1611648746,1611648756,1611648756,1611648757,1611648768,3438,1731,12
mProject,ID0000171,11896.000.000,192.168.1.161,1611643552,1611645030,1611646146,1611646147,1611646147,1611646148,1611646153,1478,1117,6
mProject,ID0000328,11873.000.000,192.168.1.161,1611643453,1611643455,1611644960,1611644961,1611644961,1611644961,1611644966,2,1506,5
mBackground,ID0000458,12329.000.000,192.168.1.164,1611649206,1611649224,1611649297,1611649310,1611649310,1611649310,1611649322,18,86,12
mBackground,ID0000146,12374.000.000,192.168.1.164,1611649490,1611649515,1611649574,1611649578,1611649578,1611649579,1611649585,25,63,7
create_dir_montage,local_0,11853.000.000,192.168.1.4,1611643167,1611643168,1611643170,1611643172,1611643172,1611643172,1611643177,1,4,5
mBgModel,ID0000138,12362.000.000,192.168.1.161,1611649441,1611649444,1611649454,1611649457,1611649457,1611649458,1611649463,3,13,6
mDiffFit,ID0000118,12065.000.000,192.168.1.163,1611646944,1611647002,1611647018,1611647021,1611647021,1611647022,1611647027,58,19,6
mBackground,ID0000311,12249.000.000,192.168.1.164,1611648742,1611648765,1611648801,1611648812,1611648812,1611648813,1611648828,23,47,16
mDiffFit,ID0000066,12077.000.000,192.168.1.163,1611647096,1611647149,1611647151,1611647153,1611647153,1611647153,1611647158,53,4,5
mDiffFit,ID0000352,11999.000.000,192.168.1.161,1611646344,1611646411,1611646415,1611646423,1611646423,1611646424,1611646434,67,12,11
mDiffFit,ID0000095,12288.000.000,192.168.1.161,1611648972,1611649002,1611649034,1611649046,1611649046,1611649047,1611649059,30,44,13
stage_in_remote_local,0_7,11858.000.000,192.168.1.4,1611643183,1611643187,1611643190,1611643194,1611643194,1611643194,1611643200,4,7,6
mDiffFit,ID0000089,12212.000.000,192.168.1.161,1611648539,1611648586,1611648593,1611648608,1611648608,1611648609,1611648623,47,22,15
register_local,0_6,12412.000.000,192.168.1.4,1611649799,1611649800,1611649802,1611649804,1611649804,1611649804,1611649810,1,4,6
mDiffFit,ID0000112,12089.000.000,192.168.1.161,1611647112,1611647285,1611647295,1611647300,1611647300,1611647300,1611647305,173,15,5
mDiffFit,ID0000398,11982.000.000,192.168.1.164,1611646215,1611646317,1611646324,1611646325,1611646325,1611646328,1611646337,102,8,12
mProject,ID0000317,11903.000.000,192.168.1.162,1611643564,1611645324,1611646866,1611646877,1611646877,1611646878,1611646886,1760,1553,9
mProject,ID0000003,11892.000.000,192.168.1.162,1611643506,1611644615,1611646319,1611646325,1611646325,1611646325,1611646337,1109,1710,12
mProject,ID0000165,11889.000.000,192.168.1.161,1611643505,1611644543,1611645660,1611645664,1611645664,1611645664,1611645669,1038,1121,5
mBackground,ID0000298,12243.000.000,192.168.1.161,1611648700,1611648730,1611648786,1611648799,1611648799,1611648799,1611648812,30,69,13
mBackground,ID0000456,12323.000.000,192.168.1.163,1611649170,1611649233,1611649336,1611649339,1611649339,1611649343,1611649350,63,106,11
register_local,18_1,12410.000.000,192.168.1.4,1611649760,1611649766,1611649776,1611649782,1611649782,1611649783,1611649788,6,16,6
clean_up_local_level,0_8,12398.000.000,192.168.1.4,1611649664,1611649665,1611649674,1611649676,1611649676,1611649677,1611649682,1,11,6
register_local,12_1,12416.000.000,192.168.1.4,1611649842,1611649843,1611649845,1611649849,1611649849,1611649849,1611649854,1,6,5
mDiffFit,ID0000369,12054.000.000,192.168.1.163,1611646892,1611646947,1611646952,1611646962,1611646962,1611646963,1611646977,55,15,15
register_local,0_2,12361.000.000,192.168.1.4,1611649432,1611649438,1611649444,1611649448,1611649448,1611649449,1611649457,6,10,9
mDiffFit,ID0000051,12087.000.000,192.168.1.163,1611647111,1611647264,1611647266,1611647267,1611647267,1611647268,1611647272,153,3,5
mAdd,ID0000313,12292.000.000,192.168.1.161,1611648996,1611649176,1611649367,1611649373,1611649373,1611649373,1611649379,180,197,6
mDiffFit,ID0000292,11969.000.000,192.168.1.163,1611646164,1611646234,1611646235,1611646240,1611646240,1611646241,1611646246,70,6,6
mDiffFit,ID0000276,12111.000.000,192.168.1.163,1611647673,1611647744,1611647760,1611647761,1611647761,1611647761,1611647766,71,17,5
mDiffFit,ID0000048,12218.000.000,192.168.1.164,1611648587,1611648607,1611648620,1611648623,1611648623,1611648627,1611648635,20,16,12
mDiffFit,ID0000192,12154.000.000,192.168.1.162,1611648251,1611648271,1611648291,1611648296,1611648296,1611648297,1611648312,20,25,16
mDiffFit,ID0000080,12232.000.000,192.168.1.164,1611648652,1611648667,1611648675,1611648676,1611648676,1611648679,1611648688,15,9,12
mDiffFit,ID0000226,12052.000.000,192.168.1.162,1611646876,1611646936,1611646941,1611646950,1611646950,1611646952,1611646962,60,14,12
mDiffFit,ID0000092,12027.000.000,192.168.1.161,1611646737,1611646792,1611646805,1611646816,1611646816,1611646818,1611646830,55,24,14
mDiffFit,ID0000349,11993.000.000,192.168.1.164,1611646324,1611646386,1611646403,1611646410,1611646410,1611646413,1611646423,62,24,13
mBackground,ID0000142,12369.000.000,192.168.1.161,1611649481,1611649511,1611649579,1611649585,1611649585,1611649586,1611649594,30,74,9
clean_up_local_level,3_3,12156.000.000,192.168.1.4,1611648262,1611648266,1611648279,1611648296,1611648296,1611648297,1611648312,4,30,16
mDiffFit,ID0000130,12344.000.000,192.168.1.164,1611649305,1611649350,1611649369,1611649373,1611649373,1611649373,1611649379,45,23,6
mProject,ID0000166,11898.000.000,192.168.1.164,1611643558,1611645170,1611646276,1611646280,1611646280,1611646282,1611646287,1612,1110,7
register_local,23_1,12414.000.000,192.168.1.4,1611649820,1611649821,1611649823,1611649826,1611649826,1611649826,1611649831,1,5,5
mDiffFit,ID0000407,12019.000.000,192.168.1.162,1611646714,1611646742,1611646743,1611646751,1611646751,1611646751,1611646756,28,9,5
mDiffFit,ID0000111,12086.000.000,192.168.1.163,1611647111,1611647253,1611647255,1611647256,1611647256,1611647256,1611647261,142,3,5
mDiffFit,ID0000391,12181.000.000,192.168.1.164,1611648385,1611648406,1611648409,1611648419,1611648419,1611648422,1611648433,21,13,14
stage_in_remote_local,0_0,11856.000.000,192.168.1.4,1611643183,1611643187,1611643190,1611643194,1611643194,1611643194,1611643200,4,7,6
mDiffFit,ID0000360,12056.000.000,192.168.1.161,1611646897,1611646967,1611646980,1611646982,1611646982,1611646983,1611646988,70,15,6
mDiffFit,ID0000368,12062.000.000,192.168.1.162,1611646922,1611646994,1611647000,1611647004,1611647004,1611647004,1611647009,72,10,5
register_local,31_1,12259.000.000,192.168.1.4,1611648818,1611648823,1611648833,1611648840,1611648840,1611648843,1611648855,5,17,15
mDiffFit,ID0000412,12022.000.000,192.168.1.161,1611646715,1611646752,1611646753,1611646756,1611646756,1611646757,1611646762,37,4,6
clean_up_local_level,0_9,12406.000.000,192.168.1.4,1611649754,1611649754,1611649771,1611649776,1611649776,1611649777,1611649782,0,22,6
register_local,3_4,12403.000.000,192.168.1.4,1611649722,1611649722,1611649727,1611649727,1611649727,1611649727,1611649733,0,5,6
mDiffFit,ID0000199,12163.000.000,192.168.1.161,1611648303,1611648323,1611648328,1611648336,1611648336,1611648337,1611648350,20,13,14
mDiffFit,ID0000372,12060.000.000,192.168.1.163,1611646918,1611646972,1611646976,1611646982,1611646982,1611646983,1611646988,54,10,6
mProject,ID0000324,11920.000.000,192.168.1.164,1611643593,1611647091,1611648619,1611648623,1611648623,1611648625,1611648635,3498,1532,12
mDiffFit,ID0000031,12341.000.000,192.168.1.163,1611649289,1611649363,1611649368,1611649373,1611649373,1611649373,1611649379,74,10,6
register_local,14_1,12385.000.000,192.168.1.4,1611649584,1611649587,1611649595,1611649605,1611649605,1611649607,1611649613,3,18,8
stage_in_remote_local,1_0,11864.000.000,192.168.1.4,1611643194,1611643194,1611643197,1611643200,1611643200,1611643200,1611643206,0,6,6
mDiffFit,ID0000044,12302.000.000,192.168.1.164,1611649053,1611649081,1611649087,1611649100,1611649100,1611649101,1611649113,28,19,13
mDiffFit,ID0000096,12015.000.000,192.168.1.162,1611646416,1611646487,1611646494,1611646499,1611646499,1611646499,1611646504,71,12,5
mDiffFit,ID0000254,12147.000.000,192.168.1.162,1611648200,1611648240,1611648245,1611648255,1611648255,1611648256,1611648267,40,15,12
mDiffFit,ID0000394,12172.000.000,192.168.1.163,1611648336,1611648374,1611648381,1611648391,1611648391,1611648393,1611648406,38,17,15
mDiffFit,ID0000126,12333.000.000,192.168.1.164,1611649232,1611649264,1611649284,1611649297,1611649297,1611649298,1611649310,32,33,13
mDiffFit,ID0000401,12006.000.000,192.168.1.162,1611646385,1611646448,1611646456,1611646458,1611646458,1611646458,1611646463,63,10,5
mDiffFit,ID0000129,12012.000.000,192.168.1.163,1611646403,1611646488,1611646499,1611646504,1611646504,1611646504,1611646509,85,16,5
mDiffFit,ID0000260,11962.000.000,192.168.1.161,1611645680,1611645719,1611645725,1611645727,1611645727,1611645727,1611645732,39,8,5
mProject,ID0000015,11881.000.000,192.168.1.164,1611643462,1611643475,1611645276,1611645277,1611645277,1611645278,1611645283,13,1802,6
mDiffFit,ID0000223,12209.000.000,192.168.1.163,1611648526,1611648567,1611648574,1611648579,1611648579,1611648583,1611648592,41,12,13
clean_up_local_level,0_5,12360.000.000,192.168.1.4,1611649428,1611649431,1611649450,1611649457,1611649457,1611649458,1611649463,3,26,6
clean_up_local_level,0_7,12395.000.000,192.168.1.4,1611649643,1611649645,1611649664,1611649665,1611649665,1611649666,1611649671,2,20,6
mDiffFit,ID0000064,12078.000.000,192.168.1.163,1611647097,1611647160,1611647161,1611647163,1611647163,1611647164,1611647169,63,3,6
mDiffFit,ID0000054,12017.000.000,192.168.1.164,1611646430,1611646493,1611646495,1611646499,1611646499,1611646499,1611646504,63,6,5
mDiffFit,ID0000253,12201.000.000,192.168.1.162,1611648499,1611648514,1611648528,1611648541,1611648541,1611648541,1611648553,15,27,12
mDiffFit,ID0000436,12005.000.000,192.168.1.163,1611646381,1611646452,1611646481,1611646487,1611646487,1611646488,1611646493,71,35,6
mDiffFit,ID0000359,11994.000.000,192.168.1.161,1611646324,1611646384,1611646389,1611646397,1611646397,1611646398,1611646410,60,13,13
register_local,4_4,12401.000.000,192.168.1.4,1611649688,1611649691,1611649696,1611649700,1611649700,1611649700,1611649705,3,9,5
mDiffFit,ID0000417,12132.000.000,192.168.1.161,1611648094,1611648147,1611648172,1611648176,1611648176,1611648179,1611648189,53,29,13
mDiffFit,ID0000262,11960.000.000,192.168.1.161,1611645675,1611645705,1611645706,1611645706,1611645706,1611645707,1611645712,30,1,6
mDiffFit,ID0000043,12303.000.000,192.168.1.164,1611649058,1611649085,1611649088,1611649100,1611649100,1611649102,1611649113,27,15,13
mProject,ID0000325,11883.000.000,192.168.1.164,1611643498,1611643500,1611645094,1611645100,1611645100,1611645100,1611645105,2,1600,5
mDiffFit,ID0000177,12095.000.000,192.168.1.161,1611647278,1611647321,1611647331,1611647332,1611647332,1611647332,1611647337,43,11,5
mDiffFit,ID0000425,12004.000.000,192.168.1.161,1611646373,1611646434,1611646438,1611646442,1611646442,1611646443,1611646447,61,8,5
clean_up_local_level,1_7,12396.000.000,192.168.1.4,1611649646,1611649650,1611649662,1611649665,1611649665,1611649666,1611649671,4,15,6
mDiffFit,ID0000277,12102.000.000,192.168.1.161,1611647666,1611647686,1611647693,1611647699,1611647699,1611647699,1611647704,20,13,5
mDiffFit,ID0000385,12180.000.000,192.168.1.163,1611648382,1611648407,1611648424,1611648433,1611648433,1611648435,1611648446,25,26,13
register_local,8_1,12264.000.000,192.168.1.4,1611648848,1611648851,1611648861,1611648869,1611648869,1611648869,1611648880,3,18,11
register_local,0_4,12393.000.000,192.168.1.4,1611649625,1611649633,1611649640,1611649648,1611649648,1611649648,1611649654,8,15,6
mDiffFit,ID0000128,12191.000.000,192.168.1.163,1611648443,1611648465,1611648472,1611648475,1611648475,1611648477,1611648489,22,10,14
mDiffFit,ID0000120,11952.000.000,192.168.1.164,1611645288,1611645300,1611645306,1611645311,1611645311,1611645311,1611645316,12,11,5
mDiffFit,ID0000065,12295.000.000,192.168.1.164,1611649009,1611649044,1611649051,1611649059,1611649059,1611649061,1611649072,35,15,13
register_local,9_1,12422.000.000,192.168.1.4,1611649885,1611649885,1611649888,1611649891,1611649891,1611649891,1611649896,0,6,5
mDiffFit,ID0000074,12226.000.000,192.168.1.161,1611648634,1611648650,1611648670,1611648676,1611648676,1611648679,1611648688,16,26,12
mBackground,ID0000459,12328.000.000,192.168.1.162,1611649192,1611649233,1611649333,1611649339,1611649339,1611649342,1611649350,41,106,11
clean_up_local_level,7_3,12152.000.000,192.168.1.4,1611648235,1611648238,1611648255,1611648267,1611648267,1611648268,1611648280,3,29,13
mDiffFit,ID0000081,12314.000.000,192.168.1.161,1611649125,1611649160,1611649173,1611649184,1611649184,1611649184,1611649197,35,24,13
mDiffFit,ID0000206,12148.000.000,192.168.1.164,1611648210,1611648240,1611648268,1611648280,1611648280,1611648281,1611648296,30,40,16
register_local,13_1,12384.000.000,192.168.1.4,1611649565,1611649568,1611649575,1611649578,1611649578,1611649579,1611649585,3,10,7
mDiffFit,ID0000379,11941.000.000,192.168.1.164,1611645111,1611645127,1611645128,1611645129,1611645129,1611645129,1611645134,16,2,5
mDiffFit,ID0000032,12309.000.000,192.168.1.163,1611649094,1611649148,1611649194,1611649197,1611649197,1611649199,1611649210,54,49,13
mDiffFit,ID0000284,12205.000.000,192.168.1.162,1611648515,1611648545,1611648549,1611648553,1611648553,1611648554,1611648566,30,8,13
mDiffFit,ID0000049,12001.000.000,192.168.1.163,1611646357,1611646426,1611646459,1611646463,1611646463,1611646464,1611646469,69,37,6
mDiffFit,ID0000236,12099.000.000,192.168.1.163,1611647289,1611647350,1611647351,1611647354,1611647354,1611647355,1611647359,61,4,5
mDiffFit,ID0000274,12202.000.000,192.168.1.163,1611648501,1611648528,1611648530,1611648541,1611648541,1611648544,1611648553,27,13,12
clean_up_local_level,2_7,12350.000.000,192.168.1.4,1611649358,1611649360,1611649375,1611649379,1611649379,1611649379,1611649390,2,19,11
mDiffFit,ID0000240,11961.000.000,192.168.1.161,1611645675,1611645712,1611645713,1611645717,1611645717,1611645717,1611645722,37,5,5
mAdd,ID0000156,12399.000.000,192.168.1.161,1611649665,1611649715,1611649738,1611649743,1611649743,1611649743,1611649748,50,28,5
mProject,ID0000326,11893.000.000,192.168.1.163,1611643551,1611644759,1611646321,1611646325,1611646325,1611646327,1611646337,1208,1566,12
mDiffFit,ID0000387,12170.000.000,192.168.1.164,1611648332,1611648365,1611648373,1611648374,1611648374,1611648378,1611648391,33,9,17
mDiffFit,ID0000209,12109.000.000,192.168.1.163,1611647673,1611647733,1611647736,1611647739,1611647739,1611647740,1611647745,60,6,6
mDiffFit,ID0000079,12225.000.000,192.168.1.163,1611648634,1611648650,1611648652,1611648654,1611648654,1611648654,1611648675,16,4,21
mDiffFit,ID0000443,12123.000.000,192.168.1.161,1611648039,1611648086,1611648099,1611648100,1611648100,1611648101,1611648113,47,14,13
mDiffFit,ID0000017,12297.000.000,192.168.1.163,1611649023,1611649093,1611649146,1611649160,1611649160,1611649160,1611649171,70,67,11
mDiffFit,ID0000247,12045.000.000,192.168.1.161,1611646843,1611646908,1611646911,1611646911,1611646911,1611646912,1611646923,65,3,12
mDiffFit,ID0000174,12160.000.000,192.168.1.164,1611648286,1611648302,1611648316,1611648324,1611648324,1611648325,1611648336,16,22,12
mDiffFit,ID0000069,12074.000.000,192.168.1.163,1611647091,1611647110,1611647111,1611647112,1611647112,1611647112,1611647117,19,2,5
mConcatFit,ID0000294,12221.000.000,192.168.1.161,1611648602,1611648614,1611648619,1611648623,1611648623,1611648626,1611648635,12,9,12
mDiffFit,ID0000228,12093.000.000,192.168.1.163,1611647278,1611647314,1611647328,1611647332,1611647332,1611647332,1611647337,36,18,5
mBackground,ID0000148,12372.000.000,192.168.1.163,1611649482,1611649529,1611649612,1611649613,1611649613,1611649613,1611649620,47,84,7
clean_up_local_level,9_3,12043.000.000,192.168.1.4,1611646841,1611646842,1611646850,1611646863,1611646863,1611646864,1611646877,1,21,14
mDiffFit,ID0000200,12166.000.000,192.168.1.164,1611648319,1611648331,1611648337,1611648350,1611648350,1611648351,1611648362,12,19,12
mProject,ID0000160,11887.000.000,192.168.1.162,1611643500,1611643520,1611644697,1611644701,1611644701,1611644701,1611644706,20,1181,5
mProject,ID0000009,11904.000.000,192.168.1.164,1611643564,1611645337,1611647085,1611647091,1611647091,1611647091,1611647098,1773,1754,7
mDiffFit,ID0000339,12270.000.000,192.168.1.161,1611648887,1611648902,1611648907,1611648908,1611648908,1611648909,1611648921,15,6,13
mDiffFit,ID0000281,11968.000.000,192.168.1.164,1611646164,1611646219,1611646227,1611646229,1611646229,1611646230,1611646235,55,10,6
mDiffFit,ID0000208,11985.000.000,192.168.1.162,1611646296,1611646339,1611646343,1611646350,1611646350,1611646351,1611646362,43,11,12
mDiffFit,ID0000046,12075.000.000,192.168.1.163,1611647091,1611647120,1611647131,1611647132,1611647132,1611647132,1611647137,29,12,5
mProject,ID0000173,11875.000.000,192.168.1.161,1611643454,1611643474,1611644542,1611644544,1611644544,1611644544,1611644549,20,1070,5
mBackground,ID0000151,12380.000.000,192.168.1.162,1611649516,1611649543,1611649602,1611649605,1611649605,1611649608,1611649613,27,62,8
mDiffFit,ID0000185,11930.000.000,192.168.1.163,1611644635,1611644733,1611644734,1611644738,1611644738,1611644739,1611644744,98,5,6
mDiffFit,ID0000337,12133.000.000,192.168.1.163,1611648096,1611648163,1611648173,1611648176,1611648176,1611648180,1611648189,67,13,13
mBackground,ID0000310,12242.000.000,192.168.1.163,1611648698,1611648727,1611648770,1611648783,1611648783,1611648784,1611648799,29,56,16
mDiffFit,ID0000347,11995.000.000,192.168.1.164,1611646331,1611646389,1611646400,1611646410,1611646410,1611646412,1611646423,58,21,13
mDiffFit,ID0000194,12165.000.000,192.168.1.161,1611648310,1611648326,1611648330,1611648336,1611648336,1611648338,1611648350,16,10,14
mDiffFit,ID0000198,12204.000.000,192.168.1.164,1611648512,1611648528,1611648529,1611648541,1611648541,1611648542,1611648553,16,13,12
mDiffFit,ID0000134,12189.000.000,192.168.1.161,1611648428,1611648444,1611648457,1611648461,1611648461,1611648464,1611648475,16,17,14
register_local,0_0,12016.000.000,192.168.1.4,1611646419,1611646423,1611646431,1611646434,1611646434,1611646436,1611646441,4,11,7
mDiffFit,ID0000350,12026.000.000,192.168.1.161,1611646725,1611646777,1611646785,1611646789,1611646789,1611646789,1611646794,52,12,5
mProject,ID0000005,11910.000.000,192.168.1.164,1611643571,1611646493,1611648250,1611648255,1611648255,1611648257,1611648267,2922,1762,12
mDiffFit,ID0000045,12338.000.000,192.168.1.164,1611649262,1611649305,1611649311,1611649322,1611649322,1611649323,1611649339,43,17,17
mDiffFit,ID0000403,11979.000.000,192.168.1.164,1611646208,1611646294,1611646302,1611646313,1611646313,1611646314,1611646325,86,19,12
mDiffFit,ID0000227,11972.000.000,192.168.1.164,1611646197,1611646247,1611646248,1611646251,1611646251,1611646253,1611646257,50,4,6
mDiffFit,ID0000125,12282.000.000,192.168.1.161,1611648946,1611648965,1611648982,1611648989,1611648989,1611648990,1611649002,19,24,13
mDiffFit,ID0000355,12011.000.000,192.168.1.162,1611646394,1611646472,1611646483,1611646487,1611646487,1611646489,1611646493,78,15,6
mProject,ID0000010,11877.000.000,192.168.1.163,1611643455,1611643475,1611645259,1611645260,1611645260,1611645260,1611645265,20,1785,5
mDiffFit,ID0000381,12034.000.000,192.168.1.161,1611646801,1611646835,1611646838,1611646850,1611646850,1611646851,1611646863,34,15,13
register_local,19_1,12415.000.000,192.168.1.4,1611649831,1611649832,1611649834,1611649837,1611649837,1611649837,1611649842,1,5,5
register_local,29_1,12339.000.000,192.168.1.4,1611649271,1611649275,1611649284,1611649297,1611649297,1611649298,1611649310,4,22,13
mDiffFit,ID0000224,11975.000.000,192.168.1.164,1611646203,1611646262,1611646264,1611646268,1611646268,1611646269,1611646274,59,6,6
mBackground,ID0000153,12370.000.000,192.168.1.163,1611649481,1611649533,1611649612,1611649613,1611649613,1611649614,1611649620,52,80,7
register_local,17_1,12411.000.000,192.168.1.4,1611649788,1611649788,1611649791,1611649793,1611649793,1611649794,1611649799,0,5,6
mDiffFit,ID0000440,11949.000.000,192.168.1.162,1611645153,1611645173,1611645179,1611645184,1611645184,1611645184,1611645189,20,11,5
register_local,16_1,12404.000.000,192.168.1.4,1611649732,1611649733,1611649739,1611649743,1611649743,1611649743,1611649748,1,10,5
mDiffFit,ID0000338,11942.000.000,192.168.1.164,1611645111,1611645140,1611645142,1611645146,1611645146,1611645147,1611645153,29,6,7
mDiffFit,ID0000213,11963.000.000,192.168.1.164,1611646158,1611646189,1611646191,1611646198,1611646198,1611646198,1611646208,31,9,10
mDiffFit,ID0000102,12030.000.000,192.168.1.163,1611646741,1611646815,1611646819,1611646830,1611646830,1611646831,1611646836,74,15,6
mDiffFit,ID0000215,11932.000.000,192.168.1.163,1611644711,1611644744,1611644745,1611644750,1611644750,1611644750,1611644755,33,6,5
mDiffFit,ID0000070,12349.000.000,192.168.1.161,1611649348,1611649369,1611649370,1611649373,1611649373,1611649375,1611649379,21,4,6
mBackground,ID0000302,12247.000.000,192.168.1.164,1611648728,1611648743,1611648798,1611648799,1611648799,1611648802,1611648812,15,56,13
stage_in_remote_local,2_1,11869.000.000,192.168.1.4,1611643199,1611643204,1611643206,1611643211,1611643211,1611643212,1611643217,5,7,6
clean_up_local_level,0_10,12417.000.000,192.168.1.4,1611649848,1611649848,1611649863,1611649864,1611649864,1611649864,1611649870,0,16,6
mDiffFit,ID0000124,12284.000.000,192.168.1.161,1611648961,1611648995,1611649016,1611649031,1611649031,1611649033,1611649046,34,36,15
clean_up_local_level,2_3,12278.000.000,192.168.1.4,1611648929,1611648934,1611648948,1611648954,1611648954,1611648957,1611648966,5,20,12
mDiffFit,ID0000040,12305.000.000,192.168.1.161,1611649069,1611649101,1611649112,1611649114,1611649114,1611649116,1611649127,32,13,13
mDiffFit,ID0000361,12173.000.000,192.168.1.164,1611648343,1611648370,1611648377,1611648391,1611648391,1611648393,1611648406,27,21,15
mDiffFit,ID0000038,12298.000.000,192.168.1.163,1611649026,1611649093,1611649104,1611649113,1611649113,1611649115,1611649127,67,20,14
mDiffFit,ID0000205,11931.000.000,192.168.1.162,1611644711,1611644737,1611644745,1611644750,1611644750,1611644750,1611644755,26,13,5
mDiffFit,ID0000110,12285.000.000,192.168.1.163,1611648963,1611649016,1611649022,1611649031,1611649031,1611649034,1611649046,53,15,15
clean_up_local_level,3_7,12387.000.000,192.168.1.4,1611649604,1611649607,1611649619,1611649620,1611649620,1611649620,1611649626,3,13,6
mDiffFit,ID0000127,12067.000.000,192.168.1.162,1611646957,1611647018,1611647021,1611647027,1611647027,1611647029,1611647033,61,9,6
stage_in_remote_local,1_4,11866.000.000,192.168.1.4,1611643199,1611643204,1611643207,1611643212,1611643212,1611643212,1611643217,5,8,5
mDiffFit,ID0000353,12277.000.000,192.168.1.163,1611648919,1611648941,1611648945,1611648954,1611648954,1611648956,1611648966,22,13,12
mBackground,ID0000154,12367.000.000,192.168.1.161,1611649472,1611649501,1611649562,1611649566,1611649566,1611649567,1611649572,29,65,6
mDiffFit,ID0000047,12236.000.000,192.168.1.163,1611648660,1611648720,1611648731,1611648743,1611648743,1611648746,1611648756,60,23,13
mDiffFit,ID0000091,12332.000.000,192.168.1.161,1611649221,1611649265,1611649276,1611649282,1611649282,1611649286,1611649297,44,17,15
mDiffFit,ID0000390,12176.000.000,192.168.1.162,1611648357,1611648393,1611648396,1611648406,1611648406,1611648408,1611648419,36,13,13
stage_in_remote_local,0_3,11862.000.000,192.168.1.4,1611643188,1611643191,1611643196,1611643200,1611643200,1611643200,1611643206,3,9,6
mDiffFit,ID0000131,12194.000.000,192.168.1.164,1611648456,1611648475,1611648486,1611648489,1611648489,1611648490,1611648502,19,14,13
register_local,2_0,12425.000.000,192.168.1.4,1611649907,1611649907,1611649909,1611649912,1611649912,1611649912,1611649917,0,5,5
mProject,ID0000006,11911.000.000,192.168.1.162,1611643586,1611646495,1611648242,1611648244,1611648244,1611648246,1611648255,2909,1749,11
mDiffFit,ID0000406,12138.000.000,192.168.1.164,1611648121,1611648204,1611648239,1611648244,1611648244,1611648246,1611648255,83,40,11
mDiffFit,ID0000119,12186.000.000,192.168.1.164,1611648415,1611648433,1611648447,1611648461,1611648461,1611648463,1611648475,18,28,14
mDiffFit,ID0000362,12061.000.000,192.168.1.164,1611646919,1611646989,1611647003,1611647004,1611647004,1611647004,1611647009,70,15,5
mDiffFit,ID0000257,12142.000.000,192.168.1.161,1611648161,1611648215,1611648219,1611648228,1611648228,1611648229,1611648244,54,13,16
mDiffFit,ID0000105,12066.000.000,192.168.1.161,1611646948,1611647003,1611647007,1611647009,1611647009,1611647010,1611647015,55,6,6
register_local,34_1,12188.000.000,192.168.1.4,1611648427,1611648432,1611648438,1611648446,1611648446,1611648448,1611648461,5,14,15
mDiffFit,ID0000447,12038.000.000,192.168.1.163,1611646814,1611646872,1611646879,1611646886,1611646886,1611646886,1611646899,58,14,13
mDiffFit,ID0000078,12238.000.000,192.168.1.164,1611648664,1611648702,1611648716,1611648731,1611648731,1611648733,1611648743,38,29,12
clean_up_local_level,6_3,12255.000.000,192.168.1.4,1611648779,1611648789,1611648805,1611648812,1611648812,1611648814,1611648828,10,23,16
mDiffFit,ID0000334,12177.000.000,192.168.1.162,1611648360,1611648393,1611648409,1611648419,1611648419,1611648422,1611648433,33,26,14
mDiffFit,ID0000280,11924.000.000,192.168.1.163,1611644628,1611644671,1611644672,1611644675,1611644675,1611644675,1611644680,43,4,5
mDiffFit,ID0000427,11937.000.000,192.168.1.164,1611645067,1611645073,1611645079,1611645083,1611645083,1611645083,1611645088,6,10,5
mDiffFit,ID0000059,12239.000.000,192.168.1.161,1611648683,1611648706,1611648720,1611648731,1611648731,1611648734,1611648743,23,25,12
mDiffFit,ID0000239,12141.000.000,192.168.1.163,1611648158,1611648220,1611648267,1611648280,1611648280,1611648280,1611648296,62,60,16
mDiffFit,ID0000061,12080.000.000,192.168.1.163,1611647098,1611647186,1611647193,1611647195,1611647195,1611647195,1611647200,88,9,5
mDiffFit,ID0000071,12233.000.000,192.168.1.161,1611648653,1611648675,1611648708,1611648716,1611648716,1611648718,1611648731,22,41,15
mDiffFit,ID0000183,11929.000.000,192.168.1.162,1611644634,1611644723,1611644724,1611644728,1611644728,1611644728,1611644733,89,5,5
mDiffFit,ID0000053,12290.000.000,192.168.1.161,1611648984,1611649006,1611649015,1611649031,1611649031,1611649033,1611649046,22,25,15
clean_up_local_level,4_3,12081.000.000,192.168.1.4,1611647104,1611647106,1611647117,1611647117,1611647117,1611647117,1611647122,2,11,5
mViewer,ID0000157,12408.000.000,192.168.1.161,1611649754,1611649758,1611649785,1611649788,1611649788,1611649788,1611649793,4,30,5
register_local,1_1,12178.000.000,192.168.1.4,1611648368,1611648374,1611648382,1611648391,1611648391,1611648394,1611648406,6,17,15
mDiffFit,ID0000039,12296.000.000,192.168.1.161,1611649014,1611649051,1611649062,1611649072,1611649072,1611649073,1611649084,37,21,12
mDiffFit,ID0000290,11925.000.000,192.168.1.163,1611644628,1611644681,1611644683,1611644686,1611644686,1611644686,1611644691,53,5,5
mDiffFit,ID0000216,12100.000.000,192.168.1.161,1611647289,1611647357,1611647360,1611647365,1611647365,1611647365,1611647370,68,8,5
register_local,1_4,12397.000.000,192.168.1.4,1611649654,1611649659,1611649661,1611649665,1611649665,1611649666,1611649671,5,6,6
register_local,3_1,12182.000.000,192.168.1.4,1611648398,1611648401,1611648408,1611648419,1611648419,1611648421,1611648433,3,18,14
mProject,ID0000170,11886.000.000,192.168.1.162,1611643499,1611643520,1611644614,1611644617,1611644617,1611644617,1611644622,21,1097,5
mDiffFit,ID0000193,12162.000.000,192.168.1.163,1611648294,1611648313,1611648329,1611648336,1611648336,1611648338,1611648350,19,23,14
mDiffFit,ID0000384,11950.000.000,192.168.1.164,1611645153,1611645175,1611645177,1611645179,1611645179,1611645179,1611645184,22,4,5
mDiffFit,ID0000187,12047.000.000,192.168.1.162,1611646848,1611646910,1611646912,1611646923,1611646923,1611646925,1611646936,62,13,13
stage_in_remote_local,0_4,11861.000.000,192.168.1.4,1611643188,1611643191,1611643193,1611643194,1611643194,1611643195,1611643200,3,3,6
register_local,0_5,12400.000.000,192.168.1.4,1611649671,1611649674,1611649680,1611649682,1611649682,1611649683,1611649689,3,8,7
mDiffFit,ID0000214,12049.000.000,192.168.1.161,1611646858,1611646933,1611646938,1611646950,1611646950,1611646952,1611646962,75,17,12
mDiffFit,ID0000400,11981.000.000,192.168.1.164,1611646214,1611646302,1611646322,1611646325,1611646325,1611646328,1611646337,88,23,12
mDiffFit,ID0000195,12168.000.000,192.168.1.163,1611648323,1611648356,1611648364,1611648374,1611648374,1611648376,1611648391,33,18,17
mBackground,ID0000307,12251.000.000,192.168.1.163,1611648755,1611648799,1611648832,1611648840,1611648840,1611648842,1611648855,44,41,15
mDiffFit,ID0000107,12028.000.000,192.168.1.162,1611646740,1611646796,1611646797,1611646805,1611646805,1611646805,1611646816,56,9,11
mDiffFit,ID0000348,12183.000.000,192.168.1.161,1611648403,1611648414,1611648423,1611648433,1611648433,1611648435,1611648446,11,19,13
mDiffFit,ID0000420,12128.000.000,192.168.1.161,1611648073,1611648123,1611648127,1611648129,1611648129,1611648131,1611648135,50,6,6
mDiffFit,ID0000344,12120.000.000,192.168.1.161,1611648036,1611648064,1611648066,1611648075,1611648075,1611648077,1611648089,28,11,14
mDiffFit,ID0000285,12208.000.000,192.168.1.163,1611648524,1611648562,1611648568,1611648579,1611648579,1611648582,1611648592,38,17,13
mDiffFit,ID0000376,12129.000.000,192.168.1.164,1611648083,1611648120,1611648130,1611648135,1611648135,1611648136,1611648151,37,15,16
mBackground,ID0000454,12327.000.000,192.168.1.162,1611649189,1611649233,1611649327,1611649339,1611649339,1611649341,1611649350,44,106,11
mImgtbl,ID0000155,12394.000.000,192.168.1.162,1611649626,1611649648,1611649650,1611649654,1611649654,1611649654,1611649659,22,6,5
mDiffFit,ID0000269,11987.000.000,192.168.1.164,1611646299,1611646341,1611646362,1611646375,1611646375,1611646375,1611646386,42,34,11
mDiffFit,ID0000083,12219.000.000,192.168.1.162,1611648590,1611648610,1611648614,1611648623,1611648623,1611648624,1611648635,20,13,12
register_local,30_1,12363.000.000,192.168.1.4,1611649456,1611649458,1611649465,1611649476,1611649476,1611649476,1611649483,2,18,7
mDiffFit,ID0000035,12299.000.000,192.168.1.161,1611649029,1611649066,1611649112,1611649113,1611649113,1611649115,1611649127,37,47,14
clean_up_local_level,5_3,12139.000.000,192.168.1.4,1611648142,1611648147,1611648161,1611648163,1611648163,1611648164,1611648176,5,16,13
mDiffFit,ID0000273,12106.000.000,192.168.1.163,1611647667,1611647711,1611647727,1611647733,1611647733,1611647734,1611647739,44,22,6
mProject,ID0000016,11919.000.000,192.168.1.163,1611643593,1611647037,1611648905,1611648908,1611648908,1611648909,1611648921,3444,1871,13
mBackground,ID0000152,12378.000.000,192.168.1.164,1611649504,1611649550,1611649600,1611649605,1611649605,1611649607,1611649613,46,55,8
mDiffFit,ID0000270,11992.000.000,192.168.1.162,1611646323,1611646368,1611646388,1611646397,1611646397,1611646398,1611646410,45,29,13
stage_in_remote_local,0_1,11855.000.000,192.168.1.4,1611643182,1611643187,1611643190,1611643194,1611643194,1611643194,1611643200,5,7,6
mDiffFit,ID0000050,12032.000.000,192.168.1.162,1611646750,1611646829,1611646840,1611646850,1611646850,1611646851,1611646863,79,21,13
mBackground,ID0000147,12373.000.000,192.168.1.163,1611649482,1611649532,1611649612,1611649613,1611649613,1611649613,1611649620,50,81,7
mDiffFit,ID0000396,12025.000.000,192.168.1.162,1611646724,1611646777,1611646788,1611646789,1611646789,1611646790,1611646794,53,12,5
mDiffFit,ID0000332,12059.000.000,192.168.1.162,1611646911,1611646971,1611646973,1611646977,1611646977,1611646979,1611646982,60,6,5
mBackground,ID0000304,12256.000.000,192.168.1.161,1611648791,1611648807,1611648838,1611648840,1611648840,1611648844,1611648855,16,33,15
mDiffFit,ID0000217,11971.000.000,192.168.1.163,1611646197,1611646245,1611646247,1611646251,1611646251,1611646252,1611646257,48,6,6
mDiffFit,ID0000409,12018.000.000,192.168.1.162,1611646714,1611646723,1611646734,1611646742,1611646742,1611646742,1611646751,9,19,9
mDiffFit,ID0000033,12312.000.000,192.168.1.161,1611649111,1611649145,1611649160,1611649171,1611649171,1611649172,1611649184,34,26,13
mDiffFit,ID0000099,11955.000.000,192.168.1.162,1611645310,1611645321,1611645323,1611645328,1611645328,1611645329,1611645333,11,7,5
mProject,ID0000007,11885.000.000,192.168.1.162,1611643499,1611643520,1611645294,1611645298,1611645298,1611645299,1611645304,21,1778,6
mProject,ID0000327,11902.000.000,192.168.1.163,1611643563,1611645284,1611646786,1611646789,1611646789,1611646789,1611646794,1721,1505,5
mDiffFit,ID0000084,12215.000.000,192.168.1.161,1611648563,1611648590,1611648607,1611648608,1611648608,1611648612,1611648623,27,18,15
clean_up_local_level,0_3,12279.000.000,192.168.1.4,1611648942,1611648949,1611648966,1611648977,1611648977,1611648978,1611648989,7,28,12
mDiffFit,ID0000252,12145.000.000,192.168.1.162,1611648188,1611648227,1611648256,1611648267,1611648267,1611648268,1611648280,39,40,13
mDiffFit,ID0000373,12171.000.000,192.168.1.161,1611648333,1611648364,1611648372,1611648374,1611648374,1611648377,1611648391,31,10,17
mDiffFit,ID0000242,12105.000.000,192.168.1.161,1611647667,1611647700,1611647711,1611647715,1611647715,1611647716,1611647721,33,15,6
mDiffFit,ID0000243,11922.000.000,192.168.1.163,1611644622,1611644636,1611644645,1611644650,1611644650,1611644650,1611644655,14,14,5
mDiffFit,ID0000448,12115.000.000,192.168.1.163,1611648027,1611648038,1611648045,1611648050,1611648050,1611648051,1611648057,11,12,7
mDiffFit,ID0000366,12267.000.000,192.168.1.163,1611648867,1611648894,1611648904,1611648908,1611648908,1611648909,1611648921,27,14,13
mDiffFit,ID0000176,11977.000.000,192.168.1.163,1611646207,1611646282,1611646286,1611646287,1611646287,1611646288,1611646302,75,5,15
mDiffFit,ID0000432,12266.000.000,192.168.1.161,1611648862,1611648878,1611648892,1611648908,1611648908,1611648908,1611648921,16,30,13
mDiffFit,ID0000233,12094.000.000,192.168.1.161,1611647278,1611647312,1611647314,1611647316,1611647316,1611647316,1611647321,34,4,5
mDiffFit,ID0000042,12311.000.000,192.168.1.163,1611649107,1611649157,1611649163,1611649171,1611649171,1611649173,1611649184,50,14,13
mDiffFit,ID0000234,12197.000.000,192.168.1.163,1611648473,1611648489,1611648492,1611648502,1611648502,1611648503,1611648516,16,13,14
mDiffFit,ID0000114,12084.000.000,192.168.1.163,1611647105,1611647233,1611647234,1611647236,1611647236,1611647236,1611647241,128,3,5
mDiffFit,ID0000333,11943.000.000,192.168.1.164,1611645111,1611645140,1611645142,1611645146,1611645146,1611645146,1611645153,29,6,7
mBackground,ID0000149,12371.000.000,192.168.1.163,1611649481,1611649527,1611649603,1611649605,1611649605,1611649609,1611649613,46,78,8
mDiffFit,ID0000438,11939.000.000,192.168.1.164,1611645110,1611645120,1611645128,1611645129,1611645129,1611645129,1611645134,10,9,5
mProject,ID0000012,11890.000.000,192.168.1.161,1611643505,1611644600,1611646350,1611646362,1611646362,1611646363,1611646375,1095,1762,13
stage_in_local_local,3_0,11870.000.000,192.168.1.4,1611643205,1611643208,1611643539,1611643541,1611643541,1611643541,1611643546,3,333,5
mDiffFit,ID0000212,11933.000.000,192.168.1.162,1611644711,1611644751,1611644752,1611644755,1611644755,1611644755,1611644760,40,4,5
mDiffFit,ID0000341,12009.000.000,192.168.1.162,1611646393,1611646462,1611646466,1611646469,1611646469,1611646470,1611646474,69,7,5
mDiffFit,ID0000210,11934.000.000,192.168.1.163,1611644712,1611644755,1611644757,1611644760,1611644760,1611644760,1611644765,43,5,5
mDiffFit,ID0000196,12161.000.000,192.168.1.161,1611648289,1611648305,1611648309,1611648312,1611648312,1611648315,1611648324,16,7,12
mDiffFit,ID0000191,12155.000.000,192.168.1.162,1611648253,1611648275,1611648293,1611648296,1611648296,1611648299,1611648312,22,21,16
register_local,25_1,12353.000.000,192.168.1.4,1611649379,1611649386,1611649393,1611649398,1611649398,1611649399,1611649405,7,12,7
mDiffFit,ID0000378,12263.000.000,192.168.1.161,1611648840,1611648857,1611648862,1611648869,1611648869,1611648869,1611648880,17,12,11
mDiffFit,ID0000057,12002.000.000,192.168.1.164,1611646360,1611646425,1611646433,1611646434,1611646434,1611646437,1611646441,65,9,7
register_local,24_1,12351.000.000,192.168.1.4,1611649361,1611649368,1611649371,1611649373,1611649373,1611649375,1611649379,7,5,6
mDiffFit,ID0000085,12214.000.000,192.168.1.164,1611648551,1611648581,1611648598,1611648608,1611648608,1611648610,1611648623,30,27,15
mProject,ID0000321,11900.000.000,192.168.1.162,1611643558,1611645180,1611646704,1611646704,1611646704,1611646704,1611646709,1622,1524,5
mDiffFit,ID0000435,12271.000.000,192.168.1.163,1611648890,1611648907,1611648909,1611648921,1611648921,1611648923,1611648935,17,14,14
mImgtbl,ID0000312,12273.000.000,192.168.1.163,1611648906,1611648963,1611648967,1611648977,1611648977,1611648979,1611648989,57,14,12
mBackground,ID0000141,12377.000.000,192.168.1.164,1611649502,1611649548,1611649592,1611649594,1611649594,1611649596,1611649605,46,46,11
mDiffFit,ID0000113,12185.000.000,192.168.1.163,1611648414,1611648435,1611648448,1611648461,1611648461,1611648464,1611648475,21,26,14
mDiffFit,ID0000211,12206.000.000,192.168.1.161,1611648523,1611648553,1611648559,1611648566,1611648566,1611648567,1611648579,30,13,13
mDiffFit,ID0000184,12203.000.000,192.168.1.161,1611648509,1611648525,1611648529,1611648541,1611648541,1611648542,1611648553,16,16,12
mDiffFit,ID0000393,12174.000.000,192.168.1.163,1611648346,1611648399,1611648408,1611648419,1611648419,1611648421,1611648433,53,20,14
mDiffFit,ID0000101,12088.000.000,192.168.1.163,1611647111,1611647276,1611647278,1611647279,1611647279,1611647279,1611647289,165,3,10
mProject,ID0000002,11916.000.000,192.168.1.161,1611643592,1611647026,1611648748,1611648756,1611648756,1611648757,1611648768,3434,1730,12
register_local,2_1,12224.000.000,192.168.1.4,1611648630,1611648633,1611648636,1611648646,1611648646,1611648646,1611648654,3,13,8
mProject,ID0000322,11909.000.000,192.168.1.161,1611643570,1611646489,1611648056,1611648057,1611648057,1611648057,1611648062,2919,1568,5
mProject,ID0000316,11894.000.000,192.168.1.162,1611643551,1611644762,1611646290,1611646302,1611646302,1611646302,1611646313,1211,1540,11
mDiffFit,ID0000445,12033.000.000,192.168.1.163,1611646799,1611646838,1611646854,1611646863,1611646863,1611646865,1611646877,39,25,14
mDiffFit,ID0000067,12076.000.000,192.168.1.163,1611647091,1611647140,1611647141,1611647142,1611647142,1611647142,1611647147,49,2,5
mDiffFit,ID0000414,12020.000.000,192.168.1.161,1611646715,1611646743,1611646744,1611646751,1611646751,1611646752,1611646756,28,8,5
mDiffFit,ID0000261,12207.000.000,192.168.1.164,1611648523,1611648549,1611648565,1611648579,1611648579,1611648581,1611648592,26,30,13
mDiffFit,ID0000135,12337.000.000,192.168.1.161,1611649258,1611649310,1611649325,1611649339,1611649339,1611649340,1611649350,52,29,11
mDiffFit,ID0000232,12103.000.000,192.168.1.163,1611647666,1611647693,1611647704,1611647709,1611647709,1611647710,1611647715,27,16,6
mDiffFit,ID0000266,12113.000.000,192.168.1.163,1611647678,1611647749,1611647763,1611647766,1611647766,1611647766,1611647771,71,17,5
mProject,ID0000163,11876.000.000,192.168.1.161,1611643454,1611643474,1611644600,1611644604,1611644604,1611644605,1611644610,20,1130,6
clean_up_local_level,9_7,12389.000.000,192.168.1.4,1611649619,1611649619,1611649633,1611649636,1611649636,1611649637,1611649648,0,17,12
mDiffFit,ID0000244,12198.000.000,192.168.1.161,1611648482,1611648497,1611648504,1611648516,1611648516,1611648517,1611648528,15,19,12
clean_up_local_level,8_7,12272.000.000,192.168.1.4,1611648899,1611648903,1611648916,1611648921,1611648921,1611648924,1611648935,4,18,14
mDiffFit,ID0000267,11988.000.000,192.168.1.162,1611646308,1611646364,1611646372,1611646375,1611646375,1611646376,1611646386,56,11,11
