Job,ID,DagmanID,Node IP,SUBMIT,EXECUTE,JOB_TERMINATED,JOB_SUCCESS,POST_SCRIPT_STARTED,POST_SCRIPT_TERMINATED,POST_SCRIPT_SUCCESS,wait_time,exec_time,ps_time
stage_in_remote_local,0_5,15878.000.000,192.168.1.4,1611716025,1611716027,1611716032,1611716037,1611716037,1611716038,1611716042,2,10,5
mDiffFit,ID0000232,16256.000.000,192.168.1.161,1611719252,1611719272,1611719288,1611719290,1611719290,1611719291,1611719302,20,18,12
mDiffFit,ID0000193,15980.000.000,192.168.1.169,1611717645,1611717665,1611717680,1611717693,1611717693,1611717694,1611717706,20,28,13
mProject,ID0000326,15911.000.000,192.168.1.163,1611716316,1611716335,1611717989,1611717996,1611717996,1611717999,1611718011,19,1661,15
clean_up_local_level,2_7,16359.000.000,192.168.1.4,1611719803,1611719805,1611719819,1611719824,1611719824,1611719827,1611719835,2,19,11
mDiffFit,ID0000037,16244.000.000,192.168.1.161,1611719198,1611719214,1611719220,1611719230,1611719230,1611719231,1611719242,16,16,12
clean_up_local_level,1_3,16069.000.000,192.168.1.4,1611718199,1611718202,1611718217,1611718223,1611718223,1611718224,1611718235,3,21,12
mDiffFit,ID0000031,16233.000.000,192.168.1.165,1611719144,1611719156,1611719161,1611719165,1611719165,1611719167,1611719180,12,9,15
mDiffFit,ID0000419,16274.000.000,192.168.1.165,1611719338,1611719352,1611719355,1611719359,1611719359,1611719361,1611719374,14,7,15
mDiffFit,ID0000276,16270.000.000,192.168.1.161,1611719312,1611719331,1611719344,1611719359,1611719359,1611719360,1611719374,19,28,15
mDiffFit,ID0000363,16113.000.000,192.168.1.163,1611718474,1611718520,1611718560,1611718565,1611718565,1611718567,1611718581,46,45,16
mDiffFit,ID0000430,16091.000.000,192.168.1.170,1611718344,1611718387,1611718417,1611718425,1611718425,1611718426,1611718438,43,38,13
mDiffFit,ID0000022,16204.000.000,192.168.1.164,1611718995,1611719012,1611719016,1611719025,1611719025,1611719026,1611719037,17,13,12
mDiffFit,ID0000046,16195.000.000,192.168.1.168,1611718944,1611718964,1611718984,1611718987,1611718987,1611718989,1611718999,20,23,12
mDiffFit,ID0000112,16182.000.000,192.168.1.168,1611718870,1611718887,1611718909,1611718911,1611718911,1611718913,1611718923,17,24,12
mProject,ID0000003,15929.000.000,192.168.1.167,1611716346,1611716357,1611718107,1611718125,1611718125,1611718126,1611718140,11,1768,15
mDiffFit,ID0000118,16161.000.000,192.168.1.164,1611718753,1611718781,1611718793,1611718803,1611718803,1611718805,1611718817,28,22,14
mProject,ID0000330,15925.000.000,192.168.1.170,1611716345,1611716357,1611717953,1611717958,1611717958,1611717960,1611717970,12,1601,12
mDiffFit,ID0000055,16169.000.000,192.168.1.161,1611718798,1611718818,1611718821,1611718829,1611718829,1611718831,1611718845,20,11,16
mDiffFit,ID0000200,15982.000.000,192.168.1.170,1611717658,1611717678,1611717682,1611717693,1611717693,1611717695,1611717706,20,15,13
mDiffFit,ID0000386,16127.000.000,192.168.1.165,1611718555,1611718594,1611718601,1611718607,1611718607,1611718611,1611718621,39,13,14
register_local,0_7,16437.000.000,192.168.1.4,1611720374,1611720375,1611720377,1611720380,1611720380,1611720380,1611720385,1,5,5
mDiffFit,ID0000264,16021.000.000,192.168.1.165,1611717883,1611717960,1611717990,1611717996,1611717996,1611717999,1611718011,77,36,15
mBackground,ID0000146,16391.000.000,192.168.1.161,1611719986,1611720016,1611720100,1611720107,1611720107,1611720109,1611720118,30,91,11
mBackground,ID0000311,16318.000.000,192.168.1.168,1611719524,1611719546,1611719628,1611719641,1611719641,1611719643,1611719653,22,95,12
mDiffFit,ID0000077,16362.000.000,192.168.1.171,1611719815,1611719831,1611719835,1611719846,1611719846,1611719847,1611719852,16,15,6
mDiffFit,ID0000222,15973.000.000,192.168.1.166,1611717600,1611717626,1611717629,1611717635,1611717635,1611717639,1611717652,26,9,17
mDiffFit,ID0000020,16352.000.000,192.168.1.165,1611719749,1611719793,1611719815,1611719823,1611719823,1611719826,1611719835,44,30,12
mDiffFit,ID0000100,16234.000.000,192.168.1.161,1611719144,1611719169,1611719177,1611719180,1611719180,1611719181,1611719192,25,11,12
mConcatFit,ID0000294,16286.000.000,192.168.1.165,1611719397,1611719406,1611719418,1611719427,1611719427,1611719428,1611719439,9,21,12
mDiffFit,ID0000092,16239.000.000,192.168.1.165,1611719171,1611719185,1611719196,1611719205,1611719205,1611719207,1611719217,14,20,12
mDiffFit,ID0000266,16272.000.000,192.168.1.168,1611719325,1611719344,1611719359,1611719374,1611719374,1611719374,1611719388,19,30,14
mDiffFit,ID0000444,16145.000.000,192.168.1.166,1611718665,1611718688,1611718713,1611718727,1611718727,1611718728,1611718741,23,39,14
mDiffFit,ID0000433,16087.000.000,192.168.1.161,1611718319,1611718384,1611718418,1611718425,1611718425,1611718427,1611718438,65,41,13
mDiffFit,ID0000068,16328.000.000,192.168.1.165,1611719578,1611719623,1611719631,1611719641,1611719641,1611719644,1611719653,45,18,12
mProject,ID0000164,15904.000.000,192.168.1.171,1611716304,1611716319,1611717397,1611717402,1611717402,1611717403,1611717411,15,1083,9
mDiffFit,ID0000073,16364.000.000,192.168.1.165,1611719820,1611719846,1611719855,1611719859,1611719859,1611719861,1611719867,26,13,8
mDiffFit,ID0000272,15960.000.000,192.168.1.162,1611717538,1611717558,1611717562,1611717570,1611717570,1611717570,1611717582,20,12,12
register_local,10_1,16438.000.000,192.168.1.4,1611720385,1611720386,1611720388,1611720391,1611720391,1611720391,1611720396,1,5,5
mDiffFit,ID0000115,16226.000.000,192.168.1.165,1611719102,1611719135,1611719144,1611719150,1611719150,1611719153,1611719165,33,15,15
mDiffFit,ID0000033,16197.000.000,192.168.1.165,1611718954,1611718976,1611718986,1611718987,1611718987,1611718990,1611718999,22,11,12
mBackground,ID0000456,16341.000.000,192.168.1.165,1611719670,1611719686,1611719759,1611719781,1611719781,1611719782,1611719793,16,95,12
mDiffFit,ID0000366,16090.000.000,192.168.1.171,1611718336,1611718380,1611718387,1611718388,1611718388,1611718389,1611718401,44,8,13
mDiffFit,ID0000101,16248.000.000,192.168.1.161,1611719215,1611719227,1611719230,1611719242,1611719242,1611719243,1611719254,12,15,12
mDiffFit,ID0000234,16007.000.000,192.168.1.163,1611717790,1611717826,1611717830,1611717840,1611717840,1611717843,1611717853,36,14,13
clean_up_local_level,0_5,16377.000.000,192.168.1.4,1611719925,1611719925,1611719942,1611719943,1611719943,1611719944,1611719955,0,18,12
mDiffFit,ID0000107,16242.000.000,192.168.1.161,1611719189,1611719203,1611719207,1611719217,1611719217,1611719219,1611719230,14,14,13
mProject,ID0000322,15937.000.000,192.168.1.168,1611716360,1611717393,1611718908,1611718911,1611718911,1611718912,1611718923,1033,1518,12
mDiffFit,ID0000245,15953.000.000,192.168.1.165,1611717486,1611717524,1611717532,1611717545,1611717545,1611717546,1611717558,38,21,13
mDiffFit,ID0000364,16275.000.000,192.168.1.161,1611719351,1611719363,1611719375,1611719388,1611719388,1611719389,1611719400,12,25,12
mDiffFit,ID0000265,16020.000.000,192.168.1.170,1611717880,1611717943,1611717948,1611717958,1611717958,1611717959,1611717970,63,15,12
mBackground,ID0000149,16388.000.000,192.168.1.168,1611719975,1611719997,1611720095,1611720101,1611720101,1611720102,1611720107,22,104,6
register_local,0_2,16379.000.000,192.168.1.4,1611719932,1611719937,1611719943,1611719943,1611719943,1611719944,1611719955,5,6,12
mDiffFit,ID0000406,16291.000.000,192.168.1.168,1611719412,1611719432,1611719445,1611719452,1611719452,1611719452,1611719463,20,20,11
mDiffFit,ID0000235,16002.000.000,192.168.1.171,1611717768,1611717784,1611717789,1611717798,1611717798,1611717800,1611717812,16,14,14
mDiffFit,ID0000180,16018.000.000,192.168.1.169,1611717861,1611717933,1611717943,1611717958,1611717958,1611717959,1611717970,72,25,12
mDiffFit,ID0000181,15955.000.000,192.168.1.166,1611717502,1611717529,1611717534,1611717545,1611717545,1611717546,1611717558,27,16,13
mBackground,ID0000307,16320.000.000,192.168.1.161,1611719534,1611719576,1611719643,1611719653,1611719653,1611719657,1611719672,42,77,19
mProject,ID0000318,15892.000.000,192.168.1.165,1611716274,1611716276,1611717893,1611717904,1611717904,1611717905,1611717916,2,1628,12
mDiffFit,ID0000357,16133.000.000,192.168.1.166,1611718592,1611718624,1611718630,1611718633,1611718633,1611718636,1611718651,32,9,18
mBackground,ID0000301,16317.000.000,192.168.1.165,1611719523,1611719543,1611719594,1611719598,1611719598,1611719603,1611719613,20,55,15
register_local,4_0,16443.000.000,192.168.1.4,1611720427,1611720427,1611720429,1611720432,1611720432,1611720432,1611720437,0,5,5
register_local,1_0,16273.000.000,192.168.1.4,1611719335,1611719342,1611719348,1611719359,1611719359,1611719361,1611719374,7,17,15
stage_in_remote_local,1_4,15884.000.000,192.168.1.4,1611716036,1611716040,1611716043,1611716047,1611716047,1611716048,1611716053,4,7,6
mDiffFit,ID0000128,16304.000.000,192.168.1.168,1611719477,1611719517,1611719521,1611719528,1611719528,1611719529,1611719541,40,11,13
mDiffFit,ID0000097,16209.000.000,192.168.1.161,1611719019,1611719040,1611719047,1611719049,1611719049,1611719050,1611719062,21,9,13
mDiffFit,ID0000413,16109.000.000,192.168.1.171,1611718449,1611718480,1611718485,1611718491,1611718491,1611718493,1611718503,31,11,12
register_local,17_1,16247.000.000,192.168.1.4,1611719213,1611719220,1611719225,1611719230,1611719230,1611719232,1611719242,7,10,12
mDiffFit,ID0000133,16237.000.000,192.168.1.164,1611719158,1611719177,1611719180,1611719192,1611719192,1611719192,1611719205,19,15,13
mDiffFit,ID0000286,16010.000.000,192.168.1.166,1611717809,1611717850,1611717900,1611717904,1611717904,1611717906,1611717916,41,54,12
mDiffFit,ID0000072,16361.000.000,192.168.1.165,1611719814,1611719832,1611719836,1611719846,1611719846,1611719848,1611719852,18,14,6
mProject,ID0000002,15906.000.000,192.168.1.171,1611716309,1611716319,1611718140,1611718152,1611718152,1611718153,1611718166,10,1833,14
register_local,28_1,16376.000.000,192.168.1.4,1611719917,1611719921,1611719923,1611719926,1611719926,1611719926,1611719932,4,5,6
mDiffFit,ID0000356,16135.000.000,192.168.1.170,1611718605,1611718633,1611718638,1611718651,1611718651,1611718652,1611718666,28,18,15
mDiffFit,ID0000087,16216.000.000,192.168.1.161,1611719048,1611719081,1611719090,1611719090,1611719090,1611719093,1611719106,33,9,16
mDiffFit,ID0000216,16004.000.000,192.168.1.165,1611717769,1611717796,1611717802,1611717812,1611717812,1611717815,1611717826,27,16,14
mDiffFit,ID0000034,16357.000.000,192.168.1.168,1611719788,1611719808,1611719815,1611719823,1611719823,1611719825,1611719835,20,15,12
mDiffFit,ID0000204,16035.000.000,192.168.1.166,1611717977,1611718118,1611718132,1611718140,1611718140,1611718141,1611718152,141,22,12
mDiffFit,ID0000261,16026.000.000,192.168.1.163,1611717914,1611717987,1611718030,1611718043,1611718043,1611718044,1611718055,73,56,12
stage_in_local_local,2_0,15885.000.000,192.168.1.4,1611716037,1611716040,1611716307,1611716310,1611716310,1611716310,1611716321,3,270,11
mDiffFit,ID0000135,16302.000.000,192.168.1.168,1611719470,1611719488,1611719492,1611719502,1611719502,1611719503,1611719516,18,14,14
mBackground,ID0000454,16347.000.000,192.168.1.171,1611719712,1611719727,1611719780,1611719781,1611719781,1611719785,1611719793,15,54,12
mDiffFit,ID0000417,16283.000.000,192.168.1.165,1611719383,1611719403,1611719408,1611719413,1611719413,1611719416,1611719427,20,10,14
mBackground,ID0000306,16321.000.000,192.168.1.171,1611719536,1611719571,1611719667,1611719672,1611719672,1611719674,1611719684,35,101,12
register_local,0_3,16393.000.000,192.168.1.4,1611719998,1611720004,1611720013,1611720017,1611720017,1611720018,1611720027,6,13,10
mDiffFit,ID0000349,16128.000.000,192.168.1.163,1611718561,1611718596,1611718625,1611718633,1611718633,1611718635,1611718651,35,37,18
mDiffFit,ID0000091,16224.000.000,192.168.1.161,1611719101,1611719131,1611719140,1611719150,1611719150,1611719153,1611719165,30,19,15
mDiffFit,ID0000105,16252.000.000,192.168.1.161,1611719229,1611719251,1611719253,1611719254,1611719254,1611719256,1611719267,22,3,13
mProject,ID0000165,15926.000.000,192.168.1.170,1611716345,1611716357,1611717509,1611717518,1611717518,1611717521,1611717532,12,1161,14
mDiffFit,ID0000387,16281.000.000,192.168.1.165,1611719381,1611719396,1611719402,1611719413,1611719413,1611719414,1611719427,15,17,14
mDiffFit,ID0000206,16032.000.000,192.168.1.165,1611717954,1611718030,1611718087,1611718094,1611718094,1611718098,1611718107,76,64,13
mDiffFit,ID0000258,16031.000.000,192.168.1.170,1611717949,1611717997,1611718003,1611718011,1611718011,1611718012,1611718026,48,14,15
mViewer,ID0000157,16424.000.000,192.168.1.161,1611720262,1611720265,1611720291,1611720293,1611720293,1611720294,1611720299,3,28,6
register_local,12_1,16440.000.000,192.168.1.4,1611720396,1611720397,1611720398,1611720401,1611720401,1611720401,1611720406,1,4,5
mDiffFit,ID0000207,16042.000.000,192.168.1.169,1611718018,1611718144,1611718182,1611718192,1611718192,1611718195,1611718205,126,48,13
mDiffFit,ID0000283,15939.000.000,192.168.1.171,1611717402,1611717412,1611717423,1611717437,1611717437,1611717439,1611717451,10,25,14
mBackground,ID0000298,16312.000.000,192.168.1.165,1611719501,1611719520,1611719581,1611719583,1611719583,1611719584,1611719598,19,63,15
mDiffFit,ID0000335,16098.000.000,192.168.1.165,1611718382,1611718464,1611718535,1611718547,1611718547,1611718549,1611718565,82,83,18
clean_up_local_level,3_7,16407.000.000,192.168.1.4,1611720124,1611720125,1611720137,1611720144,1611720144,1611720144,1611720154,1,19,10
mDiffFit,ID0000274,16263.000.000,192.168.1.168,1611719275,1611719311,1611719328,1611719343,1611719343,1611719344,1611719359,36,32,16
mProject,ID0000160,15924.000.000,192.168.1.170,1611716338,1611716357,1611717513,1611717518,1611717518,1611717523,1611717532,19,1161,14
mDiffFit,ID0000057,16167.000.000,192.168.1.165,1611718785,1611718818,1611718823,1611718829,1611718829,1611718832,1611718845,33,11,16
mProject,ID0000170,15923.000.000,192.168.1.170,1611716336,1611716356,1611717396,1611717402,1611717402,1611717403,1611717411,20,1046,9
mDiffFit,ID0000440,16081.000.000,192.168.1.166,1611718282,1611718392,1611718416,1611718425,1611718425,1611718426,1611718438,110,33,13
mDiffFit,ID0000041,16218.000.000,192.168.1.164,1611719061,1611719084,1611719091,1611719106,1611719106,1611719107,1611719121,23,22,15
mDiffFit,ID0000282,15987.000.000,192.168.1.166,1611717685,1611717708,1611717730,1611717731,1611717731,1611717734,1611717744,23,23,13
mDiffFit,ID0000213,16043.000.000,192.168.1.164,1611718021,1611718109,1611718120,1611718125,1611718125,1611718128,1611718140,88,16,15
mDiffFit,ID0000123,16190.000.000,192.168.1.165,1611718921,1611718935,1611718938,1611718948,1611718948,1611718950,1611718960,14,13,12
mDiffFit,ID0000401,16144.000.000,192.168.1.165,1611718661,1611718685,1611718695,1611718698,1611718698,1611718701,1611718714,24,13,16
stage_out_local_local,0_7,16433.000.000,192.168.1.4,1611720347,1611720353,1611720357,1611720358,1611720358,1611720358,1611720363,6,5,5
mImgtbl,ID0000469,16365.000.000,192.168.1.165,1611719829,1611719882,1611719887,1611719894,1611719894,1611719896,1611719904,53,12,10
mDiffFit,ID0000099,16205.000.000,192.168.1.161,1611718998,1611719013,1611719019,1611719025,1611719025,1611719027,1611719037,15,12,12
mProject,ID0000315,15921.000.000,192.168.1.164,1611716334,1611716340,1611717923,1611717928,1611717928,1611717933,1611717943,6,1588,15
mDiffFit,ID0000225,15971.000.000,192.168.1.169,1611717591,1611717621,1611717626,1611717635,1611717635,1611717637,1611717652,30,14,17
register_local,5_1,16441.000.000,192.168.1.4,1611720406,1611720407,1611720409,1611720411,1611720411,1611720412,1611720416,1,4,5
mProject,ID0000319,15903.000.000,192.168.1.171,1611716304,1611716318,1611717983,1611717996,1611717996,1611717997,1611718011,14,1678,15
mDiffFit,ID0000076,16356.000.000,192.168.1.161,1611719774,1611719797,1611719801,1611719808,1611719808,1611719810,1611719823,23,11,15
mBackground,ID0000463,16335.000.000,192.168.1.165,1611719632,1611719650,1611719696,1611719700,1611719700,1611719702,1611719716,18,50,16
mDiffFit,ID0000026,16185.000.000,192.168.1.161,1611718893,1611718912,1611718917,1611718923,1611718923,1611718923,1611718935,19,11,12
mBackground,ID0000143,16385.000.000,192.168.1.168,1611719963,1611719997,1611720098,1611720101,1611720101,1611720103,1611720107,34,104,6
mDiffFit,ID0000442,16148.000.000,192.168.1.166,1611718678,1611718707,1611718716,1611718727,1611718727,1611718728,1611718741,29,20,14
mDiffFit,ID0000361,16118.000.000,192.168.1.161,1611718502,1611718557,1611718567,1611718581,1611718581,1611718584,1611718594,55,24,13
mBackground,ID0000309,16324.000.000,192.168.1.165,1611719553,1611719583,1611719669,1611719672,1611719672,1611719675,1611719684,30,89,12
mDiffFit,ID0000358,16131.000.000,192.168.1.161,1611718579,1611718610,1611718614,1611718621,1611718621,1611718623,1611718633,31,11,12
mDiffFit,ID0000083,16251.000.000,192.168.1.165,1611719228,1611719251,1611719253,1611719254,1611719254,1611719256,1611719267,23,3,13
mDiffFit,ID0000036,16203.000.000,192.168.1.168,1611718982,1611719002,1611719017,1611719025,1611719025,1611719027,1611719037,20,23,12
mDiffFit,ID0000029,16295.000.000,192.168.1.168,1611719438,1611719450,1611719453,1611719463,1611719463,1611719465,1611719479,12,13,16
stage_in_local_local,4_0,15890.000.000,192.168.1.4,1611716042,1611716043,1611716318,1611716321,1611716321,1611716321,1611716328,1,278,7
mDiffFit,ID0000095,16206.000.000,192.168.1.165,1611719006,1611719019,1611719051,1611719062,1611719062,1611719063,1611719076,13,43,14
mDiffFit,ID0000278,16257.000.000,192.168.1.165,1611719254,1611719273,1611719275,1611719290,1611719290,1611719290,1611719302,19,17,12
mProject,ID0000009,15932.000.000,192.168.1.162,1611716352,1611716359,1611718145,1611718152,1611718152,1611718154,1611718166,7,1793,14
mDiffFit,ID0000215,16034.000.000,192.168.1.166,1611717968,1611718074,1611718125,1611718140,1611718140,1611718140,1611718152,106,66,12
register_local,31_1,16426.000.000,192.168.1.4,1611720263,1611720268,1611720270,1611720273,1611720273,1611720274,1611720281,5,5,8
register_local,1_4,16419.000.000,192.168.1.4,1611720213,1611720216,1611720223,1611720225,1611720225,1611720227,1611720233,3,9,8
mDiffFit,ID0000405,16094.000.000,192.168.1.165,1611718359,1611718449,1611718468,1611718479,1611718479,1611718481,1611718491,90,30,12
mDiffFit,ID0000246,15961.000.000,192.168.1.170,1611717541,1611717559,1611717563,1611717570,1611717570,1611717570,1611717582,18,11,12
mDiffFit,ID0000375,16112.000.000,192.168.1.165,1611718472,1611718534,1611718564,1611718565,1611718565,1611718567,1611718581,62,31,16
mDiffFit,ID0000189,16039.000.000,192.168.1.166,1611718004,1611718129,1611718158,1611718166,1611718166,1611718167,1611718178,125,37,12
mDiffFit,ID0000334,16124.000.000,192.168.1.170,1611718538,1611718570,1611718594,1611718607,1611718607,1611718610,1611718621,32,37,14
mDiffFit,ID0000257,15945.000.000,192.168.1.165,1611717435,1611717488,1611717493,1611717506,1611717506,1611717508,1611717518,53,18,12
clean_up_local_level,5_3,16023.000.000,192.168.1.4,1611717895,1611717899,1611717915,1611717928,1611717928,1611717930,1611717943,4,29,15
mDiffFit,ID0000354,16136.000.000,192.168.1.161,1611718616,1611718641,1611718648,1611718651,1611718651,1611718652,1611718666,25,10,15
mDiffFit,ID0000362,16103.000.000,192.168.1.166,1611718411,1611718479,1611718520,1611718531,1611718531,1611718533,1611718547,68,52,16
mProject,ID0000008,15913.000.000,192.168.1.163,1611716320,1611716338,1611718218,1611718223,1611718223,1611718225,1611718235,18,1885,12
mDiffFit,ID0000374,16102.000.000,192.168.1.166,1611718408,1611718479,1611718495,1611718503,1611718503,1611718506,1611718517,71,24,14
clean_up_local_level,6_7,16401.000.000,192.168.1.4,1611720079,1611720081,1611720096,1611720101,1611720101,1611720102,1611720107,2,20,6
mDiffFit,ID0000342,16074.000.000,192.168.1.164,1611718234,1611718309,1611718313,1611718323,1611718323,1611718325,1611718338,75,14,15
mBackground,ID0000462,16336.000.000,192.168.1.168,1611719635,1611719664,1611719728,1611719730,1611719730,1611719730,1611719742,29,66,12
mDiffFit,ID0000432,16089.000.000,192.168.1.164,1611718333,1611718376,1611718394,1611718401,1611718401,1611718403,1611718413,43,25,12
stage_in_remote_local,0_2,15872.000.000,192.168.1.4,1611716018,1611716019,1611716023,1611716026,1611716026,1611716026,1611716031,1,7,5
mDiffFit,ID0000421,16280.000.000,192.168.1.168,1611719370,1611719381,1611719388,1611719400,1611719400,1611719401,1611719413,11,19,13
mDiffFit,ID0000252,15947.000.000,192.168.1.171,1611717445,1611717499,1611717523,1611717532,1611717532,1611717534,1611717545,54,33,13
clean_up_local_level,8_7,16344.000.000,192.168.1.4,1611719692,1611719697,1611719711,1611719716,1611719716,1611719718,1611719730,5,19,14
mDiffFit,ID0000243,15950.000.000,192.168.1.163,1611717469,1611717513,1611717535,1611717545,1611717545,1611717547,1611717558,44,32,13
mDiffFit,ID0000069,16194.000.000,192.168.1.165,1611718943,1611718963,1611718972,1611718987,1611718987,1611718988,1611718999,20,24,12
mDiffFit,ID0000340,16076.000.000,192.168.1.163,1611718248,1611718306,1611718311,1611718323,1611718323,1611718324,1611718338,58,17,15
stage_in_remote_local,0_0,15874.000.000,192.168.1.4,1611716019,1611716023,1611716026,1611716031,1611716031,1611716031,1611716037,4,8,6
mBackground,ID0000147,16390.000.000,192.168.1.165,1611719978,1611720000,1611720077,1611720079,1611720079,1611720084,1611720087,22,79,8
mDiffFit,ID0000192,15976.000.000,192.168.1.171,1611717619,1611717639,1611717664,1611717678,1611717678,1611717679,1611717693,20,39,15
mDiffFit,ID0000249,16019.000.000,192.168.1.166,1611717863,1611717948,1611718001,1611718011,1611718011,1611718012,1611718026,85,63,15
mBackground,ID0000466,16343.000.000,192.168.1.165,1611719682,1611719697,1611719758,1611719759,1611719759,1611719760,1611719781,15,62,22
mDiffFit,ID0000079,16329.000.000,192.168.1.171,1611719591,1611719630,1611719640,1611719653,1611719653,1611719656,1611719672,39,23,19
mProject,ID0000004,15919.000.000,192.168.1.164,1611716328,1611716340,1611718158,1611718166,1611718166,1611718168,1611718178,12,1826,12
clean_up_local_level,0_11,16436.000.000,192.168.1.4,1611720369,1611720369,1611720378,1611720380,1611720380,1611720380,1611720385,0,11,5
mDiffFit,ID0000042,16175.000.000,192.168.1.165,1611718836,1611718854,1611718860,1611718872,1611718872,1611718875,1611718885,18,18,13
mDiffFit,ID0000226,15993.000.000,192.168.1.163,1611717717,1611717735,1611717743,1611717744,1611717744,1611717746,1611717757,18,9,13
mDiffFit,ID0000263,16029.000.000,192.168.1.169,1611717936,1611718033,1611718046,1611718055,1611718055,1611718055,1611718066,97,22,11
mDiffFit,ID0000346,16134.000.000,192.168.1.165,1611718602,1611718626,1611718649,1611718651,1611718651,1611718653,1611718666,24,25,15
mDiffFit,ID0000085,16160.000.000,192.168.1.170,1611718750,1611718768,1611718789,1611718791,1611718791,1611718793,1611718803,18,23,12
register_local,2_0,16253.000.000,192.168.1.4,1611719237,1611719242,1611719249,1611719254,1611719254,1611719255,1611719267,5,12,13
mDiffFit,ID0000064,16199.000.000,192.168.1.161,1611718959,1611718987,1611718991,1611718999,1611718999,1611719000,1611719012,28,12,13
mDiffFit,ID0000242,16259.000.000,192.168.1.165,1611719265,1611719289,1611719332,1611719343,1611719343,1611719344,1611719359,24,54,16
mDiffFit,ID0000061,16210.000.000,192.168.1.168,1611719020,1611719046,1611719068,1611719076,1611719076,1611719078,1611719090,26,30,14
mDiffFit,ID0000218,15968.000.000,192.168.1.171,1611717577,1611717599,1611717618,1611717623,1611717623,1611717625,1611717635,22,24,12
clean_up_local_level,2_3,16221.000.000,192.168.1.4,1611719086,1611719090,1611719103,1611719106,1611719106,1611719111,1611719121,4,16,15
mProject,ID0000014,15936.000.000,192.168.1.168,1611716360,1611717385,1611719060,1611719062,1611719062,1611719065,1611719076,1025,1677,14
mProject,ID0000005,15938.000.000,192.168.1.170,1611716360,1611717397,1611719100,1611719106,1611719106,1611719110,1611719121,1037,1709,15
mDiffFit,ID0000236,16003.000.000,192.168.1.169,1611717769,1611717792,1611717798,1611717812,1611717812,1611717813,1611717826,23,20,14
mBackground,ID0000455,16342.000.000,192.168.1.171,1611719678,1611719694,1611719735,1611719742,1611719742,1611719743,1611719759,16,48,17
mDiffFit,ID0000063,16200.000.000,192.168.1.164,1611718968,1611718990,1611718994,1611718999,1611718999,1611719001,1611719012,22,9,13
stage_in_local_local,1_0,15883.000.000,192.168.1.4,1611716036,1611716036,1611716292,1611716293,1611716293,1611716293,1611716298,0,257,5
stage_in_remote_local,2_1,15887.000.000,192.168.1.4,1611716037,1611716040,1611716042,1611716047,1611716047,1611716048,1611716053,3,7,6
mDiffFit,ID0000089,16299.000.000,192.168.1.165,1611719458,1611719479,1611719488,1611719489,1611719489,1611719490,1611719502,21,10,13
mDiffFit,ID0000126,16225.000.000,192.168.1.164,1611719101,1611719125,1611719138,1611719150,1611719150,1611719151,1611719165,24,25,15
mDiffFit,ID0000425,16141.000.000,192.168.1.164,1611718643,1611718668,1611718672,1611718682,1611718682,1611718683,1611718698,25,14,16
mDiffFit,ID0000350,16140.000.000,192.168.1.170,1611718640,1611718663,1611718684,1611718698,1611718698,1611718699,1611718714,23,35,16
mDiffFit,ID0000081,16358.000.000,192.168.1.171,1611719791,1611719810,1611719812,1611719823,1611719823,1611719825,1611719835,19,13,12
mDiffFit,ID0000119,16294.000.000,192.168.1.165,1611719435,1611719450,1611719459,1611719463,1611719463,1611719467,1611719479,15,13,16
mBgModel,ID0000138,16378.000.000,192.168.1.165,1611719925,1611719926,1611719934,1611719937,1611719937,1611719939,1611719943,1,11,6
mDiffFit,ID0000124,16300.000.000,192.168.1.168,1611719459,1611719480,1611719493,1611719502,1611719502,1611719504,1611719516,21,22,14
mDiffFit,ID0000426,16048.000.000,192.168.1.168,1611718053,1611718174,1611718209,1611718223,1611718223,1611718224,1611718235,121,49,12
mDiffFit,ID0000250,15959.000.000,192.168.1.169,1611717530,1611717546,1611717548,1611717558,1611717558,1611717561,1611717570,16,12,12
clean_up_local_level,9_3,15954.000.000,192.168.1.4,1611717497,1611717501,1611717513,1611717518,1611717518,1611717523,1611717532,4,17,14
register_local,22_1,16360.000.000,192.168.1.4,1611719806,1611719814,1611719819,1611719824,1611719824,1611719827,1611719835,8,10,11
mBackground,ID0000148,16389.000.000,192.168.1.161,1611719977,1611719993,1611720060,1611720064,1611720064,1611720065,1611720070,16,71,6
mBackground,ID0000140,16396.000.000,192.168.1.171,1611720002,1611720068,1611720116,1611720118,1611720118,1611720118,1611720127,66,50,9
mProject,ID0000016,15909.000.000,192.168.1.166,1611716310,1611716319,1611718170,1611718178,1611718178,1611718181,1611718192,9,1859,14
mDiffFit,ID0000352,16139.000.000,192.168.1.166,1611718631,1611718660,1611718668,1611718682,1611718682,1611718683,1611718698,29,22,16
mDiffFit,ID0000403,16096.000.000,192.168.1.168,1611718363,1611718427,1611718438,1611718438,1611718438,1611718441,1611718451,64,11,13
mDiffFit,ID0000248,15949.000.000,192.168.1.162,1611717461,1611717506,1611717518,1611717532,1611717532,1611717533,1611717545,45,26,13
mProject,ID0000006,15901.000.000,192.168.1.161,1611716303,1611716318,1611718084,1611718094,1611718094,1611718096,1611718107,15,1776,13
mDiffFit,ID0000369,16056.000.000,192.168.1.171,1611718105,1611718233,1611718254,1611718269,1611718269,1611718270,1611718283,128,36,14
mDiffFit,ID0000196,16264.000.000,192.168.1.168,1611719275,1611719319,1611719330,1611719343,1611719343,1611719344,1611719359,44,24,16
mDiffFit,ID0000428,16049.000.000,192.168.1.168,1611718061,1611718183,1611718194,1611718205,1611718205,1611718209,1611718223,122,22,18
mDiffFit,ID0000270,15967.000.000,192.168.1.163,1611717569,1611717594,1611717616,1611717623,1611717623,1611717625,1611717635,25,29,12
mImgtbl,ID0000155,16409.000.000,192.168.1.171,1611720133,1611720156,1611720159,1611720160,1611720160,1611720161,1611720165,23,4,5
mDiffFit,ID0000203,16044.000.000,192.168.1.163,1611718033,1611718191,1611718247,1611718251,1611718251,1611718253,1611718269,158,60,18
mDiffFit,ID0000062,16254.000.000,192.168.1.161,1611719239,1611719269,1611719277,1611719290,1611719290,1611719290,1611719302,30,21,12
mBackground,ID0000300,16319.000.000,192.168.1.161,1611719526,1611719576,1611719641,1611719653,1611719653,1611719657,1611719672,50,77,19
register_local,20_1,16306.000.000,192.168.1.4,1611719487,1611719492,1611719496,1611719502,1611719502,1611719506,1611719516,5,10,14
mDiffFit,ID0000371,16061.000.000,192.168.1.166,1611718146,1611718252,1611718268,1611718269,1611718269,1611718271,1611718283,106,17,14
register_local,25_1,16399.000.000,192.168.1.4,1611720026,1611720032,1611720044,1611720048,1611720048,1611720049,1611720057,6,16,9
mDiffFit,ID0000065,16198.000.000,192.168.1.165,1611718956,1611718976,1611718985,1611718987,1611718987,1611718989,1611718999,20,11,12
mDiffFit,ID0000385,16126.000.000,192.168.1.165,1611718545,1611718581,1611718612,1611718621,1611718621,1611718623,1611718633,36,40,12
mDiffFit,ID0000431,16147.000.000,192.168.1.165,1611718676,1611718701,1611718712,1611718714,1611718714,1611718716,1611718727,25,13,13
mDiffFit,ID0000183,15941.000.000,192.168.1.169,1611717411,1611717447,1611717459,1611717463,1611717463,1611717466,1611717475,36,16,12
mDiffFit,ID0000075,16332.000.000,192.168.1.168,1611719612,1611719659,1611719700,1611719716,1611719716,1611719716,1611719730,47,57,14
mDiffFit,ID0000044,16173.000.000,192.168.1.165,1611718824,1611718845,1611718851,1611718857,1611718857,1611718858,1611718872,21,12,15
mDiffFit,ID0000051,16181.000.000,192.168.1.165,1611718866,1611718887,1611718891,1611718898,1611718898,1611718900,1611718911,21,11,13
register_local,23_1,16327.000.000,192.168.1.4,1611719574,1611719581,1611719591,1611719598,1611719598,1611719602,1611719613,7,17,15
register_local,11_1,16434.000.000,192.168.1.4,1611720347,1611720352,1611720355,1611720358,1611720358,1611720358,1611720363,5,6,5
register_local,32_1,16269.000.000,192.168.1.4,1611719310,1611719314,1611719323,1611719328,1611719328,1611719329,1611719343,4,14,15
mDiffFit,ID0000255,15962.000.000,192.168.1.165,1611717543,1611717570,1611717571,1611717582,1611717582,1611717582,1611717594,27,12,12
mDiffFit,ID0000392,16120.000.000,192.168.1.164,1611718513,1611718550,1611718559,1611718565,1611718565,1611718566,1611718581,37,15,16
mDiffFit,ID0000260,16027.000.000,192.168.1.165,1611717924,1611718013,1611718081,1611718094,1611718094,1611718095,1611718107,89,81,13
mDiffFit,ID0000256,15989.000.000,192.168.1.166,1611717691,1611717713,1611717719,1611717731,1611717731,1611717733,1611717744,22,18,13
mDiffFit,ID0000339,16092.000.000,192.168.1.169,1611718347,1611718392,1611718403,1611718413,1611718413,1611718414,1611718425,45,21,12
mBackground,ID0000297,16313.000.000,192.168.1.168,1611719509,1611719545,1611719627,1611719641,1611719641,1611719642,1611719653,36,96,12
clean_up_local_level,1_7,16413.000.000,192.168.1.4,1611720153,1611720157,1611720170,1611720172,1611720172,1611720172,1611720177,4,15,5
mDiffFit,ID0000228,15997.000.000,192.168.1.170,1611717742,1611717757,1611717772,1611717783,1611717783,1611717785,1611717798,15,26,15
mDiffFit,ID0000275,16266.000.000,192.168.1.165,1611719285,1611719317,1611719334,1611719343,1611719343,1611719344,1611719359,32,26,16
mDiffFit,ID0000237,15995.000.000,192.168.1.166,1611717729,1611717743,1611717747,1611717757,1611717757,1611717759,1611717770,14,14,13
mProject,ID0000010,15895.000.000,192.168.1.168,1611716275,1611716296,1611718059,1611718066,1611718066,1611718068,1611718081,21,1770,15
mDiffFit,ID0000106,16308.000.000,192.168.1.168,1611719488,1611719517,1611719521,1611719528,1611719528,1611719528,1611719541,29,11,13
mDiffFit,ID0000416,16282.000.000,192.168.1.165,1611719381,1611719399,1611719403,1611719413,1611719413,1611719414,1611719427,18,14,14
mProject,ID0000316,15912.000.000,192.168.1.163,1611716319,1611716336,1611717986,1611717996,1611717996,1611717998,1611718011,17,1660,15
mDiffFit,ID0000247,15986.000.000,192.168.1.169,1611717677,1611717698,1611717703,1611717706,1611717706,1611717708,1611717719,21,8,13
mDiffFit,ID0000281,15965.000.000,192.168.1.166,1611717565,1611717600,1611717626,1611717635,1611717635,1611717637,1611717652,35,35,17
mDiffFit,ID0000227,15970.000.000,192.168.1.169,1611717588,1611717621,1611717627,1611717635,1611717635,1611717638,1611717652,33,14,17
mDiffFit,ID0000187,15988.000.000,192.168.1.170,1611717688,1611717708,1611717712,1611717719,1611717719,1611717720,1611717731,20,11,12
mDiffFit,ID0000184,16012.000.000,192.168.1.165,1611717823,1611717862,1611717871,1611717873,1611717873,1611717875,1611717887,39,11,14
mProject,ID0000171,15914.000.000,192.168.1.163,1611716320,1611716338,1611717434,1611717437,1611717437,1611717439,1611717451,18,1099,14
mDiffFit,ID0000409,16104.000.000,192.168.1.161,1611718421,1611718468,1611718522,1611718531,1611718531,1611718534,1611718547,47,63,16
mDiffFit,ID0000224,15972.000.000,192.168.1.170,1611717593,1611717615,1611717623,1611717635,1611717635,1611717636,1611717652,22,20,17
mDiffFit,ID0000223,16016.000.000,192.168.1.165,1611717848,1611717932,1611717952,1611717958,1611717958,1611717960,1611717970,84,26,12
clean_up_local_level,9_7,16410.000.000,192.168.1.4,1611720140,1611720143,1611720157,1611720160,1611720160,1611720160,1611720165,3,17,5
mDiffFit,ID0000122,16215.000.000,192.168.1.168,1611719044,1611719090,1611719108,1611719121,1611719121,1611719122,1611719136,46,31,15
mDiffFit,ID0000231,16005.000.000,192.168.1.170,1611717777,1611717797,1611717817,1611717826,1611717826,1611717828,1611717840,20,29,14
mDiffFit,ID0000434,16085.000.000,192.168.1.163,1611718308,1611718362,1611718389,1611718401,1611718401,1611718402,1611718413,54,39,12
create_dir_montage,local_0,15871.000.000,192.168.1.4,1611716003,1611716004,1611716007,1611716008,1611716008,1611716008,1611716013,1,4,5
mBackground,ID0000145,16382.000.000,192.168.1.165,1611719954,1611719993,1611720073,1611720079,1611720079,1611720081,1611720087,39,86,8
mDiffFit,ID0000202,15977.000.000,192.168.1.166,1611717630,1611717650,1611717664,1611717664,1611717664,1611717665,1611717678,20,14,14
mDiffFit,ID0000384,16082.000.000,192.168.1.166,1611718291,1611718392,1611718404,1611718413,1611718413,1611718416,1611718425,101,21,12
mDiffFit,ID0000212,16037.000.000,192.168.1.171,1611717991,1611718105,1611718111,1611718125,1611718125,1611718127,1611718140,114,20,15
mDiffFit,ID0000043,16301.000.000,192.168.1.165,1611719460,1611719486,1611719493,1611719502,1611719502,1611719504,1611719516,26,16,14
register_local,2_1,16366.000.000,192.168.1.4,1611719833,1611719839,1611719846,1611719852,1611719852,1611719852,1611719859,6,13,7
mViewer,ID0000472,16425.000.000,192.168.1.165,1611720262,1611720283,1611720330,1611720336,1611720336,1611720336,1611720341,21,53,5
mDiffFit,ID0000121,16229.000.000,192.168.1.168,1611719119,1611719143,1611719145,1611719150,1611719150,1611719154,1611719165,24,7,15
mDiffFit,ID0000239,15952.000.000,192.168.1.169,1611717482,1611717523,1611717547,1611717558,1611717558,1611717561,1611717570,41,35,12
mBackground,ID0000453,16334.000.000,192.168.1.168,1611719624,1611719658,1611719728,1611719730,1611719730,1611719731,1611719742,34,72,12
mDiffFit,ID0000333,16070.000.000,192.168.1.161,1611718203,1611718315,1611718323,1611718323,1611718323,1611718328,1611718338,112,8,15
mDiffFit,ID0000188,15940.000.000,192.168.1.165,1611717409,1611717445,1611717454,1611717463,1611717463,1611717464,1611717475,36,18,12
mDiffFit,ID0000355,16153.000.000,192.168.1.164,1611718710,1611718727,1611718730,1611718741,1611718741,1611718743,1611718754,17,14,13
stage_in_remote_local,2_4,15886.000.000,192.168.1.4,1611716037,1611716040,1611716043,1611716047,1611716047,1611716048,1611716053,3,7,6
clean_up_local_level,7_7,16406.000.000,192.168.1.4,1611720123,1611720126,1611720137,1611720144,1611720144,1611720145,1611720154,3,18,10
clean_up_local_level,0_4,16372.000.000,192.168.1.4,1611719888,1611719891,1611719902,1611719904,1611719904,1611719905,1611719911,3,13,7
mDiffFit,ID0000060,16192.000.000,192.168.1.164,1611718931,1611718943,1611718945,1611718948,1611718948,1611718951,1611718960,12,5,12
stage_in_remote_local,0_6,15877.000.000,192.168.1.4,1611716024,1611716027,1611716032,1611716037,1611716037,1611716038,1611716042,3,10,5
mDiffFit,ID0000372,16084.000.000,192.168.1.166,1611718303,1611718392,1611718404,1611718413,1611718413,1611718415,1611718425,89,21,12
mDiffFit,ID0000229,16000.000.000,192.168.1.169,1611717754,1611717769,1611717771,1611717783,1611717783,1611717784,1611717798,15,14,15
mDiffFit,ID0000217,15969.000.000,192.168.1.165,1611717579,1611717607,1611717612,1611717623,1611717623,1611717624,1611717635,28,16,12
mDiffFit,ID0000341,16150.000.000,192.168.1.170,1611718692,1611718717,1611718721,1611718727,1611718727,1611718730,1611718741,25,10,14
mDiffFit,ID0000038,16180.000.000,192.168.1.164,1611718864,1611718882,1611718887,1611718898,1611718898,1611718899,1611718911,18,16,13
register_local,3_1,16292.000.000,192.168.1.4,1611719419,1611719426,1611719435,1611719439,1611719439,1611719441,1611719452,7,13,13
mDiffFit,ID0000377,16054.000.000,192.168.1.165,1611718092,1611718223,1611718228,1611718235,1611718235,1611718237,1611718251,131,12,16
mDiffFit,ID0000291,15992.000.000,192.168.1.170,1611717714,1611717730,1611717743,1611717744,1611717744,1611717746,1611717757,16,14,13
mDiffFit,ID0000379,16066.000.000,192.168.1.171,1611718175,1611718264,1611718271,1611718283,1611718283,1611718286,1611718297,89,19,14
mDiffFit,ID0000411,16111.000.000,192.168.1.165,1611718462,1611718530,1611718536,1611718547,1611718547,1611718550,1611718565,68,17,18
mDiffFit,ID0000071,16355.000.000,192.168.1.165,1611719769,1611719804,1611719825,1611719835,1611719835,1611719835,1611719846,35,31,11
stage_in_remote_local,1_0,15882.000.000,192.168.1.4,1611716031,1611716031,1611716034,1611716037,1611716037,1611716037,1611716042,0,6,5
mProject,ID0000173,15893.000.000,192.168.1.165,1611716274,1611716296,1611717371,1611717371,1611717371,1611717372,1611717377,22,1075,6
register_local,0_1,16431.000.000,192.168.1.4,1611720336,1611720336,1611720338,1611720341,1611720341,1611720341,1611720348,0,5,7
mProject,ID0000161,15915.000.000,192.168.1.169,1611716327,1611716335,1611717439,1611717451,1611717451,1611717452,1611717463,8,1116,12
mBackground,ID0000464,16333.000.000,192.168.1.168,1611719621,1611719658,1611719729,1611719730,1611719730,1611719732,1611719742,37,72,12
mDiffFit,ID0000027,16213.000.000,192.168.1.165,1611719034,1611719088,1611719093,1611719106,1611719106,1611719108,1611719121,54,18,15
mDiffFit,ID0000134,16298.000.000,192.168.1.165,1611719458,1611719479,1611719494,1611719502,1611719502,1611719505,1611719516,21,23,14
register_local,2_4,16418.000.000,192.168.1.4,1611720193,1611720197,1611720203,1611720206,1611720206,1611720206,1611720214,4,9,8
mDiffFit,ID0000380,16151.000.000,192.168.1.165,1611718696,1611718719,1611718727,1611718741,1611718741,1611718742,1611718754,23,22,13
mDiffFit,ID0000021,16159.000.000,192.168.1.161,1611718748,1611718761,1611718778,1611718791,1611718791,1611718792,1611718803,13,30,12
mDiffFit,ID0000368,16143.000.000,192.168.1.168,1611718659,1611718677,1611718684,1611718698,1611718698,1611718699,1611718714,18,21,16
mDiffFit,ID0000447,16079.000.000,192.168.1.170,1611718276,1611718339,1611718344,1611718352,1611718352,1611718352,1611718364,63,13,12
mDiffFit,ID0000177,15999.000.000,192.168.1.166,1611717751,1611717766,1611717796,1611717798,1611717798,1611717801,1611717812,15,32,14
stage_in_local_local,3_0,15888.000.000,192.168.1.4,1611716042,1611716044,1611716295,1611716298,1611716298,1611716298,1611716304,2,254,6
mDiffFit,ID0000376,16277.000.000,192.168.1.165,1611719353,1611719374,1611719380,1611719388,1611719388,1611719391,1611719400,21,14,12
mDiffFit,ID0000049,16208.000.000,192.168.1.164,1611719011,1611719037,1611719052,1611719062,1611719062,1611719063,1611719076,26,25,14
mDiffFit,ID0000446,16051.000.000,192.168.1.170,1611718072,1611718170,1611718178,1611718192,1611718192,1611718193,1611718205,98,22,13
mProject,ID0000324,15910.000.000,192.168.1.166,1611716310,1611716320,1611717959,1611717970,1611717970,1611717971,1611717983,10,1650,13
mBackground,ID0000459,16348.000.000,192.168.1.161,1611719722,1611719735,1611719778,1611719781,1611719781,1611719782,1611719793,13,46,12
mDiffFit,ID0000035,16172.000.000,192.168.1.161,1611718815,1611718840,1611718859,1611718872,1611718872,1611718874,1611718885,25,32,13
mBackground,ID0000296,16314.000.000,192.168.1.161,1611719512,1611719538,1611719586,1611719598,1611719598,1611719599,1611719613,26,60,15
mDiffFit,ID0000412,16110.000.000,192.168.1.164,1611718459,1611718499,1611718508,1611718517,1611718517,1611718520,1611718531,40,18,14
mDiffFit,ID0000199,15981.000.000,192.168.1.163,1611717649,1611717669,1611717673,1611717678,1611717678,1611717680,1611717693,20,9,15
mDiffFit,ID0000399,16100.000.000,192.168.1.164,1611718396,1611718438,1611718464,1611718479,1611718479,1611718480,1611718491,42,41,12
mDiffFit,ID0000186,15964.000.000,192.168.1.165,1611717557,1611717582,1611717586,1611717594,1611717594,1611717595,1611717610,25,12,16
mDiffFit,ID0000241,15958.000.000,192.168.1.162,1611717526,1611717545,1611717564,1611717570,1611717570,1611717570,1611717582,19,25,12
mDiffFit,ID0000443,16146.000.000,192.168.1.164,1611718673,1611718695,1611718709,1611718714,1611718714,1611718715,1611718727,22,19,13
register_local,0_4,16420.000.000,192.168.1.4,1611720233,1611720234,1611720238,1611720239,1611720239,1611720239,1611720245,1,5,6
mDiffFit,ID0000287,16009.000.000,192.168.1.166,1611717806,1611717840,1611717870,1611717873,1611717873,1611717875,1611717887,34,33,14
mProject,ID0000321,15918.000.000,192.168.1.169,1611716328,1611716338,1611717972,1611717983,1611717983,1611717985,1611717996,10,1645,13
mDiffFit,ID0000253,16011.000.000,192.168.1.170,1611717819,1611717850,1611717873,1611717873,1611717873,1611717876,1611717887,31,23,14
mDiffFit,ID0000284,16014.000.000,192.168.1.169,1611717836,1611717898,1611717929,1611717943,1611717943,1611717944,1611717958,62,45,15
mDiffFit,ID0000176,15974.000.000,192.168.1.165,1611717604,1611717635,1611717638,1611717652,1611717652,1611717652,1611717664,31,17,12
clean_up_local_level,5_7,16403.000.000,192.168.1.4,1611720114,1611720117,1611720127,1611720133,1611720133,1611720133,1611720144,3,16,11
mDiffFit,ID0000293,15985.000.000,192.168.1.163,1611717674,1611717698,1611717717,1611717719,1611717719,1611717721,1611717731,24,21,12
stage_in_remote_local,3_4,15889.000.000,192.168.1.4,1611716042,1611716044,1611716046,1611716047,1611716047,1611716048,1611716053,2,3,6
mBackground,ID0000458,16349.000.000,192.168.1.168,1611719725,1611719744,1611719784,1611719793,1611719793,1611719796,1611719808,19,49,15
register_local,6_1,16435.000.000,192.168.1.4,1611720363,1611720363,1611720366,1611720369,1611720369,1611720369,1611720374,0,6,5
mDiffFit,ID0000052,16168.000.000,192.168.1.170,1611718790,1611718809,1611718817,1611718829,1611718829,1611718830,1611718845,19,20,16
mDiffFit,ID0000238,15996.000.000,192.168.1.166,1611717739,1611717757,1611717763,1611717770,1611717770,1611717772,1611717783,18,13,13
mDiffFit,ID0000394,16117.000.000,192.168.1.166,1611718498,1611718554,1611718570,1611718581,1611718581,1611718584,1611718594,56,27,13
mDiffFit,ID0000439,16062.000.000,192.168.1.166,1611718149,1611718261,1611718290,1611718297,1611718297,1611718298,1611718309,112,36,12
mDiffFit,ID0000205,16033.000.000,192.168.1.171,1611717965,1611718071,1611718123,1611718125,1611718125,1611718128,1611718140,106,54,15
mDiffFit,ID0000039,16170.000.000,192.168.1.164,1611718801,1611718820,1611718826,1611718829,1611718829,1611718833,1611718845,19,9,16
mDiffFit,ID0000344,16071.000.000,192.168.1.168,1611718215,1611718286,1611718293,1611718297,1611718297,1611718299,1611718309,71,11,12
mDiffFit,ID0000088,16163.000.000,192.168.1.168,1611718765,1611718782,1611718789,1611718791,1611718791,1611718793,1611718803,17,9,12
mDiffFit,ID0000208,16045.000.000,192.168.1.161,1611718036,1611718158,1611718169,1611718178,1611718178,1611718180,1611718192,122,20,14
mDiffFit,ID0000054,16220.000.000,192.168.1.168,1611719072,1611719097,1611719100,1611719106,1611719106,1611719111,1611719121,25,9,15
mAdd,ID0000156,16416.000.000,192.168.1.161,1611720171,1611720227,1611720250,1611720250,1611720250,1611720250,1611720255,56,23,5
mDiffFit,ID0000415,16278.000.000,192.168.1.165,1611719357,1611719375,1611719377,1611719388,1611719388,1611719391,1611719400,18,13,12
mDiffFit,ID0000047,16363.000.000,192.168.1.168,1611719816,1611719838,1611719843,1611719846,1611719846,1611719848,1611719852,22,8,6
mBackground,ID0000308,16325.000.000,192.168.1.171,1611719562,1611719583,1611719666,1611719672,1611719672,1611719674,1611719684,21,89,12
mBackground,ID0000152,16395.000.000,192.168.1.171,1611720002,1611720069,1611720116,1611720118,1611720118,1611720118,1611720127,67,49,9
mDiffFit,ID0000040,16188.000.000,192.168.1.168,1611718909,1611718925,1611718928,1611718935,1611718935,1611718936,1611718948,16,10,13
stage_in_remote_local,0_1,15873.000.000,192.168.1.4,1611716019,1611716024,1611716026,1611716031,1611716031,1611716031,1611716037,5,7,6
mProject,ID0000163,15894.000.000,192.168.1.165,1611716275,1611716296,1611717419,1611717423,1611717423,1611717425,1611717437,21,1127,14
mProject,ID0000011,15905.000.000,192.168.1.171,1611716304,1611716319,1611718152,1611718166,1611718166,1611718167,1611718178,15,1847,12
mDiffFit,ID0000136,16227.000.000,192.168.1.165,1611719113,1611719141,1611719151,1611719165,1611719165,1611719165,1611719180,28,24,15
mProject,ID0000328,15891.000.000,192.168.1.165,1611716274,1611716276,1611717812,1611717826,1611717826,1611717827,1611717840,2,1550,14
register_local,1_1,16279.000.000,192.168.1.4,1611719366,1611719369,1611719377,1611719388,1611719388,1611719390,1611719400,3,19,12
mConcatFit,ID0000451,16305.000.000,192.168.1.165,1611719485,1611719492,1611719506,1611719516,1611719516,1611719517,1611719528,7,24,12
mImgtbl,ID0000312,16345.000.000,192.168.1.165,1611719697,1611719804,1611719811,1611719823,1611719823,1611719824,1611719835,107,19,12
mDiffFit,ID0000427,16047.000.000,192.168.1.169,1611718050,1611718160,1611718189,1611718192,1611718192,1611718197,1611718205,110,32,13
mBackground,ID0000304,16323.000.000,192.168.1.165,1611719549,1611719581,1611719659,1611719672,1611719672,1611719673,1611719684,32,91,12
mDiffFit,ID0000338,16068.000.000,192.168.1.169,1611718189,1611718266,1611718272,1611718283,1611718283,1611718287,1611718297,77,17,14
mDiffFit,ID0000360,16059.000.000,192.168.1.166,1611718133,1611718252,1611718286,1611718297,1611718297,1611718298,1611718309,119,45,12
mDiffFit,ID0000018,16165.000.000,192.168.1.165,1611718774,1611718818,1611718822,1611718829,1611718829,1611718831,1611718845,44,11,16
mBackground,ID0000151,16397.000.000,192.168.1.171,1611720011,1611720066,1611720116,1611720118,1611720118,1611720118,1611720127,55,52,9
mDiffFit,ID0000381,16053.000.000,192.168.1.165,1611718088,1611718223,1611718229,1611718235,1611718235,1611718238,1611718251,135,12,16
mDiffFit,ID0000395,16125.000.000,192.168.1.166,1611718541,1611718581,1611718586,1611718594,1611718594,1611718597,1611718607,40,13,13
mProject,ID0000159,15908.000.000,192.168.1.166,1611716310,1611716319,1611717455,1611717463,1611717463,1611717464,1611717475,9,1144,12
mDiffFit,ID0000398,16101.000.000,192.168.1.161,1611718400,1611718454,1611718494,1611718503,1611718503,1611718505,1611718517,54,49,14
mDiffFit,ID0000030,16157.000.000,192.168.1.166,1611718737,1611718754,1611718759,1611718767,1611718767,1611718770,1611718778,17,13,11
mDiffFit,ID0000117,16212.000.000,192.168.1.161,1611719032,1611719079,1611719084,1611719090,1611719090,1611719092,1611719106,47,11,16
mDiffFit,ID0000279,16006.000.000,192.168.1.171,1611717781,1611717812,1611717831,1611717840,1611717840,1611717843,1611717853,31,28,13
mDiffFit,ID0000251,16262.000.000,192.168.1.165,1611719274,1611719324,1611719341,1611719343,1611719343,1611719346,1611719359,50,19,16
mDiffFit,ID0000113,16293.000.000,192.168.1.165,1611719422,1611719444,1611719454,1611719463,1611719463,1611719466,1611719479,22,19,16
mDiffFit,ID0000080,16353.000.000,192.168.1.165,1611719754,1611719798,1611719806,1611719808,1611719808,1611719811,1611719823,44,10,15
mDiffFit,ID0000050,16250.000.000,192.168.1.165,1611719228,1611719246,1611719255,1611719267,1611719267,1611719268,1611719275,18,21,8
register_local,29_1,16370.000.000,192.168.1.4,1611719858,1611719864,1611719871,1611719872,1611719872,1611719874,1611719880,6,8,8
mDiffFit,ID0000343,16073.000.000,192.168.1.165,1611718231,1611718305,1611718315,1611718323,1611718323,1611718326,1611718338,74,18,15
mBackground,ID0000305,16322.000.000,192.168.1.171,1611719540,1611719571,1611719657,1611719672,1611719672,1611719673,1611719684,31,101,12
mDiffFit,ID0000211,16038.000.000,192.168.1.163,1611717994,1611718084,1611718098,1611718107,1611718107,1611718110,1611718125,90,23,18
mDiffFit,ID0000269,15956.000.000,192.168.1.170,1611717514,1611717539,1611717556,1611717558,1611717558,1611717562,1611717570,25,19,12
mDiffFit,ID0000268,16017.000.000,192.168.1.161,1611717852,1611717913,1611717917,1611717928,1611717928,1611717931,1611717943,61,15,15
mDiffFit,ID0000111,16214.000.000,192.168.1.168,1611719036,1611719090,1611719095,1611719106,1611719106,1611719109,1611719121,54,16,15
mDiffFit,ID0000129,16211.000.000,192.168.1.165,1611719024,1611719050,1611719093,1611719106,1611719106,1611719107,1611719121,26,56,15
clean_up_local_level,4_7,16404.000.000,192.168.1.4,1611720117,1611720126,1611720137,1611720144,1611720144,1611720146,1611720154,9,18,10
mDiffFit,ID0000240,16025.000.000,192.168.1.161,1611717911,1611717996,1611718031,1611718043,1611718043,1611718044,1611718055,85,47,12
mBackground,ID0000461,16337.000.000,192.168.1.171,1611719637,1611719656,1611719695,1611719700,1611719700,1611719702,1611719716,19,44,16
register_local,24_1,16400.000.000,192.168.1.4,1611720055,1611720061,1611720072,1611720079,1611720079,1611720080,1611720087,6,18,8
mProject,ID0000167,15935.000.000,192.168.1.165,1611716358,1611717371,1611718493,1611718503,1611718503,1611718505,1611718517,1013,1132,14
clean_up_local_level,0_8,16415.000.000,192.168.1.4,1611720171,1611720171,1611720180,1611720182,1611720182,1611720182,1611720187,0,11,5
mDiffFit,ID0000435,16093.000.000,192.168.1.168,1611718349,1611718418,1611718429,1611718438,1611718438,1611718440,1611718451,69,20,13
mBackground,ID0000457,16338.000.000,192.168.1.161,1611719649,1611719668,1611719706,1611719716,1611719716,1611719717,1611719730,19,48,14
mDiffFit,ID0000219,16030.000.000,192.168.1.169,1611717940,1611718044,1611718069,1611718081,1611718081,1611718083,1611718094,104,37,13
register_local,8_1,16428.000.000,192.168.1.4,1611720304,1611720305,1611720307,1611720310,1611720310,1611720310,1611720315,1,5,5
mDiffFit,ID0000025,16155.000.000,192.168.1.161,1611718725,1611718738,1611718743,1611718754,1611718754,1611718755,1611718767,13,16,13
mViewer,ID0000471,16408.000.000,192.168.1.171,1611720124,1611720130,1611720156,1611720160,1611720160,1611720160,1611720165,6,30,5
mDiffFit,ID0000102,16246.000.000,192.168.1.165,1611719204,1611719219,1611719222,1611719230,1611719230,1611719232,1611719242,15,11,12
mDiffFit,ID0000198,16013.000.000,192.168.1.171,1611717833,1611717870,1611717875,1611717887,1611717887,1611717889,1611717904,37,17,17
mConcatFit,ID0000137,16373.000.000,192.168.1.165,1611719893,1611719897,1611719906,1611719911,1611719911,1611719911,1611719918,4,14,7
clean_up_local_level,0_9,16422.000.000,192.168.1.4,1611720261,1611720261,1611720279,1611720281,1611720281,1611720282,1611720287,0,20,6
mDiffFit,ID0000422,16287.000.000,192.168.1.165,1611719407,1611719425,1611719433,1611719439,1611719439,1611719440,1611719452,18,14,13
mDiffFit,ID0000337,16284.000.000,192.168.1.168,1611719386,1611719403,1611719404,1611719413,1611719413,1611719415,1611719427,17,10,14
register_local,19_1,16374.000.000,192.168.1.4,1611719902,1611719908,1611719910,1611719911,1611719911,1611719911,1611719918,6,3,7
mProject,ID0000001,15896.000.000,192.168.1.168,1611716281,1611716296,1611718057,1611718066,1611718066,1611718067,1611718081,15,1770,15
mBackground,ID0000139,16392.000.000,192.168.1.161,1611719989,1611720013,1611720104,1611720107,1611720107,1611720110,1611720118,24,94,11
mDiffFit,ID0000028,16162.000.000,192.168.1.166,1611718762,1611718782,1611718789,1611718791,1611718791,1611718794,1611718803,20,9,12
mDiffFit,ID0000414,16107.000.000,192.168.1.168,1611718436,1611718491,1611718506,1611718517,1611718517,1611718519,1611718531,55,26,14
mDiffFit,ID0000190,15983.000.000,192.168.1.166,1611717662,1611717680,1611717684,1611717693,1611717693,1611717696,1611717706,18,13,13
mDiffFit,ID0000410,16154.000.000,192.168.1.170,1611718722,1611718738,1611718754,1611718767,1611718767,1611718767,1611718778,16,29,11
mProject,ID0000320,15928.000.000,192.168.1.167,1611716346,1611716356,1611717970,1611717983,1611717983,1611717984,1611717996,10,1627,13
mDiffFit,ID0000407,16106.000.000,192.168.1.166,1611718432,1611718496,1611718509,1611718517,1611718517,1611718521,1611718531,64,21,14
mDiffFit,ID0000390,16123.000.000,192.168.1.161,1611718529,1611718566,1611718576,1611718581,1611718581,1611718586,1611718594,37,15,13
mDiffFit,ID0000259,16268.000.000,192.168.1.168,1611719300,1611719331,1611719341,1611719343,1611719343,1611719345,1611719359,31,12,16
mDiffFit,ID0000130,16235.000.000,192.168.1.168,1611719146,1611719165,1611719178,1611719180,1611719180,1611719181,1611719192,19,15,12
register_local,9_1,16402.000.000,192.168.1.4,1611720086,1611720092,1611720100,1611720107,1611720107,1611720108,1611720118,6,15,11
register_local,14_1,16265.000.000,192.168.1.4,1611719282,1611719285,1611719293,1611719302,1611719302,1611719303,1611719315,3,17,13
mDiffFit,ID0000370,16058.000.000,192.168.1.164,1611718121,1611718210,1611718219,1611718223,1611718223,1611718226,1611718235,89,13,12
register_local,34_1,16232.000.000,192.168.1.4,1611719143,1611719153,1611719160,1611719165,1611719165,1611719167,1611719180,10,12,15
register_local,26_1,16421.000.000,192.168.1.4,1611720245,1611720245,1611720250,1611720255,1611720255,1611720256,1611720263,0,10,8
mBackground,ID0000150,16398.000.000,192.168.1.166,1611720014,1611720042,1611720102,1611720107,1611720107,1611720109,1611720118,28,65,11
register_local,21_1,16371.000.000,192.168.1.4,1611719879,1611719883,1611719889,1611719894,1611719894,1611719896,1611719904,4,11,10
mDiffFit,ID0000084,16179.000.000,192.168.1.161,1611718854,1611718874,1611718889,1611718898,1611718898,1611718900,1611718911,20,24,13
mDiffFit,ID0000103,16245.000.000,192.168.1.165,1611719201,1611719219,1611719228,1611719230,1611719230,1611719233,1611719242,18,11,12
mDiffFit,ID0000214,16036.000.000,192.168.1.165,1611717979,1611718065,1611718076,1611718081,1611718081,1611718083,1611718094,86,16,13
mDiffFit,ID0000353,16137.000.000,192.168.1.168,1611718619,1611718642,1611718650,1611718651,1611718651,1611718653,1611718666,23,9,15
register_local,35_1,16297.000.000,192.168.1.4,1611719451,1611719456,1611719458,1611719463,1611719463,1611719467,1611719479,5,7,16
mDiffFit,ID0000209,16267.000.000,192.168.1.161,1611719296,1611719324,1611719331,1611719343,1611719343,1611719344,1611719359,28,19,16
mProject,ID0000013,15917.000.000,192.168.1.169,1611716328,1611716338,1611718094,1611718107,1611718107,1611718109,1611718125,10,1769,18
mDiffFit,ID0000179,15946.000.000,192.168.1.166,1611717444,1611717499,1611717508,1611717518,1611717518,1611717520,1611717532,55,19,14
mDiffFit,ID0000345,16080.000.000,192.168.1.169,1611718279,1611718344,1611718352,1611718364,1611718364,1611718365,1611718376,65,20,12
register_local,30_1,16354.000.000,192.168.1.4,1611719765,1611719772,1611719782,1611719793,1611719793,1611719796,1611719808,7,21,15
mBackground,ID0000310,16311.000.000,192.168.1.168,1611719497,1611719517,1611719582,1611719598,1611719598,1611719598,1611719613,20,81,15
mDiffFit,ID0000174,15979.000.000,192.168.1.166,1611717642,1611717661,1611717681,1611717693,1611717693,1611717694,1611717706,19,32,13
mDiffFit,ID0000383,16055.000.000,192.168.1.163,1611718101,1611718232,1611718238,1611718251,1611718251,1611718252,1611718269,131,19,18
mDiffFit,ID0000125,16184.000.000,192.168.1.164,1611718884,1611718902,1611718916,1611718923,1611718923,1611718924,1611718935,18,21,12
mDiffFit,ID0000110,16186.000.000,192.168.1.165,1611718896,1611718919,1611718924,1611718935,1611718935,1611718936,1611718948,23,16,13
mDiffFit,ID0000086,16187.000.000,192.168.1.165,1611718906,1611718923,1611718937,1611718948,1611718948,1611718950,1611718960,17,25,12
mDiffFit,ID0000378,16088.000.000,192.168.1.161,1611718331,1611718388,1611718395,1611718401,1611718401,1611718404,1611718413,57,13,12
mAdd,ID0000470,16375.000.000,192.168.1.161,1611719910,1611719976,1611720105,1611720107,1611720107,1611720110,1611720118,66,131,11
mDiffFit,ID0000436,16142.000.000,192.168.1.161,1611718646,1611718668,1611718687,1611718698,1611718698,1611718700,1611718714,22,30,16
mDiffFit,ID0000244,16008.000.000,192.168.1.169,1611717794,1611717818,1611717826,1611717840,1611717840,1611717842,1611717853,24,22,13
register_local,0_0,16219.000.000,192.168.1.4,1611719069,1611719072,1611719083,1611719090,1611719090,1611719092,1611719106,3,18,16
mDiffFit,ID0000254,15948.000.000,192.168.1.169,1611717449,1611717499,1611717510,1611717518,1611717518,1611717522,1611717532,50,19,14
mBackground,ID0000303,16315.000.000,192.168.1.161,1611719514,1611719538,1611719587,1611719598,1611719598,1611719600,1611719613,24,60,15
mDiffFit,ID0000449,16078.000.000,192.168.1.171,1611718262,1611718327,1611718336,1611718338,1611718338,1611718340,1611718352,65,11,14
mBackground,ID0000299,16310.000.000,192.168.1.165,1611719495,1611719516,1611719561,1611719567,1611719567,1611719568,1611719583,21,51,16
stage_out_local_local,0_6,16423.000.000,192.168.1.4,1611720262,1611720268,1611720294,1611720299,1611720299,1611720299,1611720305,6,31,6
mProject,ID0000007,15922.000.000,192.168.1.164,1611716335,1611716356,1611718159,1611718166,1611718166,1611718169,1611718178,21,1810,12
DAGMAN,,15870.0,,1611715999,,,,,,1611720437,,,
mProject,ID0000012,15927.000.000,192.168.1.167,1611716346,1611716356,1611718166,1611718178,1611718178,1611718180,1611718192,10,1822,14
mDiffFit,ID0000017,16171.000.000,192.168.1.168,1611718811,1611718826,1611718845,1611718857,1611718857,1611718858,1611718872,15,31,15
mDiffFit,ID0000365,16060.000.000,192.168.1.171,1611718136,1611718240,1611718254,1611718269,1611718269,1611718270,1611718283,104,29,14
mBackground,ID0000467,16340.000.000,192.168.1.165,1611719662,1611719684,1611719739,1611719742,1611719742,1611719744,1611719759,22,58,17
mDiffFit,ID0000221,16271.000.000,192.168.1.168,1611719322,1611719344,1611719346,1611719359,1611719359,1611719361,1611719374,22,15,15
clean_up_local_level,7_3,16191.000.000,192.168.1.4,1611718929,1611718934,1611718947,1611718960,1611718960,1611718961,1611718972,5,26,12
mDiffFit,ID0000396,16114.000.000,192.168.1.161,1611718478,1611718534,1611718581,1611718594,1611718594,1611718596,1611718607,56,60,13
register_local,13_1,16285.000.000,192.168.1.4,1611719395,1611719400,1611719405,1611719413,1611719413,1611719415,1611719427,5,13,14
mDiffFit,ID0000332,16072.000.000,192.168.1.164,1611718221,1611718306,1611718312,1611718323,1611718323,1611718325,1611718338,85,17,15
mDiffFit,ID0000023,16249.000.000,192.168.1.161,1611719226,1611719245,1611719252,1611719254,1611719254,1611719255,1611719267,19,9,13
mDiffFit,ID0000437,16064.000.000,192.168.1.161,1611718164,1611718306,1611718321,1611718323,1611718323,1611718326,1611718338,142,17,15
mDiffFit,ID0000280,15942.000.000,192.168.1.171,1611717418,1611717451,1611717457,1611717463,1611717463,1611717465,1611717475,33,12,12
mDiffFit,ID0000418,16289.000.000,192.168.1.165,1611719408,1611719436,1611719452,1611719463,1611719463,1611719464,1611719479,28,27,16
mDiffFit,ID0000408,16105.000.000,192.168.1.170,1611718424,1611718458,1611718481,1611718491,1611718491,1611718492,1611718503,34,33,12
mProject,ID0000329,15902.000.000,192.168.1.161,1611716303,1611716318,1611717869,1611717873,1611717873,1611717874,1611717887,15,1555,14
mDiffFit,ID0000230,16022.000.000,192.168.1.171,1611717885,1611717945,1611717956,1611717958,1611717958,1611717961,1611717970,60,13,12
mDiffFit,ID0000201,15990.000.000,192.168.1.171,1611717700,1611717720,1611717725,1611717731,1611717731,1611717733,1611717744,20,11,13
mDiffFit,ID0000053,16189.000.000,192.168.1.161,1611718918,1611718933,1611718936,1611718948,1611718948,1611718948,1611718960,15,15,12
mDiffFit,ID0000292,15966.000.000,192.168.1.166,1611717567,1611717600,1611717606,1611717610,1611717610,1611717611,1611717623,33,10,13
mAdd,ID0000313,16368.000.000,192.168.1.161,1611719841,1611719908,1611719932,1611719937,1611719937,1611719938,1611719943,67,29,6
mDiffFit,ID0000271,15994.000.000,192.168.1.171,1611717726,1611717741,1611717743,1611717744,1611717744,1611717747,1611717757,15,3,13
clean_up_local_level,0_10,16432.000.000,192.168.1.4,1611720347,1611720347,1611720362,1611720363,1611720363,1611720363,1611720369,0,16,6
mDiffFit,ID0000074,16330.000.000,192.168.1.165,1611719595,1611719634,1611719668,1611719672,1611719672,1611719674,1611719684,39,38,12
mDiffFit,ID0000336,16108.000.000,192.168.1.168,1611718446,1611718499,1611718507,1611718517,1611718517,1611718519,1611718531,53,18,14
mProject,ID0000166,15916.000.000,192.168.1.169,1611716327,1611716338,1611717422,1611717437,1611717437,1611717438,1611717451,11,1099,14
mDiffFit,ID0000094,16207.000.000,192.168.1.165,1611719009,1611719038,1611719055,1611719062,1611719062,1611719064,1611719076,29,24,14
mDiffFit,ID0000289,15991.000.000,192.168.1.169,1611717705,1611717725,1611717731,1611717744,1611717744,1611717745,1611717757,20,19,13
mDiffFit,ID0000404,16095.000.000,192.168.1.165,1611718361,1611718443,1611718465,1611718479,1611718479,1611718481,1611718491,82,36,12
stage_in_remote_local,0_7,15876.000.000,192.168.1.4,1611716019,1611716023,1611716026,1611716031,1611716031,1611716031,1611716037,4,8,6
register_local,33_1,16258.000.000,192.168.1.4,1611719261,1611719264,1611719273,1611719275,1611719275,1611719276,1611719290,3,11,15
mDiffFit,ID0000114,16178.000.000,192.168.1.165,1611718853,1611718872,1611718880,1611718885,1611718885,1611718887,1611718898,19,13,13
mBgModel,ID0000295,16296.000.000,192.168.1.168,1611719446,1611719452,1611719465,1611719479,1611719479,1611719479,1611719489,6,27,10
mDiffFit,ID0000120,16156.000.000,192.168.1.164,1611718733,1611718747,1611718758,1611718767,1611718767,1611718769,1611718778,14,20,11
register_local,16_1,16405.000.000,192.168.1.4,1611720117,1611720126,1611720128,1611720133,1611720133,1611720133,1611720144,9,7,11
mDiffFit,ID0000373,16116.000.000,192.168.1.170,1611718489,1611718531,1611718537,1611718547,1611718547,1611718550,1611718565,42,16,18
mDiffFit,ID0000210,16040.000.000,192.168.1.170,1611718006,1611718058,1611718068,1611718081,1611718081,1611718082,1611718094,52,23,13
register_local,15_1,16241.000.000,192.168.1.4,1611719187,1611719188,1611719194,1611719205,1611719205,1611719207,1611719217,1,17,12
mDiffFit,ID0000182,16261.000.000,192.168.1.165,1611719274,1611719324,1611719331,1611719343,1611719343,1611719344,1611719359,50,19,16
stage_in_remote_local,0_4,15879.000.000,192.168.1.4,1611716025,1611716027,1611716030,1611716031,1611716031,1611716032,1611716037,2,4,6
mDiffFit,ID0000019,16193.000.000,192.168.1.161,1611718942,1611718960,1611718964,1611718972,1611718972,1611718973,1611718987,18,12,15
mBackground,ID0000460,16350.000.000,192.168.1.171,1611719737,1611719756,1611719797,1611719808,1611719808,1611719809,1611719823,19,52,15
mDiffFit,ID0000445,16046.000.000,192.168.1.161,1611718040,1611718158,1611718181,1611718192,1611718192,1611718194,1611718205,118,34,13
mDiffFit,ID0000400,16099.000.000,192.168.1.163,1611718385,1611718438,1611718468,1611718479,1611718479,1611718482,1611718491,53,41,12
mDiffFit,ID0000104,16243.000.000,192.168.1.164,1611719191,1611719203,1611719217,1611719230,1611719230,1611719231,1611719242,12,27,12
mDiffFit,ID0000185,15944.000.000,192.168.1.169,1611717432,1611717467,1611717490,1611717506,1611717506,1611717507,1611717518,35,39,12
mDiffFit,ID0000132,16164.000.000,192.168.1.161,1611718773,1611718789,1611718794,1611718803,1611718803,1611718805,1611718817,16,14,14
mDiffFit,ID0000195,15984.000.000,192.168.1.171,1611717671,1611717689,1611717695,1611717706,1611717706,1611717708,1611717719,18,17,13
mDiffFit,ID0000420,16276.000.000,192.168.1.165,1611719353,1611719372,1611719375,1611719388,1611719388,1611719390,1611719400,19,16,12
register_local,3_0,16442.000.000,192.168.1.4,1611720416,1611720416,1611720419,1611720421,1611720421,1611720421,1611720427,0,5,6
mDiffFit,ID0000388,16115.000.000,192.168.1.171,1611718486,1611718532,1611718565,1611718581,1611718581,1611718583,1611718594,46,49,13
mDiffFit,ID0000220,15975.000.000,192.168.1.163,1611717608,1611717643,1611717648,1611717652,1611717652,1611717653,1611717664,35,9,12
mProject,ID0000169,15907.000.000,192.168.1.166,1611716310,1611716319,1611717500,1611717506,1611717506,1611717509,1611717518,9,1187,12
mProject,ID0000325,15920.000.000,192.168.1.164,1611716333,1611716340,1611717922,1611717928,1611717928,1611717932,1611717943,7,1588,15
mDiffFit,ID0000090,16158.000.000,192.168.1.168,1611718740,1611718757,1611718764,1611718767,1611718767,1611718771,1611718778,17,10,11
stage_in_remote_local,0_3,15880.000.000,192.168.1.4,1611716026,1611716027,1611716032,1611716037,1611716037,1611716038,1611716042,1,10,5
mDiffFit,ID0000351,16290.000.000,192.168.1.165,1611719408,1611719438,1611719450,1611719452,1611719452,1611719452,1611719463,30,14,11
mDiffFit,ID0000331,16138.000.000,192.168.1.166,1611718628,1611718653,1611718681,1611718682,1611718682,1611718684,1611718698,25,29,16
mDiffFit,ID0000450,16083.000.000,192.168.1.168,1611718294,1611718348,1611718367,1611718376,1611718376,1611718377,1611718388,54,28,12
register_local,3_4,16414.000.000,192.168.1.4,1611720165,1611720166,1611720168,1611720172,1611720172,1611720172,1611720177,1,6,5
mProject,ID0000015,15899.000.000,192.168.1.161,1611716282,1611716296,1611718082,1611718094,1611718094,1611718096,1611718107,14,1798,13
mDiffFit,ID0000429,16077.000.000,192.168.1.165,1611718258,1611718313,1611718321,1611718323,1611718323,1611718327,1611718338,55,10,15
mDiffFit,ID0000098,16303.000.000,192.168.1.165,1611719473,1611719491,1611719495,1611719502,1611719502,1611719505,1611719516,18,11,14
clean_up_local_level,0_3,16230.000.000,192.168.1.4,1611719128,1611719132,1611719149,1611719150,1611719150,1611719156,1611719165,4,18,15
mDiffFit,ID0000424,16065.000.000,192.168.1.161,1611718173,1611718310,1611718322,1611718323,1611718323,1611718328,1611718338,137,13,15
mDiffFit,ID0000233,15998.000.000,192.168.1.171,1611717743,1611717759,1611717763,1611717770,1611717770,1611717771,1611717783,16,11,13
mBackground,ID0000141,16394.000.000,192.168.1.171,1611720001,1611720067,1611720116,1611720118,1611720118,1611720118,1611720127,66,51,9
mDiffFit,ID0000131,16309.000.000,192.168.1.165,1611719489,1611719517,1611719552,1611719555,1611719555,1611719556,1611719567,28,38,12
stage_in_remote_local,1_1,15881.000.000,192.168.1.4,1611716026,1611716027,1611716029,1611716031,1611716031,1611716031,1611716037,1,4,6
mDiffFit,ID0000438,16063.000.000,192.168.1.161,1611718161,1611718299,1611718328,1611718338,1611718338,1611718339,1611718352,138,39,14
mDiffFit,ID0000367,16067.000.000,192.168.1.170,1611718186,1611718256,1611718269,1611718283,1611718283,1611718285,1611718297,70,27,14
mDiffFit,ID0000070,16238.000.000,192.168.1.165,1611719163,1611719177,1611719181,1611719192,1611719192,1611719192,1611719205,14,15,13
mDiffFit,ID0000056,16307.000.000,192.168.1.165,1611719488,1611719517,1611719521,1611719528,1611719528,1611719530,1611719541,29,11,13
mDiffFit,ID0000127,16222.000.000,192.168.1.161,1611719098,1611719130,1611719138,1611719150,1611719150,1611719151,1611719165,32,20,15
mBackground,ID0000468,16339.000.000,192.168.1.161,1611719652,1611719671,1611719720,1611719730,1611719730,1611719730,1611719742,19,59,12
mProject,ID0000158,15898.000.000,192.168.1.168,1611716282,1611716296,1611717392,1611717394,1611717394,1611717397,1611717402,14,1098,8
mDiffFit,ID0000032,16174.000.000,192.168.1.164,1611718827,1611718845,1611718861,1611718872,1611718872,1611718875,1611718885,18,27,13
register_local,18_1,16331.000.000,192.168.1.4,1611719606,1611719610,1611719619,1611719626,1611719626,1611719627,1611719641,4,16,15
mDiffFit,ID0000267,15957.000.000,192.168.1.170,1611717516,1611717539,1611717547,1611717558,1611717558,1611717560,1611717570,23,19,12
clean_up_local_level,4_3,16075.000.000,192.168.1.4,1611718242,1611718246,1611718261,1611718269,1611718269,1611718271,1611718283,4,23,14
mDiffFit,ID0000093,16202.000.000,192.168.1.165,1611718979,1611719000,1611719005,1611719012,1611719012,1611719013,1611719025,21,12,13
mDiffFit,ID0000059,16369.000.000,192.168.1.168,1611719844,1611719864,1611719868,1611719872,1611719872,1611719873,1611719880,20,8,8
mDiffFit,ID0000175,16041.000.000,192.168.1.163,1611718009,1611718181,1611718192,1611718205,1611718205,1611718208,1611718223,172,24,18
mDiffFit,ID0000058,16236.000.000,192.168.1.161,1611719148,1611719173,1611719178,1611719180,1611719180,1611719181,1611719192,25,7,12
mDiffFit,ID0000048,16166.000.000,192.168.1.165,1611718777,1611718818,1611718828,1611718829,1611718829,1611718833,1611718845,41,11,16
mDiffFit,ID0000194,16028.000.000,192.168.1.161,1611717926,1611718024,1611718038,1611718043,1611718043,1611718045,1611718055,98,19,12
mDiffFit,ID0000024,16177.000.000,192.168.1.168,1611718842,1611718861,1611718868,1611718872,1611718872,1611718876,1611718885,19,11,13
mDiffFit,ID0000448,16050.000.000,192.168.1.164,1611718064,1611718174,1611718219,1611718223,1611718223,1611718225,1611718235,110,49,12
mDiffFit,ID0000389,16121.000.000,192.168.1.168,1611718516,1611718551,1611718571,1611718581,1611718581,1611718585,1611718594,35,30,13
mDiffFit,ID0000359,16129.000.000,192.168.1.168,1611718572,1611718605,1611718611,1611718621,1611718621,1611718622,1611718633,33,16,12
register_local,0_5,16417.000.000,192.168.1.4,1611720177,1611720180,1611720183,1611720187,1611720187,1611720187,1611720194,3,7,7
mBgModel,ID0000452,16326.000.000,192.168.1.171,1611719565,1611719571,1611719589,1611719598,1611719598,1611719601,1611719613,6,27,15
mDiffFit,ID0000108,16240.000.000,192.168.1.161,1611719175,1611719190,1611719192,1611719205,1611719205,1611719206,1611719217,15,15,12
mDiffFit,ID0000066,16223.000.000,192.168.1.168,1611719100,1611719121,1611719141,1611719150,1611719150,1611719153,1611719165,21,29,15
register_local,4_4,16411.000.000,192.168.1.4,1611720143,1611720150,1611720157,1611720160,1611720160,1611720160,1611720165,7,10,5
mBackground,ID0000302,16316.000.000,192.168.1.168,1611719523,1611719543,1611719616,1611719626,1611719626,1611719626,1611719641,20,83,15
clean_up_local_level,3_3,16057.000.000,192.168.1.4,1611718115,1611718119,1611718134,1611718140,1611718140,1611718142,1611718152,4,21,12
mProject,ID0000168,15897.000.000,192.168.1.168,1611716282,1611716296,1611717384,1611717388,1611717388,1611717389,1611717394,14,1092,6
mDiffFit,ID0000391,16152.000.000,192.168.1.168,1611718706,1611718726,1611718729,1611718741,1611718741,1611718743,1611718754,20,15,13
mDiffFit,ID0000290,15943.000.000,192.168.1.163,1611717420,1611717468,1611717477,1611717488,1611717488,1611717489,1611717506,48,20,18
mDiffFit,ID0000078,16367.000.000,192.168.1.171,1611719834,1611719856,1611719863,1611719867,1611719867,1611719867,1611719872,22,11,5
mDiffFit,ID0000096,16217.000.000,192.168.1.165,1611719057,1611719090,1611719099,1611719106,1611719106,1611719109,1611719121,33,16,15
mDiffFit,ID0000191,16001.000.000,192.168.1.166,1611717765,1611717783,1611717801,1611717812,1611717812,1611717814,1611717826,18,29,14
stage_in_local_local,0_0,15875.000.000,192.168.1.4,1611716019,1611716023,1611716263,1611716263,1611716263,1611716263,1611716268,4,240,5
clean_up_local_level,0_6,16380.000.000,192.168.1.4,1611719949,1611719951,1611719968,1611719979,1611719979,1611719979,1611719991,2,28,12
mDiffFit,ID0000423,16086.000.000,192.168.1.165,1611718316,1611718355,1611718388,1611718401,1611718401,1611718402,1611718413,39,46,12
mDiffFit,ID0000045,16228.000.000,192.168.1.168,1611719116,1611719143,1611719146,1611719150,1611719150,1611719155,1611719165,27,7,15
mDiffFit,ID0000393,16119.000.000,192.168.1.166,1611718511,1611718568,1611718581,1611718581,1611718581,1611718586,1611718594,57,13,13
mDiffFit,ID0000277,16255.000.000,192.168.1.165,1611719249,1611719271,1611719287,1611719290,1611719290,1611719291,1611719302,22,19,12
mDiffFit,ID0000347,16132.000.000,192.168.1.166,1611718589,1611718621,1611718626,1611718633,1611718633,1611718635,1611718651,32,12,18
mBackground,ID0000154,16384.000.000,192.168.1.165,1611719963,1611719993,1611720074,1611720079,1611720079,1611720082,1611720087,30,86,8
clean_up_local_level,6_3,16122.000.000,192.168.1.4,1611718525,1611718528,1611718542,1611718547,1611718547,1611718551,1611718565,3,19,18
mProject,ID0000317,15931.000.000,192.168.1.162,1611716352,1611716360,1611717909,1611717916,1611717916,1611717917,1611717928,8,1556,12
mViewer,ID0000314,16381.000.000,192.168.1.165,1611719951,1611719960,1611719991,1611720004,1611720004,1611720005,1611720017,9,44,13
clean_up_local_level,0_7,16412.000.000,192.168.1.4,1611720151,1611720157,1611720174,1611720177,1611720177,1611720177,1611720182,6,20,5
mDiffFit,ID0000273,16260.000.000,192.168.1.161,1611719273,1611719289,1611719309,1611719315,1611719315,1611719316,1611719328,16,26,13
mDiffFit,ID0000262,16024.000.000,192.168.1.166,1611717901,1611717970,1611717982,1611717983,1611717983,1611717985,1611717996,69,13,13
mDiffFit,ID0000178,15951.000.000,192.168.1.162,1611717473,1611717520,1611717545,1611717558,1611717558,1611717559,1611717570,47,38,12
mDiffFit,ID0000382,16052.000.000,192.168.1.165,1611718077,1611718211,1611718225,1611718235,1611718235,1611718236,1611718251,134,24,16
mDiffFit,ID0000116,16183.000.000,192.168.1.165,1611718880,1611718895,1611718920,1611718923,1611718923,1611718925,1611718935,15,28,12
mBackground,ID0000142,16386.000.000,192.168.1.168,1611719965,1611719997,1611720093,1611720095,1611720095,1611720096,1611720101,32,98,6
mDiffFit,ID0000397,16288.000.000,192.168.1.168,1611719407,1611719425,1611719430,1611719439,1611719439,1611719440,1611719452,18,14,13
clean_up_local_level,8_3,16231.000.000,192.168.1.4,1611719133,1611719143,1611719155,1611719165,1611719165,1611719166,1611719180,10,22,15
register_local,7_1,16427.000.000,192.168.1.4,1611720280,1611720284,1611720294,1611720299,1611720299,1611720299,1611720305,4,15,6
mDiffFit,ID0000109,16176.000.000,192.168.1.165,1611718839,1611718861,1611718888,1611718898,1611718898,1611718899,1611718911,22,37,13
register_local,0_6,16429.000.000,192.168.1.4,1611720315,1611720315,1611720318,1611720320,1611720320,1611720320,1611720325,0,5,5
register_local,4_1,16430.000.000,192.168.1.4,1611720325,1611720325,1611720328,1611720330,1611720330,1611720330,1611720336,0,5,6
mDiffFit,ID0000285,16015.000.000,192.168.1.163,1611717839,1611717910,1611717919,1611717928,1611717928,1611717932,1611717943,71,18,15
mProject,ID0000162,15934.000.000,192.168.1.162,1611716352,1611716360,1611717480,1611717488,1611717488,1611717489,1611717506,8,1128,18
register_local,27_1,16351.000.000,192.168.1.4,1611719741,1611719747,1611719758,1611719759,1611719759,1611719760,1611719781,6,12,22
mBackground,ID0000153,16387.000.000,192.168.1.168,1611719974,1611719997,1611720099,1611720101,1611720101,1611720104,1611720107,23,104,6
mDiffFit,ID0000348,16130.000.000,192.168.1.164,1611718575,1611718607,1611718623,1611718633,1611718633,1611718634,1611718651,32,26,18
mBackground,ID0000144,16383.000.000,192.168.1.165,1611719961,1611719993,1611720075,1611720079,1611720079,1611720083,1611720087,32,86,8
mProject,ID0000323,15900.000.000,192.168.1.161,1611716282,1611716296,1611717851,1611717853,1611717853,1611717855,1611717873,14,1557,20
mBackground,ID0000465,16346.000.000,192.168.1.168,1611719708,1611719727,1611719779,1611719781,1611719781,1611719783,1611719793,19,54,12
mDiffFit,ID0000288,15963.000.000,192.168.1.171,1611717552,1611717570,1611717578,1611717582,1611717582,1611717583,1611717594,18,12,12
mDiffFit,ID0000082,16201.000.000,192.168.1.165,1611718970,1611718996,1611719016,1611719025,1611719025,1611719026,1611719037,26,29,12
mProject,ID0000172,15933.000.000,192.168.1.162,1611716352,1611716359,1611717465,1611717475,1611717475,1611717476,1611717488,7,1116,13
mDiffFit,ID0000441,16149.000.000,192.168.1.161,1611718689,1611718713,1611718718,1611718727,1611718727,1611718729,1611718741,24,14,14
mDiffFit,ID0000067,16196.000.000,192.168.1.164,1611718945,1611718965,1611718972,1611718987,1611718987,1611718988,1611718999,20,22,12
mDiffFit,ID0000197,15978.000.000,192.168.1.170,1611717633,1611717653,1611717657,1611717664,1611717664,1611717665,1611717678,20,11,14
mDiffFit,ID0000402,16097.000.000,192.168.1.171,1611718374,1611718428,1611718438,1611718451,1611718451,1611718453,1611718464,54,23,13
cleanup_montage,local_0,16439.000.000,192.168.1.4,1611720391,1611720391,1611720394,1611720396,1611720396,1611720396,1611720401,0,5,5
mProject,ID0000327,15930.000.000,192.168.1.167,1611716351,1611716357,1611717847,1611717853,1611717853,1611717854,1611717873,6,1496,20
