Job,ID,DagmanID,Node IP,SUBMIT,EXECUTE,JOB_TERMINATED,JOB_SUCCESS,POST_SCRIPT_STARTED,POST_SCRIPT_TERMINATED,POST_SCRIPT_SUCCESS,wait_time,exec_time,ps_time
mDiffFit,ID0000183,14222.000.000,192.168.1.165,1611669365,1611669415,1611669416,1611669425,1611669425,1611669425,1611669430,50,10,5
mConcatFit,ID0000137,14651.000.000,192.168.1.168,1611672222,1611672226,1611672232,1611672237,1611672237,1611672238,1611672242,4,11,5
mBackground,ID0000143,14662.000.000,192.168.1.168,1611672290,1611672308,1611672367,1611672373,1611672373,1611672374,1611672386,18,65,13
mDiffFit,ID0000101,14552.000.000,192.168.1.168,1611671707,1611671725,1611671731,1611671741,1611671741,1611671743,1611671755,18,16,14
mDiffFit,ID0000021,14342.000.000,192.168.1.168,1611670270,1611670340,1611670385,1611670398,1611670398,1611670399,1611670411,70,58,13
mDiffFit,ID0000362,14477.000.000,192.168.1.165,1611671256,1611671277,1611671295,1611671301,1611671301,1611671302,1611671313,21,24,12
mDiffFit,ID0000095,14371.000.000,192.168.1.162,1611670431,1611670537,1611670588,1611670602,1611670602,1611670603,1611670616,106,65,14
mDiffFit,ID0000047,14529.000.000,192.168.1.161,1611671577,1611671594,1611671598,1611671610,1611671610,1611671611,1611671625,17,16,15
mBackground,ID0000303,14492.000.000,192.168.1.165,1611671341,1611671359,1611671393,1611671403,1611671403,1611671406,1611671417,18,44,14
mProject,ID0000325,14198.000.000,192.168.1.162,1611668351,1611668364,1611669942,1611669948,1611669948,1611669949,1611669954,13,1584,6
mBackground,ID0000302,14493.000.000,192.168.1.165,1611671350,1611671367,1611671400,1611671403,1611671403,1611671406,1611671417,17,36,14
mDiffFit,ID0000409,14574.000.000,192.168.1.168,1611671817,1611671837,1611671857,1611671860,1611671860,1611671861,1611671872,20,23,12
mDiffFit,ID0000042,14609.000.000,192.168.1.168,1611671976,1611671995,1611671999,1611672007,1611672007,1611672008,1611672020,19,12,13
register_local,30_1,14594.000.000,192.168.1.4,1611671910,1611671917,1611671921,1611671931,1611671931,1611671933,1611671945,7,14,14
mBackground,ID0000145,14659.000.000,192.168.1.168,1611672278,1611672286,1611672302,1611672305,1611672305,1611672306,1611672316,8,19,11
mProject,ID0000012,14205.000.000,192.168.1.166,1611668358,1611669616,1611671381,1611671391,1611671391,1611671393,1611671403,1258,1775,12
mDiffFit,ID0000344,14312.000.000,192.168.1.168,1611670101,1611670170,1611670180,1611670189,1611670189,1611670190,1611670203,69,19,14
stage_in_remote_local,0_6,14155.000.000,192.168.1.4,1611667991,1611667994,1611667999,1611668003,1611668003,1611668003,1611668009,3,9,6
mDiffFit,ID0000056,14532.000.000,192.168.1.161,1611671592,1611671610,1611671613,1611671625,1611671625,1611671626,1611671639,18,15,14
mDiffFit,ID0000094,14373.000.000,192.168.1.162,1611670435,1611670544,1611670604,1611670616,1611670616,1611670617,1611670633,109,72,17
mDiffFit,ID0000020,14326.000.000,192.168.1.168,1611670184,1611670251,1611670284,1611670298,1611670298,1611670300,1611670312,67,47,14
mDiffFit,ID0000263,14433.000.000,192.168.1.168,1611671011,1611671038,1611671046,1611671050,1611671050,1611671054,1611671062,27,12,12
mProject,ID0000322,14186.000.000,192.168.1.163,1611668273,1611668284,1611669816,1611669818,1611669818,1611669818,1611669823,11,1534,5
mBackground,ID0000454,14633.000.000,192.168.1.165,1611672089,1611672105,1611672154,1611672159,1611672159,1611672160,1611672173,16,54,14
mViewer,ID0000472,14702.000.000,192.168.1.165,1611672553,1611672583,1611672630,1611672633,1611672633,1611672633,1611672638,30,50,5
mProject,ID0000164,14191.000.000,192.168.1.164,1611668339,1611668360,1611669466,1611669470,1611669470,1611669471,1611669476,21,1110,6
mDiffFit,ID0000371,14282.000.000,192.168.1.164,1611669913,1611669983,1611669989,1611669992,1611669992,1611669994,1611670005,70,9,13
mDiffFit,ID0000206,14385.000.000,192.168.1.164,1611670526,1611670589,1611670618,1611670633,1611670633,1611670634,1611670650,63,44,17
mDiffFit,ID0000077,14565.000.000,192.168.1.168,1611671774,1611671788,1611671791,1611671794,1611671794,1611671795,1611671807,14,6,13
mDiffFit,ID0000425,14511.000.000,192.168.1.161,1611671478,1611671509,1611671513,1611671525,1611671525,1611671527,1611671541,31,16,16
mDiffFit,ID0000254,14379.000.000,192.168.1.168,1611670488,1611670569,1611670589,1611670602,1611670602,1611670604,1611670616,81,33,14
mViewer,ID0000471,14677.000.000,192.168.1.161,1611672380,1611672407,1611672429,1611672431,1611672431,1611672431,1611672438,27,24,7
mDiffFit,ID0000394,14301.000.000,192.168.1.168,1611670042,1611670107,1611670119,1611670132,1611670132,1611670133,1611670151,65,25,19
mDiffFit,ID0000279,14253.000.000,192.168.1.165,1611669550,1611669587,1611669602,1611669603,1611669603,1611669604,1611669609,37,16,6
mDiffFit,ID0000446,14279.000.000,192.168.1.164,1611669907,1611669932,1611669933,1611669935,1611669935,1611669937,1611669942,25,3,7
stage_in_remote_local,0_0,14152.000.000,192.168.1.4,1611667986,1611667990,1611667993,1611667997,1611667997,1611667998,1611668003,4,7,6
mDiffFit,ID0000115,14357.000.000,192.168.1.168,1611670351,1611670431,1611670449,1611670453,1611670453,1611670454,1611670465,80,22,12
clean_up_local_level,6_7,14682.000.000,192.168.1.4,1611672425,1611672430,1611672442,1611672445,1611672445,1611672446,1611672458,5,15,13
mDiffFit,ID0000227,14415.000.000,192.168.1.168,1611670924,1611670938,1611670941,1611670944,1611670944,1611670946,1611670957,14,6,13
mDiffFit,ID0000214,14389.000.000,192.168.1.167,1611670552,1611670613,1611670621,1611670633,1611670633,1611670635,1611670650,61,20,17
mDiffFit,ID0000392,14304.000.000,192.168.1.166,1611670058,1611670143,1611670151,1611670164,1611670164,1611670165,1611670177,85,21,13
mAdd,ID0000470,14655.000.000,192.168.1.161,1611672248,1611672294,1611672364,1611672367,1611672367,1611672368,1611672374,46,73,7
mProject,ID0000007,14200.000.000,192.168.1.162,1611668352,1611668364,1611670228,1611670233,1611670233,1611670235,1611670246,12,1869,13
mDiffFit,ID0000403,14466.000.000,192.168.1.168,1611671210,1611671233,1611671238,1611671248,1611671248,1611671248,1611671264,23,15,16
mDiffFit,ID0000083,14556.000.000,192.168.1.165,1611671720,1611671743,1611671755,1611671767,1611671767,1611671768,1611671779,23,24,12
mDiffFit,ID0000078,14599.000.000,192.168.1.165,1611671930,1611671955,1611671959,1611671969,1611671969,1611671969,1611671979,25,14,10
mDiffFit,ID0000197,14249.000.000,192.168.1.165,1611669526,1611669565,1611669570,1611669582,1611669582,1611669583,1611669590,39,17,8
mProject,ID0000316,14209.000.000,192.168.1.165,1611668365,1611669623,1611671177,1611671186,1611671186,1611671187,1611671201,1258,1563,15
mDiffFit,ID0000079,14323.000.000,192.168.1.164,1611670162,1611670251,1611670263,1611670272,1611670272,1611670274,1611670285,89,21,13
mDiffFit,ID0000350,14591.000.000,192.168.1.168,1611671898,1611671916,1611671927,1611671931,1611671931,1611671934,1611671945,18,15,14
register_local,15_1,14652.000.000,192.168.1.4,1611672231,1611672233,1611672235,1611672237,1611672237,1611672238,1611672242,2,4,5
mProject,ID0000166,14213.000.000,192.168.1.161,1611668371,1611669855,1611670962,1611670970,1611670970,1611670973,1611670983,1484,1115,13
stage_in_remote_local,0_3,14158.000.000,192.168.1.4,1611667992,1611667994,1611667998,1611668003,1611668003,1611668003,1611668009,2,9,6
mBackground,ID0000297,14490.000.000,192.168.1.168,1611671336,1611671347,1611671384,1611671391,1611671391,1611671394,1611671403,11,44,12
mDiffFit,ID0000046,14619.000.000,192.168.1.165,1611672026,1611672042,1611672055,1611672058,1611672058,1611672059,1611672070,16,16,12
mProject,ID0000321,14215.000.000,192.168.1.161,1611668372,1611669882,1611671439,1611671442,1611671442,1611671446,1611671454,1510,1560,12
register_local,27_1,14536.000.000,192.168.1.4,1611671616,1611671624,1611671634,1611671639,1611671639,1611671640,1611671658,8,15,19
mDiffFit,ID0000096,14569.000.000,192.168.1.168,1611671789,1611671808,1611671815,1611671820,1611671820,1611671824,1611671835,19,12,15
mDiffFit,ID0000245,14378.000.000,192.168.1.161,1611670478,1611670543,1611670557,1611670560,1611670560,1611670564,1611670574,65,17,14
mBackground,ID0000468,14627.000.000,192.168.1.168,1611672055,1611672098,1611672171,1611672173,1611672173,1611672176,1611672190,43,75,17
stage_in_remote_local,0_5,14156.000.000,192.168.1.4,1611667991,1611667994,1611667999,1611668003,1611668003,1611668003,1611668009,3,9,6
register_local,1_0,14721.000.000,192.168.1.4,1611672724,1611672725,1611672727,1611672730,1611672730,1611672730,1611672735,1,5,5
mDiffFit,ID0000061,14646.000.000,192.168.1.168,1611672186,1611672199,1611672203,1611672205,1611672205,1611672205,1611672211,13,6,6
mProject,ID0000001,14174.000.000,192.168.1.168,1611668248,1611668265,1611669962,1611669970,1611669970,1611669972,1611669983,17,1705,13
mProject,ID0000329,14189.000.000,192.168.1.164,1611668338,1611668339,1611669891,1611669896,1611669896,1611669896,1611669901,1,1557,5
mBackground,ID0000464,14621.000.000,192.168.1.168,1611672038,1611672046,1611672064,1611672070,1611672070,1611672070,1611672083,8,24,13
mDiffFit,ID0000075,14325.000.000,192.168.1.168,1611670175,1611670250,1611670277,1611670285,1611670285,1611670286,1611670298,75,35,13
mDiffFit,ID0000104,14573.000.000,192.168.1.165,1611671813,1611671835,1611671852,1611671860,1611671860,1611671860,1611671872,22,25,12
mProject,ID0000016,14196.000.000,192.168.1.167,1611668346,1611668363,1611670136,1611670151,1611670151,1611670152,1611670164,17,1788,13
mDiffFit,ID0000421,14280.000.000,192.168.1.164,1611669907,1611669943,1611669945,1611669948,1611669948,1611669950,1611669954,36,5,6
mDiffFit,ID0000230,14402.000.000,192.168.1.167,1611670631,1611670670,1611670674,1611670680,1611670680,1611670681,1611670686,39,10,6
mDiffFit,ID0000404,14465.000.000,192.168.1.165,1611671208,1611671218,1611671229,1611671234,1611671234,1611671235,1611671248,10,16,14
cleanup_montage,local_0,14717.000.000,192.168.1.4,1611672687,1611672687,1611672690,1611672693,1611672693,1611672693,1611672698,0,6,5
mDiffFit,ID0000232,14233.000.000,192.168.1.167,1611669421,1611669478,1611669492,1611669502,1611669502,1611669503,1611669515,57,24,13
clean_up_local_level,2_3,14324.000.000,192.168.1.4,1611670170,1611670174,1611670188,1611670203,1611670203,1611670204,1611670218,4,29,15
mProject,ID0000006,14188.000.000,192.168.1.163,1611668338,1611668339,1611670121,1611670132,1611670132,1611670134,1611670151,1,1793,19
mDiffFit,ID0000237,14232.000.000,192.168.1.164,1611669419,1611669476,1611669479,1611669489,1611669489,1611669490,1611669502,57,13,13
mDiffFit,ID0000071,14339.000.000,192.168.1.167,1611670255,1611670328,1611670355,1611670367,1611670367,1611670368,1611670380,73,39,13
mProject,ID0000163,14172.000.000,192.168.1.165,1611668242,1611668263,1611669392,1611669399,1611669399,1611669400,1611669405,21,1136,6
mDiffFit,ID0000093,14365.000.000,192.168.1.167,1611670392,1611670467,1611670470,1611670480,1611670480,1611670483,1611670495,75,13,15
mDiffFit,ID0000250,14458.000.000,192.168.1.165,1611671162,1611671179,1611671182,1611671186,1611671186,1611671188,1611671201,17,7,15
register_local,4_1,14588.000.000,192.168.1.4,1611671879,1611671885,1611671893,1611671902,1611671902,1611671905,1611671918,6,17,16
mDiffFit,ID0000286,14257.000.000,192.168.1.164,1611669567,1611669606,1611669618,1611669621,1611669621,1611669621,1611669626,39,15,5
mDiffFit,ID0000182,14219.000.000,192.168.1.165,1611669365,1611669404,1611669407,1611669413,1611669413,1611669413,1611669425,39,9,12
register_local,3_4,14689.000.000,192.168.1.4,1611672455,1611672460,1611672463,1611672464,1611672464,1611672464,1611672469,5,4,5
mDiffFit,ID0000217,14413.000.000,192.168.1.165,1611670910,1611670940,1611670946,1611670957,1611670957,1611670958,1611670970,30,17,13
mBackground,ID0000305,14499.000.000,192.168.1.168,1611671386,1611671399,1611671452,1611671454,1611671454,1611671455,1611671470,13,55,16
register_local,4_0,14718.000.000,192.168.1.4,1611672692,1611672693,1611672695,1611672698,1611672698,1611672698,1611672703,1,5,5
mDiffFit,ID0000443,14516.000.000,192.168.1.165,1611671490,1611671513,1611671529,1611671541,1611671541,1611671542,1611671555,23,28,14
mDiffFit,ID0000281,14434.000.000,192.168.1.168,1611671029,1611671047,1611671062,1611671075,1611671075,1611671075,1611671087,18,28,12
mDiffFit,ID0000244,14255.000.000,192.168.1.167,1611669560,1611669594,1611669597,1611669597,1611669597,1611669598,1611669603,34,3,6
mDiffFit,ID0000292,14435.000.000,192.168.1.165,1611671032,1611671051,1611671055,1611671062,1611671062,1611671064,1611671075,19,11,13
mDiffFit,ID0000395,14446.000.000,192.168.1.168,1611671096,1611671114,1611671118,1611671126,1611671126,1611671128,1611671138,18,12,12
mDiffFit,ID0000134,14318.000.000,192.168.1.166,1611670139,1611670192,1611670213,1611670218,1611670218,1611670222,1611670233,53,26,15
stage_out_local_local,0_7,14711.000.000,192.168.1.4,1611672644,1611672650,1611672654,1611672655,1611672655,1611672655,1611672660,6,5,5
register_local,1_4,14691.000.000,192.168.1.4,1611672469,1611672470,1611672472,1611672475,1611672475,1611672475,1611672482,1,5,7
mDiffFit,ID0000284,14383.000.000,192.168.1.163,1611670506,1611670602,1611670608,1611670616,1611670616,1611670619,1611670633,96,14,17
clean_up_local_level,0_10,14710.000.000,192.168.1.4,1611672643,1611672644,1611672658,1611672660,1611672660,1611672660,1611672665,1,16,5
mDiffFit,ID0000202,14247.000.000,192.168.1.164,1611669523,1611669551,1611669555,1611669568,1611669568,1611669569,1611669582,28,17,14
mProject,ID0000161,14212.000.000,192.168.1.165,1611668366,1611669780,1611670888,1611670892,1611670892,1611670892,1611670897,1414,1112,5
mDiffFit,ID0000347,14483.000.000,192.168.1.165,1611671288,1611671315,1611671324,1611671328,1611671328,1611671330,1611671343,27,13,15
mDiffFit,ID0000029,14317.000.000,192.168.1.163,1611670130,1611670233,1611670239,1611670246,1611670246,1611670248,1611670259,103,13,13
mDiffFit,ID0000261,14405.000.000,192.168.1.162,1611670647,1611670686,1611670692,1611670697,1611670697,1611670697,1611670702,39,11,5
mViewer,ID0000314,14568.000.000,192.168.1.165,1611671786,1611671796,1611671831,1611671835,1611671835,1611671837,1611671847,10,39,12
mDiffFit,ID0000253,14258.000.000,192.168.1.167,1611669575,1611669616,1611669624,1611669626,1611669626,1611669627,1611669631,41,10,5
mDiffFit,ID0000193,14252.000.000,192.168.1.166,1611669547,1611669585,1611669603,1611669603,1611669603,1611669605,1611669609,38,18,6
mDiffFit,ID0000032,14533.000.000,192.168.1.161,1611671595,1611671613,1611671635,1611671639,1611671639,1611671640,1611671658,18,26,19
mDiffFit,ID0000136,14358.000.000,192.168.1.166,1611670359,1611670428,1611670447,1611670453,1611670453,1611670454,1611670465,69,25,12
mProject,ID0000328,14169.000.000,192.168.1.165,1611668241,1611668243,1611669740,1611669741,1611669741,1611669741,1611669746,2,1498,5
mDiffFit,ID0000194,14407.000.000,192.168.1.164,1611670661,1611670686,1611670688,1611670692,1611670692,1611670692,1611670697,25,6,5
mDiffFit,ID0000278,14218.000.000,192.168.1.166,1611669365,1611669391,1611669394,1611669399,1611669399,1611669401,1611669405,26,8,6
mDiffFit,ID0000385,14474.000.000,192.168.1.168,1611671246,1611671264,1611671285,1611671289,1611671289,1611671291,1611671301,18,25,12
register_local,31_1,14571.000.000,192.168.1.4,1611671801,1611671806,1611671811,1611671820,1611671820,1611671823,1611671835,5,14,15
register_local,3_0,14363.000.000,192.168.1.4,1611670379,1611670384,1611670393,1611670398,1611670398,1611670400,1611670411,5,14,13
mDiffFit,ID0000176,14422.000.000,192.168.1.165,1611670951,1611670974,1611670983,1611671001,1611671001,1611671002,1611671021,23,27,20
mDiffFit,ID0000381,14275.000.000,192.168.1.161,1611669858,1611669880,1611669881,1611669885,1611669885,1611669888,1611669891,22,5,6
mDiffFit,ID0000224,14418.000.000,192.168.1.165,1611670928,1611670972,1611670977,1611670983,1611670983,1611670984,1611671001,44,11,18
mDiffFit,ID0000267,14453.000.000,192.168.1.165,1611671134,1611671148,1611671150,1611671163,1611671163,1611671165,1611671176,14,15,13
mDiffFit,ID0000238,14234.000.000,192.168.1.166,1611669422,1611669492,1611669501,1611669502,1611669502,1611669503,1611669515,70,10,13
mBackground,ID0000465,14632.000.000,192.168.1.165,1611672081,1611672095,1611672172,1611672173,1611672173,1611672177,1611672190,14,78,17
register_local,0_4,14697.000.000,192.168.1.4,1611672528,1611672530,1611672532,1611672535,1611672535,1611672536,1611672541,2,5,6
mDiffFit,ID0000280,14374.000.000,192.168.1.166,1611670460,1611670505,1611670512,1611670514,1611670514,1611670515,1611670529,45,9,15
mDiffFit,ID0000260,14406.000.000,192.168.1.165,1611670658,1611670683,1611670691,1611670692,1611670692,1611670692,1611670697,25,9,5
mDiffFit,ID0000119,14320.000.000,192.168.1.167,1611670145,1611670227,1611670265,1611670272,1611670272,1611670275,1611670285,82,45,13
mDiffFit,ID0000275,14381.000.000,192.168.1.165,1611670493,1611670539,1611670562,1611670574,1611670574,1611670575,1611670586,46,35,12
register_local,0_7,14715.000.000,192.168.1.4,1611672670,1611672671,1611672673,1611672676,1611672676,1611672676,1611672681,1,5,5
mDiffFit,ID0000068,14618.000.000,192.168.1.165,1611672019,1611672031,1611672035,1611672044,1611672044,1611672045,1611672058,12,13,14
mDiffFit,ID0000117,14560.000.000,192.168.1.165,1611671738,1611671760,1611671768,1611671779,1611671779,1611671780,1611671794,22,19,15
mDiffFit,ID0000388,14298.000.000,192.168.1.168,1611670028,1611670091,1611670123,1611670132,1611670132,1611670134,1611670151,63,41,19
mDiffFit,ID0000264,14401.000.000,192.168.1.164,1611670626,1611670660,1611670665,1611670668,1611670668,1611670669,1611670674,34,8,6
mDiffFit,ID0000431,14517.000.000,192.168.1.165,1611671493,1611671516,1611671524,1611671525,1611671525,1611671528,1611671541,23,9,16
mDiffFit,ID0000228,14235.000.000,192.168.1.164,1611669424,1611669494,1611669510,1611669515,1611669515,1611669519,1611669528,70,21,13
register_local,25_1,14712.000.000,192.168.1.4,1611672644,1611672650,1611672652,1611672655,1611672655,1611672655,1611672660,6,5,5
mDiffFit,ID0000198,14261.000.000,192.168.1.166,1611669589,1611669620,1611669622,1611669626,1611669626,1611669626,1611669631,31,6,5
mDiffFit,ID0000433,14293.000.000,192.168.1.162,1611670001,1611670077,1611670114,1611670118,1611670118,1611670121,1611670132,76,41,14
mDiffFit,ID0000121,14361.000.000,192.168.1.164,1611670374,1611670459,1611670483,1611670495,1611670495,1611670496,1611670508,85,36,13
stage_in_remote_local,0_2,14150.000.000,192.168.1.4,1611667985,1611667985,1611667990,1611667992,1611667992,1611667992,1611667997,0,7,5
mDiffFit,ID0000276,14430.000.000,192.168.1.163,1611670992,1611671021,1611671043,1611671050,1611671050,1611671051,1611671062,29,29,12
mBackground,ID0000144,14660.000.000,192.168.1.165,1611672281,1611672298,1611672341,1611672342,1611672342,1611672345,1611672356,17,44,14
mDiffFit,ID0000050,14555.000.000,192.168.1.168,1611671709,1611671731,1611671747,1611671755,1611671755,1611671758,1611671767,22,24,12
mProject,ID0000005,14187.000.000,192.168.1.163,1611668273,1611668285,1611670022,1611670032,1611670032,1611670034,1611670046,12,1747,14
mDiffFit,ID0000257,14240.000.000,192.168.1.166,1611669488,1611669521,1611669528,1611669540,1611669540,1611669541,1611669554,33,19,14
mDiffFit,ID0000199,14380.000.000,192.168.1.164,1611670491,1611670538,1611670558,1611670560,1611670560,1611670565,1611670574,47,22,14
mDiffFit,ID0000062,14644.000.000,192.168.1.168,1611672166,1611672189,1611672199,1611672205,1611672205,1611672205,1611672211,23,16,6
mDiffFit,ID0000211,14391.000.000,192.168.1.167,1611670570,1611670619,1611670629,1611670633,1611670633,1611670636,1611670650,49,14,17
mDiffFit,ID0000423,14292.000.000,192.168.1.162,1611669999,1611670076,1611670110,1611670118,1611670118,1611670121,1611670132,77,42,14
mDiffFit,ID0000203,14417.000.000,192.168.1.168,1611670927,1611670995,1611671019,1611671021,1611671021,1611671027,1611671037,68,26,16
mDiffFit,ID0000427,14265.000.000,192.168.1.161,1611669803,1611669819,1611669828,1611669829,1611669829,1611669829,1611669834,16,10,5
mDiffFit,ID0000370,14264.000.000,192.168.1.161,1611669797,1611669807,1611669809,1611669812,1611669812,1611669813,1611669818,10,5,6
mDiffFit,ID0000353,14505.000.000,192.168.1.161,1611671424,1611671472,1611671478,1611671483,1611671483,1611671486,1611671495,48,11,12
mDiffFit,ID0000180,14396.000.000,192.168.1.168,1611670594,1611670634,1611670638,1611670650,1611670650,1611670652,1611670662,40,16,12
mDiffFit,ID0000266,14454.000.000,192.168.1.168,1611671137,1611671152,1611671183,1611671186,1611671186,1611671188,1611671201,15,34,15
mDiffFit,ID0000348,14481.000.000,192.168.1.165,1611671284,1611671300,1611671320,1611671327,1611671327,1611671329,1611671343,16,27,16
mDiffFit,ID0000246,14426.000.000,192.168.1.166,1611670969,1611670998,1611671015,1611671021,1611671021,1611671025,1611671037,29,23,16
mBackground,ID0000455,14630.000.000,192.168.1.161,1611672068,1611672089,1611672123,1611672142,1611672142,1611672143,1611672159,21,53,17
mImgtbl,ID0000469,14649.000.000,192.168.1.161,1611672210,1611672232,1611672234,1611672237,1611672237,1611672238,1611672242,22,5,5
clean_up_local_level,5_7,14681.000.000,192.168.1.4,1611672425,1611672425,1611672436,1611672438,1611672438,1611672438,1611672445,0,13,7
mDiffFit,ID0000033,14638.000.000,192.168.1.161,1611672118,1611672157,1611672177,1611672190,1611672190,1611672191,1611672199,39,33,9
register_local,2_0,14720.000.000,192.168.1.4,1611672714,1611672714,1611672716,1611672719,1611672719,1611672719,1611672725,0,5,6
clean_up_local_level,0_4,14650.000.000,192.168.1.4,1611672217,1611672220,1611672232,1611672237,1611672237,1611672237,1611672242,3,17,5
mProject,ID0000324,14197.000.000,192.168.1.162,1611668346,1611668364,1611669948,1611669954,1611669954,1611669956,1611669970,18,1590,16
register_local,4_4,14696.000.000,192.168.1.4,1611672517,1611672518,1611672521,1611672523,1611672523,1611672523,1611672529,1,5,6
mDiffFit,ID0000110,14350.000.000,192.168.1.164,1611670319,1611670389,1611670398,1611670411,1611670411,1611670412,1611670423,70,22,12
mDiffFit,ID0000195,14459.000.000,192.168.1.168,1611671171,1611671206,1611671212,1611671218,1611671218,1611671220,1611671234,35,12,16
mDiffFit,ID0000391,14524.000.000,192.168.1.161,1611671539,1611671566,1611671573,1611671583,1611671583,1611671584,1611671596,27,17,13
register_local,26_1,14547.000.000,192.168.1.4,1611671680,1611671683,1611671691,1611671699,1611671699,1611671700,1611671713,3,16,14
mDiffFit,ID0000189,14392.000.000,192.168.1.162,1611670572,1611670637,1611670688,1611670692,1611670692,1611670692,1611670697,65,55,5
mDiffFit,ID0000035,14345.000.000,192.168.1.162,1611670294,1611670364,1611670445,1611670448,1611670448,1611670449,1611670453,70,84,5
mDiffFit,ID0000334,14310.000.000,192.168.1.162,1611670088,1611670203,1611670269,1611670272,1611670272,1611670277,1611670285,115,69,13
mDiffFit,ID0000074,14334.000.000,192.168.1.163,1611670231,1611670320,1611670397,1611670411,1611670411,1611670412,1611670423,89,91,12
mDiffFit,ID0000407,14576.000.000,192.168.1.165,1611671819,1611671840,1611671845,1611671847,1611671847,1611671849,1611671860,21,7,13
mDiffFit,ID0000098,14370.000.000,192.168.1.164,1611670422,1611670504,1611670527,1611670529,1611670529,1611670530,1611670541,82,25,12
mDiffFit,ID0000415,14271.000.000,192.168.1.161,1611669829,1611669855,1611669857,1611669858,1611669858,1611669859,1611669863,26,3,5
mProject,ID0000326,14208.000.000,192.168.1.166,1611668365,1611669623,1611671186,1611671186,1611671186,1611671189,1611671201,1258,1563,15
register_local,34_1,14698.000.000,192.168.1.4,1611672541,1611672542,1611672545,1611672546,1611672546,1611672546,1611672553,1,4,7
clean_up_local_level,3_7,14687.000.000,192.168.1.4,1611672444,1611672446,1611672459,1611672464,1611672464,1611672464,1611672469,2,18,5
mDiffFit,ID0000130,14567.000.000,192.168.1.165,1611671778,1611671796,1611671809,1611671820,1611671820,1611671822,1611671835,18,24,15
mDiffFit,ID0000070,14612.000.000,192.168.1.168,1611671991,1611672007,1611672009,1611672020,1611672020,1611672021,1611672031,16,13,11
mDiffFit,ID0000434,14291.000.000,192.168.1.162,1611669991,1611670076,1611670109,1611670118,1611670118,1611670120,1611670132,85,42,14
mDiffFit,ID0000259,14399.000.000,192.168.1.165,1611670613,1611670646,1611670655,1611670662,1611670662,1611670664,1611670668,33,16,6
mProject,ID0000317,14180.000.000,192.168.1.161,1611668266,1611668284,1611669785,1611669787,1611669787,1611669787,1611669792,18,1503,5
mDiffFit,ID0000192,14245.000.000,192.168.1.166,1611669510,1611669549,1611669569,1611669582,1611669582,1611669583,1611669590,39,33,8
mDiffFit,ID0000283,14221.000.000,192.168.1.166,1611669365,1611669407,1611669416,1611669425,1611669425,1611669425,1611669430,42,18,5
mDiffFit,ID0000109,14335.000.000,192.168.1.163,1611670240,1611670325,1611670401,1611670411,1611670411,1611670413,1611670423,85,86,12
mDiffFit,ID0000041,14570.000.000,192.168.1.168,1611671792,1611671808,1611671810,1611671820,1611671820,1611671823,1611671835,16,12,15
mDiffFit,ID0000396,14590.000.000,192.168.1.165,1611671894,1611671917,1611671937,1611671945,1611671945,1611671947,1611671957,23,28,12
mDiffFit,ID0000439,14283.000.000,192.168.1.168,1611669964,1611669988,1611670006,1611670019,1611670019,1611670020,1611670032,24,31,13
mConcatFit,ID0000294,14471.000.000,192.168.1.168,1611671240,1611671248,1611671260,1611671264,1611671264,1611671265,1611671276,8,16,12
mDiffFit,ID0000255,14427.000.000,192.168.1.165,1611670978,1611671006,1611671018,1611671021,1611671021,1611671025,1611671037,28,15,16
mDiffFit,ID0000277,14223.000.000,192.168.1.166,1611669388,1611669427,1611669439,1611669441,1611669441,1611669442,1611669447,39,14,6
mDiffFit,ID0000248,14227.000.000,192.168.1.166,1611669410,1611669446,1611669449,1611669452,1611669452,1611669453,1611669458,36,6,6
mDiffFit,ID0000378,14294.000.000,192.168.1.163,1611670003,1611670055,1611670072,1611670076,1611670076,1611670080,1611670090,52,21,14
stage_out_local_local,0_6,14700.000.000,192.168.1.4,1611672552,1611672559,1611672576,1611672580,1611672580,1611672581,1611672586,7,21,6
mDiffFit,ID0000435,14440.000.000,192.168.1.168,1611671060,1611671075,1611671078,1611671087,1611671087,1611671091,1611671101,15,12,14
mProject,ID0000008,14210.000.000,192.168.1.167,1611668365,1611669625,1611671372,1611671373,1611671373,1611671375,1611671391,1260,1748,18
mDiffFit,ID0000413,14581.000.000,192.168.1.165,1611671844,1611671873,1611671886,1611671888,1611671888,1611671889,1611671902,29,15,14
mDiffFit,ID0000037,14545.000.000,192.168.1.165,1611671665,1611671685,1611671689,1611671699,1611671699,1611671700,1611671713,20,14,14
mProject,ID0000327,14179.000.000,192.168.1.161,1611668265,1611668284,1611669755,1611669756,1611669756,1611669756,1611669761,19,1472,5
mDiffFit,ID0000332,14313.000.000,192.168.1.168,1611670110,1611670178,1611670183,1611670189,1611670189,1611670191,1611670203,68,11,14
mDiffFit,ID0000116,14346.000.000,192.168.1.166,1611670297,1611670354,1611670386,1611670398,1611670398,1611670400,1611670411,57,44,13
mDiffFit,ID0000406,14578.000.000,192.168.1.165,1611671832,1611671850,1611671869,1611671872,1611671872,1611671875,1611671888,18,22,16
mDiffFit,ID0000367,14289.000.000,192.168.1.164,1611669990,1611670045,1611670052,1611670059,1611670059,1611670060,1611670076,55,14,17
mProject,ID0000162,14183.000.000,192.168.1.166,1611668267,1611668284,1611669394,1611669399,1611669399,1611669402,1611669405,17,1115,6
mDiffFit,ID0000422,14441.000.000,192.168.1.168,1611671070,1611671085,1611671090,1611671101,1611671101,1611671101,1611671114,15,16,13
mBackground,ID0000460,14636.000.000,192.168.1.161,1611672106,1611672134,1611672190,1611672199,1611672199,1611672199,1611672205,28,65,6
mDiffFit,ID0000380,14523.000.000,192.168.1.165,1611671533,1611671558,1611671563,1611671569,1611671569,1611671572,1611671583,25,11,14
mDiffFit,ID0000274,14259.000.000,192.168.1.167,1611669578,1611669616,1611669620,1611669621,1611669621,1611669622,1611669626,38,5,5
mDiffFit,ID0000187,14226.000.000,192.168.1.165,1611669398,1611669442,1611669445,1611669447,1611669447,1611669447,1611669452,44,5,5
mDiffFit,ID0000377,14276.000.000,192.168.1.165,1611669858,1611669888,1611669892,1611669896,1611669896,1611669896,1611669901,30,8,5
mDiffFit,ID0000387,14299.000.000,192.168.1.164,1611670031,1611670099,1611670106,1611670118,1611670118,1611670119,1611670132,68,19,14
mBackground,ID0000150,14675.000.000,192.168.1.166,1611672352,1611672377,1611672421,1611672426,1611672426,1611672426,1611672431,25,49,5
stage_in_local_local,0_0,14153.000.000,192.168.1.4,1611667986,1611667990,1611668230,1611668231,1611668231,1611668231,1611668236,4,241,5
mDiffFit,ID0000360,14274.000.000,192.168.1.165,1611669857,1611669869,1611669880,1611669885,1611669885,1611669886,1611669891,12,16,6
mDiffFit,ID0000019,14614.000.000,192.168.1.165,1611672002,1611672016,1611672020,1611672031,1611672031,1611672032,1611672044,14,15,13
mDiffFit,ID0000196,14251.000.000,192.168.1.166,1611669538,1611669571,1611669582,1611669590,1611669590,1611669592,1611669597,33,19,7
mDiffFit,ID0000262,14403.000.000,192.168.1.168,1611670640,1611670665,1611670670,1611670674,1611670674,1611670675,1611670680,25,9,6
mDiffFit,ID0000270,14462.000.000,192.168.1.166,1611671186,1611671203,1611671215,1611671218,1611671218,1611671221,1611671234,17,15,16
mDiffFit,ID0000340,14316.000.000,192.168.1.164,1611670128,1611670194,1611670218,1611670233,1611670233,1611670234,1611670246,66,39,13
mBackground,ID0000466,14631.000.000,192.168.1.161,1611672069,1611672095,1611672135,1611672142,1611672142,1611672145,1611672159,26,47,17
register_local,23_1,14584.000.000,192.168.1.4,1611671854,1611671857,1611671861,1611671872,1611671872,1611671873,1611671888,3,15,16
mDiffFit,ID0000218,14412.000.000,192.168.1.161,1611670903,1611670925,1611670936,1611670944,1611670944,1611670945,1611670957,22,19,13
mBackground,ID0000453,14622.000.000,192.168.1.165,1611672040,1611672050,1611672078,1611672083,1611672083,1611672083,1611672095,10,33,12
mDiffFit,ID0000073,14554.000.000,192.168.1.165,1611671708,1611671731,1611671741,1611671755,1611671755,1611671756,1611671767,23,24,12
mAdd,ID0000313,14535.000.000,192.168.1.161,1611671608,1611671707,1611671761,1611671767,1611671767,1611671769,1611671779,99,60,12
clean_up_local_level,1_7,14685.000.000,192.168.1.4,1611672437,1611672437,1611672450,1611672458,1611672458,1611672460,1611672464,0,21,6
mBackground,ID0000459,14634.000.000,192.168.1.165,1611672093,1611672116,1611672183,1611672190,1611672190,1611672191,1611672199,23,74,9
mDiffFit,ID0000364,14269.000.000,192.168.1.165,1611669829,1611669850,1611669858,1611669858,1611669858,1611669859,1611669863,21,8,5
mDiffFit,ID0000060,14610.000.000,192.168.1.165,1611671978,1611672000,1611672007,1611672020,1611672020,1611672020,1611672031,22,20,11
register_local,12_1,14637.000.000,192.168.1.4,1611672114,1611672117,1611672128,1611672142,1611672142,1611672144,1611672159,3,25,17
mDiffFit,ID0000440,14443.000.000,192.168.1.165,1611671081,1611671098,1611671111,1611671114,1611671114,1611671116,1611671126,17,16,12
register_local,2_4,14695.000.000,192.168.1.4,1611672499,1611672503,1611672508,1611672512,1611672512,1611672512,1611672518,4,9,6
mDiffFit,ID0000361,14302.000.000,192.168.1.163,1611670045,1611670130,1611670138,1611670151,1611670151,1611670153,1611670164,85,21,13
clean_up_local_level,3_3,14408.000.000,192.168.1.4,1611670902,1611670903,1611670914,1611670918,1611670918,1611670918,1611670931,1,15,13
mDiffFit,ID0000252,14243.000.000,192.168.1.165,1611669509,1611669532,1611669553,1611669554,1611669554,1611669554,1611669568,23,22,14
stage_in_remote_local,2_1,14165.000.000,192.168.1.4,1611668003,1611668008,1611668011,1611668015,1611668015,1611668015,1611668020,5,7,5
register_local,22_1,14475.000.000,192.168.1.4,1611671254,1611671262,1611671268,1611671276,1611671276,1611671278,1611671289,8,14,13
mDiffFit,ID0000351,14508.000.000,192.168.1.168,1611671449,1611671470,1611671475,1611671483,1611671483,1611671485,1611671495,21,13,12
mBgModel,ID0000138,14656.000.000,192.168.1.168,1611672249,1611672249,1611672258,1611672262,1611672262,1611672264,1611672269,0,13,7
mDiffFit,ID0000055,14603.000.000,192.168.1.168,1611671956,1611671969,1611671970,1611671979,1611671979,1611671980,1611671993,13,10,14
mBackground,ID0000307,14497.000.000,192.168.1.161,1611671368,1611671393,1611671432,1611671442,1611671442,1611671443,1611671454,25,49,12
mBackground,ID0000149,14665.000.000,192.168.1.168,1611672302,1611672336,1611672402,1611672411,1611672411,1611672413,1611672418,34,75,7
mDiffFit,ID0000429,14437.000.000,192.168.1.168,1611671048,1611671059,1611671065,1611671075,1611671075,1611671076,1611671087,11,16,12
register_local,8_1,14611.000.000,192.168.1.4,1611671986,1611671989,1611671999,1611672007,1611672007,1611672007,1611672020,3,18,13
mDiffFit,ID0000067,14620.000.000,192.168.1.165,1611672030,1611672042,1611672045,1611672058,1611672058,1611672059,1611672070,12,16,12
mViewer,ID0000157,14701.000.000,192.168.1.161,1611672552,1611672556,1611672582,1611672586,1611672586,1611672587,1611672591,4,30,5
mDiffFit,ID0000410,14585.000.000,192.168.1.168,1611671859,1611671885,1611671898,1611671902,1611671902,1611671905,1611671918,26,17,16
mDiffFit,ID0000383,14281.000.000,192.168.1.164,1611669907,1611669956,1611669960,1611669970,1611669970,1611669971,1611669983,49,14,13
mDiffFit,ID0000335,14468.000.000,192.168.1.165,1611671213,1611671234,1611671248,1611671264,1611671264,1611671265,1611671276,21,30,12
register_local,0_1,14708.000.000,192.168.1.4,1611672622,1611672622,1611672624,1611672627,1611672627,1611672627,1611672633,0,5,6
register_local,10_1,14645.000.000,192.168.1.4,1611672180,1611672185,1611672191,1611672199,1611672199,1611672199,1611672205,5,14,6
clean_up_local_level,4_7,14679.000.000,192.168.1.4,1611672394,1611672400,1611672415,1611672418,1611672418,1611672422,1611672426,6,18,8
mProject,ID0000009,14181.000.000,192.168.1.166,1611668267,1611668284,1611670078,1611670090,1611670090,1611670091,1611670103,17,1806,13
mDiffFit,ID0000288,14429.000.000,192.168.1.166,1611670990,1611671017,1611671037,1611671050,1611671050,1611671051,1611671062,27,33,12
mDiffFit,ID0000191,14246.000.000,192.168.1.167,1611669514,1611669551,1611669565,1611669568,1611669568,1611669571,1611669582,37,17,14
mConcatFit,ID0000451,14605.000.000,192.168.1.165,1611671968,1611671970,1611671973,1611671979,1611671979,1611671981,1611671993,2,9,14
mDiffFit,ID0000424,14287.000.000,192.168.1.164,1611669990,1611670007,1611670011,1611670019,1611670019,1611670023,1611670032,17,12,13
mDiffFit,ID0000092,14540.000.000,192.168.1.165,1611671620,1611671651,1611671675,1611671686,1611671686,1611671688,1611671699,31,35,13
mDiffFit,ID0000127,14595.000.000,192.168.1.165,1611671913,1611671931,1611671940,1611671945,1611671945,1611671947,1611671957,18,14,12
mDiffFit,ID0000018,14526.000.000,192.168.1.168,1611671552,1611671579,1611671584,1611671596,1611671596,1611671597,1611671610,27,17,14
mDiffFit,ID0000034,14330.000.000,192.168.1.166,1611670201,1611670264,1611670290,1611670298,1611670298,1611670302,1611670312,63,34,14
mDiffFit,ID0000212,14390.000.000,192.168.1.165,1611670567,1611670604,1611670612,1611670616,1611670616,1611670621,1611670633,37,12,17
mDiffFit,ID0000408,14575.000.000,192.168.1.168,1611671817,1611671839,1611671858,1611671860,1611671860,1611671861,1611671872,22,21,12
mProject,ID0000015,14177.000.000,192.168.1.161,1611668249,1611668264,1611669985,1611669992,1611669992,1611669993,1611670005,15,1728,13
mDiffFit,ID0000030,14319.000.000,192.168.1.161,1611670142,1611670200,1611670207,1611670218,1611670218,1611670221,1611670233,58,18,15
mProject,ID0000002,14193.000.000,192.168.1.167,1611668345,1611668361,1611670071,1611670076,1611670076,1611670078,1611670090,16,1715,14
mDiffFit,ID0000282,14225.000.000,192.168.1.166,1611669391,1611669432,1611669443,1611669447,1611669447,1611669447,1611669452,41,15,5
mDiffFit,ID0000386,14587.000.000,192.168.1.165,1611671869,1611671891,1611671898,1611671902,1611671902,1611671906,1611671918,22,11,16
mDiffFit,ID0000331,14506.000.000,192.168.1.165,1611671427,1611671461,1611671479,1611671483,1611671483,1611671487,1611671495,34,22,12
mDiffFit,ID0000065,14640.000.000,192.168.1.161,1611672133,1611672183,1611672191,1611672199,1611672199,1611672200,1611672205,50,16,6
mDiffFit,ID0000099,14369.000.000,192.168.1.162,1611670420,1611670525,1611670547,1611670560,1611670560,1611670561,1611670574,105,35,14
mProject,ID0000169,14194.000.000,192.168.1.167,1611668345,1611668361,1611669502,1611669515,1611669515,1611669517,1611669528,16,1154,13
mDiffFit,ID0000045,14360.000.000,192.168.1.163,1611670364,1611670492,1611670505,1611670508,1611670508,1611670509,1611670514,128,16,6
mProject,ID0000159,14195.000.000,192.168.1.167,1611668345,1611668362,1611669468,1611669470,1611669470,1611669471,1611669476,17,1108,6
mDiffFit,ID0000025,14321.000.000,192.168.1.164,1611670156,1611670250,1611670262,1611670272,1611670272,1611670273,1611670285,94,22,13
mDiffFit,ID0000412,14582.000.000,192.168.1.168,1611671845,1611671885,1611671891,1611671902,1611671902,1611671904,1611671918,40,17,16
mBackground,ID0000151,14674.000.000,192.168.1.166,1611672350,1611672377,1611672422,1611672426,1611672426,1611672426,1611672431,27,49,5
mDiffFit,ID0000053,14537.000.000,192.168.1.168,1611671616,1611671642,1611671650,1611671658,1611671658,1611671659,1611671672,26,16,14
register_local,29_1,14543.000.000,192.168.1.4,1611671646,1611671652,1611671662,1611671672,1611671672,1611671674,1611671686,6,20,14
mDiffFit,ID0000256,14242.000.000,192.168.1.164,1611669499,1611669527,1611669532,1611669540,1611669540,1611669542,1611669554,28,13,14
mDiffFit,ID0000216,14414.000.000,192.168.1.165,1611670915,1611670941,1611670945,1611670957,1611670957,1611670958,1611670970,26,16,13
register_local,7_1,14604.000.000,192.168.1.4,1611671964,1611671967,1611671971,1611671979,1611671979,1611671981,1611671993,3,12,14
mDiffFit,ID0000174,14250.000.000,192.168.1.164,1611669535,1611669568,1611669585,1611669590,1611669590,1611669593,1611669597,33,22,7
register_local,21_1,14558.000.000,192.168.1.4,1611671732,1611671737,1611671746,1611671755,1611671755,1611671757,1611671767,5,18,12
mBackground,ID0000142,14663.000.000,192.168.1.165,1611672292,1611672330,1611672402,1611672411,1611672411,1611672414,1611672418,38,81,7
mDiffFit,ID0000289,14377.000.000,192.168.1.167,1611670475,1611670550,1611670563,1611670574,1611670574,1611670576,1611670586,75,24,12
mBackground,ID0000299,14487.000.000,192.168.1.165,1611671321,1611671328,1611671347,1611671358,1611671358,1611671359,1611671373,7,30,15
register_local,0_6,14705.000.000,192.168.1.4,1611672591,1611672591,1611672593,1611672596,1611672596,1611672596,1611672601,0,5,5
mProject,ID0000315,14199.000.000,192.168.1.162,1611668352,1611668364,1611669965,1611669970,1611669970,1611669973,1611669983,12,1606,13
mDiffFit,ID0000210,14393.000.000,192.168.1.166,1611670581,1611670620,1611670628,1611670633,1611670633,1611670636,1611670650,39,13,17
mDiffFit,ID0000269,14451.000.000,192.168.1.168,1611671121,1611671137,1611671157,1611671163,1611671163,1611671166,1611671176,16,26,13
stage_in_remote_local,0_1,14151.000.000,192.168.1.4,1611667985,1611667990,1611667993,1611667997,1611667997,1611667997,1611668003,5,7,6
mDiffFit,ID0000366,14296.000.000,192.168.1.161,1611670017,1611670053,1611670060,1611670076,1611670076,1611670077,1611670090,36,23,14
mDiffFit,ID0000188,14217.000.000,192.168.1.166,1611669354,1611669380,1611669381,1611669381,1611669381,1611669382,1611669392,26,1,11
mBackground,ID0000153,14664.000.000,192.168.1.165,1611672300,1611672331,1611672388,1611672396,1611672396,1611672397,1611672402,31,65,6
mDiffFit,ID0000382,14273.000.000,192.168.1.161,1611669856,1611669868,1611669871,1611669874,1611669874,1611669874,1611669879,12,6,5
register_local,24_1,14563.000.000,192.168.1.4,1611671761,1611671767,1611671775,1611671779,1611671779,1611671783,1611671794,6,12,15
mDiffFit,ID0000102,14548.000.000,192.168.1.168,1611671684,1611671699,1611671703,1611671713,1611671713,1611671714,1611671725,15,14,12
mBackground,ID0000308,14503.000.000,192.168.1.165,1611671411,1611671426,1611671472,1611671483,1611671483,1611671484,1611671495,15,57,12
mImgtbl,ID0000155,14686.000.000,192.168.1.161,1611672437,1611672460,1611672463,1611672464,1611672464,1611672464,1611672469,23,4,5
mDiffFit,ID0000449,14438.000.000,192.168.1.166,1611671056,1611671069,1611671076,1611671087,1611671087,1611671089,1611671101,13,18,14
register_local,6_1,14653.000.000,192.168.1.4,1611672242,1611672243,1611672245,1611672249,1611672249,1611672249,1611672256,1,6,7
mDiffFit,ID0000026,14348.000.000,192.168.1.163,1611670309,1611670395,1611670404,1611670411,1611670411,1611670413,1611670423,86,16,12
mDiffFit,ID0000133,14601.000.000,192.168.1.165,1611671941,1611671958,1611671962,1611671969,1611671969,1611671969,1611671979,17,11,10
mDiffFit,ID0000201,14248.000.000,192.168.1.167,1611669525,1611669554,1611669559,1611669568,1611669568,1611669570,1611669582,29,14,14
mDiffFit,ID0000091,14355.000.000,192.168.1.162,1611670345,1611670437,1611670444,1611670448,1611670448,1611670449,1611670453,92,11,5
mDiffFit,ID0000402,14467.000.000,192.168.1.166,1611671210,1611671234,1611671237,1611671248,1611671248,1611671248,1611671264,24,14,16
mBackground,ID0000154,14661.000.000,192.168.1.165,1611672287,1611672298,1611672332,1611672342,1611672342,1611672343,1611672356,11,44,14
mDiffFit,ID0000213,14425.000.000,192.168.1.161,1611670964,1611671014,1611671020,1611671021,1611671021,1611671027,1611671037,50,7,16
mBackground,ID0000140,14673.000.000,192.168.1.165,1611672336,1611672368,1611672415,1611672418,1611672418,1611672421,1611672426,32,50,8
mDiffFit,ID0000200,14428.000.000,192.168.1.165,1611670982,1611671017,1611671022,1611671037,1611671037,1611671040,1611671050,35,20,13
mBackground,ID0000467,14628.000.000,192.168.1.168,1611672056,1611672096,1611672169,1611672173,1611672173,1611672176,1611672190,40,77,17
mDiffFit,ID0000339,14307.000.000,192.168.1.164,1611670074,1611670163,1611670179,1611670189,1611670189,1611670190,1611670203,89,26,14
mDiffFit,ID0000417,14284.000.000,192.168.1.164,1611669967,1611669988,1611670007,1611670019,1611670019,1611670021,1611670032,21,31,13
mDiffFit,ID0000239,14239.000.000,192.168.1.167,1611669485,1611669517,1611669534,1611669540,1611669540,1611669542,1611669554,32,23,14
mBackground,ID0000146,14668.000.000,192.168.1.165,1611672312,1611672350,1611672415,1611672418,1611672418,1611672420,1611672426,38,68,8
mProject,ID0000330,14203.000.000,192.168.1.166,1611668357,1611669353,1611670917,1611670918,1611670918,1611670918,1611670931,996,1565,13
mBackground,ID0000139,14669.000.000,192.168.1.161,1611672315,1611672364,1611672423,1611672426,1611672426,1611672426,1611672431,49,62,5
mDiffFit,ID0000450,14445.000.000,192.168.1.168,1611671086,1611671101,1611671116,1611671126,1611671126,1611671127,1611671138,15,25,12
mDiffFit,ID0000081,14354.000.000,192.168.1.162,1611670336,1611670433,1611670440,1611670442,1611670442,1611670444,1611670448,97,9,6
mDiffFit,ID0000221,14421.000.000,192.168.1.168,1611670942,1611671001,1611671014,1611671021,1611671021,1611671024,1611671037,59,20,16
mDiffFit,ID0000122,14564.000.000,192.168.1.168,1611671764,1611671777,1611671796,1611671807,1611671807,1611671808,1611671820,13,30,13
mProject,ID0000319,14190.000.000,192.168.1.164,1611668339,1611668360,1611669952,1611669954,1611669954,1611669956,1611669970,21,1594,16
mProject,ID0000323,14178.000.000,192.168.1.161,1611668249,1611668263,1611669790,1611669792,1611669792,1611669792,1611669798,14,1529,6
mDiffFit,ID0000205,14386.000.000,192.168.1.168,1611670537,1611670588,1611670608,1611670616,1611670616,1611670619,1611670633,51,28,17
mProject,ID0000165,14204.000.000,192.168.1.168,1611668358,1611669353,1611670564,1611670574,1611670574,1611670576,1611670586,995,1221,12
mDiffFit,ID0000118,14592.000.000,192.168.1.165,1611671899,1611671918,1611671934,1611671945,1611671945,1611671946,1611671957,19,27,12
mDiffFit,ID0000373,14300.000.000,192.168.1.161,1611670039,1611670093,1611670100,1611670103,1611670103,1611670104,1611670118,54,10,15
DAGMAN,,14148.0,,1611667965,,,,,,1611672735,,,
mProject,ID0000171,14211.000.000,192.168.1.161,1611668366,1611669767,1611670888,1611670892,1611670892,1611670892,1611670897,1401,1125,5
mProject,ID0000011,14192.000.000,192.168.1.164,1611668339,1611668360,1611670134,1611670151,1611670151,1611670151,1611670164,21,1791,13
mDiffFit,ID0000052,14538.000.000,192.168.1.165,1611671617,1611671639,1611671657,1611671658,1611671658,1611671660,1611671672,22,19,14
register_local,3_1,14716.000.000,192.168.1.4,1611672681,1611672682,1611672684,1611672687,1611672687,1611672687,1611672693,1,5,6
mDiffFit,ID0000240,14404.000.000,192.168.1.166,1611670643,1611670676,1611670680,1611670686,1611670686,1611670687,1611670692,33,10,6
mDiffFit,ID0000082,14364.000.000,192.168.1.163,1611670390,1611670504,1611670555,1611670560,1611670560,1611670562,1611670574,114,56,14
mDiffFit,ID0000375,14586.000.000,192.168.1.165,1611671866,1611671888,1611671902,1611671918,1611671918,1611671919,1611671931,22,30,13
mDiffFit,ID0000215,14387.000.000,192.168.1.164,1611670540,1611670600,1611670606,1611670616,1611670616,1611670618,1611670633,60,16,17
mBackground,ID0000309,14502.000.000,192.168.1.168,1611671402,1611671426,1611671465,1611671470,1611671470,1611671472,1611671483,24,44,13
mDiffFit,ID0000057,14531.000.000,192.168.1.168,1611671590,1611671608,1611671611,1611671625,1611671625,1611671626,1611671639,18,17,14
mDiffFit,ID0000100,14367.000.000,192.168.1.161,1611670409,1611670465,1611670469,1611670480,1611670480,1611670482,1611670495,56,15,15
mDiffFit,ID0000084,14344.000.000,192.168.1.161,1611670283,1611670347,1611670369,1611670380,1611670380,1611670383,1611670398,64,33,18
mBackground,ID0000141,14671.000.000,192.168.1.161,1611672324,1611672364,1611672424,1611672426,1611672426,1611672426,1611672431,40,62,5
mDiffFit,ID0000251,14244.000.000,192.168.1.166,1611669509,1611669546,1611669558,1611669568,1611669568,1611669570,1611669582,37,22,14
mDiffFit,ID0000343,14314.000.000,192.168.1.163,1611670115,1611670219,1611670230,1611670233,1611670233,1611670235,1611670246,104,14,13
mDiffFit,ID0000249,14398.000.000,192.168.1.163,1611670609,1611670650,1611670676,1611670680,1611670680,1611670682,1611670686,41,30,6
register_local,0_5,14694.000.000,192.168.1.4,1611672480,1611672484,1611672491,1611672493,1611672493,1611672494,1611672500,4,9,7
mDiffFit,ID0000044,14331.000.000,192.168.1.164,1611670210,1611670282,1611670301,1611670312,1611670312,1611670313,1611670325,72,30,13
mDiffFit,ID0000123,14598.000.000,192.168.1.168,1611671928,1611671947,1611671951,1611671957,1611671957,1611671958,1611671969,19,10,12
mProject,ID0000172,14182.000.000,192.168.1.166,1611668267,1611668284,1611669374,1611669376,1611669376,1611669376,1611669381,17,1092,5
mDiffFit,ID0000190,14410.000.000,192.168.1.161,1611670903,1611670914,1611670918,1611670931,1611670931,1611670932,1611670944,11,17,13
register_local,17_1,14707.000.000,192.168.1.4,1611672611,1611672612,1611672614,1611672616,1611672616,1611672617,1611672622,1,4,6
mDiffFit,ID0000338,14308.000.000,192.168.1.162,1611670083,1611670192,1611670205,1611670218,1611670218,1611670219,1611670233,109,26,15
stage_in_remote_local,1_4,14162.000.000,192.168.1.4,1611668002,1611668008,1611668011,1611668015,1611668015,1611668015,1611668020,6,7,5
mDiffFit,ID0000038,14338.000.000,192.168.1.167,1611670253,1611670328,1611670338,1611670352,1611670352,1611670353,1611670367,75,24,15
mDiffFit,ID0000087,14566.000.000,192.168.1.165,1611671777,1611671796,1611671807,1611671820,1611671820,1611671822,1611671835,19,24,15
mDiffFit,ID0000346,14485.000.000,192.168.1.168,1611671308,1611671325,1611671337,1611671343,1611671343,1611671345,1611671358,17,18,15
mDiffFit,ID0000178,14231.000.000,192.168.1.166,1611669413,1611669471,1611669481,1611669489,1611669489,1611669491,1611669502,58,18,13
mDiffFit,ID0000398,14472.000.000,192.168.1.166,1611671243,1611671260,1611671270,1611671276,1611671276,1611671279,1611671289,17,16,13
mDiffFit,ID0000416,14290.000.000,192.168.1.168,1611669991,1611670057,1611670071,1611670076,1611670076,1611670079,1611670090,66,19,14
mBackground,ID0000152,14672.000.000,192.168.1.161,1611672327,1611672368,1611672423,1611672426,1611672426,1611672426,1611672431,41,58,5
register_local,20_1,14600.000.000,192.168.1.4,1611671938,1611671945,1611671952,1611671957,1611671957,1611671959,1611671969,7,12,12
mDiffFit,ID0000399,14470.000.000,192.168.1.165,1611671231,1611671245,1611671265,1611671276,1611671276,1611671277,1611671289,14,31,13
mDiffFit,ID0000336,14580.000.000,192.168.1.165,1611671844,1611671858,1611671864,1611671872,1611671872,1611671874,1611671888,14,14,16
mBackground,ID0000301,14494.000.000,192.168.1.168,1611671353,1611671392,1611671453,1611671454,1611671454,1611671456,1611671470,39,62,16
mDiffFit,ID0000066,14639.000.000,192.168.1.161,1611672130,1611672183,1611672191,1611672199,1611672199,1611672199,1611672205,53,16,6
clean_up_local_level,0_5,14654.000.000,192.168.1.4,1611672248,1611672248,1611672265,1611672269,1611672269,1611672270,1611672282,0,21,13
clean_up_local_level,7_3,14509.000.000,192.168.1.4,1611671462,1611671466,1611671480,1611671483,1611671483,1611671487,1611671495,4,17,12
mDiffFit,ID0000106,14544.000.000,192.168.1.165,1611671653,1611671677,1611671686,1611671699,1611671699,1611671700,1611671713,24,22,14
mProject,ID0000320,14206.000.000,192.168.1.164,1611668358,1611669621,1611671167,1611671176,1611671176,1611671177,1611671186,1263,1555,10
mDiffFit,ID0000017,14329.000.000,192.168.1.161,1611670199,1611670260,1611670289,1611670298,1611670298,1611670301,1611670312,61,38,14
clean_up_local_level,0_3,14549.000.000,192.168.1.4,1611671694,1611671699,1611671712,1611671725,1611671725,1611671726,1611671741,5,26,16
mDiffFit,ID0000023,14553.000.000,192.168.1.165,1611671708,1611671727,1611671732,1611671741,1611671741,1611671743,1611671755,19,14,14
mDiffFit,ID0000234,14254.000.000,192.168.1.167,1611669553,1611669594,1611669597,1611669597,1611669597,1611669598,1611669603,41,3,6
mBackground,ID0000298,14489.000.000,192.168.1.165,1611671336,1611671344,1611671373,1611671391,1611671391,1611671392,1611671403,8,47,12
clean_up_local_level,0_6,14658.000.000,192.168.1.4,1611672276,1611672277,1611672295,1611672305,1611672305,1611672305,1611672316,1,28,11
create_dir_montage,local_0,14149.000.000,192.168.1.4,1611667970,1611667971,1611667973,1611667975,1611667975,1611667975,1611667980,1,4,5
mDiffFit,ID0000333,14311.000.000,192.168.1.167,1611670097,1611670155,1611670161,1611670164,1611670164,1611670166,1611670177,58,9,13
mDiffFit,ID0000120,14322.000.000,192.168.1.167,1611670159,1611670242,1611670267,1611670272,1611670272,1611670276,1611670285,83,30,13
mDiffFit,ID0000090,14340.000.000,192.168.1.162,1611670258,1611670341,1611670356,1611670367,1611670367,1611670369,1611670380,83,26,13
mProject,ID0000173,14171.000.000,192.168.1.165,1611668242,1611668263,1611669334,1611669338,1611669338,1611669338,1611669343,21,1075,5
mDiffFit,ID0000184,14260.000.000,192.168.1.165,1611669580,1611669620,1611669622,1611669626,1611669626,1611669626,1611669631,40,6,5
mDiffFit,ID0000031,14362.000.000,192.168.1.163,1611670376,1611670501,1611670510,1611670514,1611670514,1611670515,1611670529,125,13,15
register_local,9_1,14684.000.000,192.168.1.4,1611672431,1611672436,1611672438,1611672445,1611672445,1611672446,1611672458,5,9,13
clean_up_local_level,9_3,14409.000.000,192.168.1.4,1611670903,1611670909,1611670921,1611670931,1611670931,1611670933,1611670944,6,22,13
mDiffFit,ID0000063,14643.000.000,192.168.1.165,1611672155,1611672182,1611672189,1611672190,1611672190,1611672191,1611672199,27,8,9
mDiffFit,ID0000354,14504.000.000,192.168.1.161,1611671416,1611671470,1611671474,1611671483,1611671483,1611671484,1611671495,54,13,12
mDiffFit,ID0000258,14450.000.000,192.168.1.168,1611671112,1611671129,1611671137,1611671138,1611671138,1611671139,1611671151,17,9,13
mDiffFit,ID0000418,14510.000.000,192.168.1.168,1611671466,1611671478,1611671495,1611671509,1611671509,1611671511,1611671525,12,31,16
mDiffFit,ID0000204,14388.000.000,192.168.1.162,1611670549,1611670631,1611670653,1611670662,1611670662,1611670663,1611670668,82,31,6
stage_in_remote_local,1_1,14159.000.000,192.168.1.4,1611667992,1611667993,1611667996,1611667997,1611667997,1611667998,1611668003,1,4,6
mProject,ID0000160,14202.000.000,192.168.1.168,1611668352,1611669340,1611670501,1611670508,1611670508,1611670509,1611670514,988,1168,6
mDiffFit,ID0000108,14541.000.000,192.168.1.161,1611671632,1611671659,1611671675,1611671686,1611671686,1611671688,1611671699,27,27,13
mBackground,ID0000456,14629.000.000,192.168.1.168,1611672065,1611672098,1611672168,1611672173,1611672173,1611672175,1611672190,33,75,17
mProject,ID0000010,14173.000.000,192.168.1.168,1611668243,1611668265,1611669989,1611669992,1611669992,1611669994,1611670005,22,1727,13
mDiffFit,ID0000293,14224.000.000,192.168.1.165,1611669389,1611669427,1611669435,1611669436,1611669436,1611669436,1611669441,38,9,5
mDiffFit,ID0000059,14615.000.000,192.168.1.165,1611672005,1611672018,1611672020,1611672031,1611672031,1611672033,1611672044,13,13,13
mDiffFit,ID0000447,14439.000.000,192.168.1.165,1611671057,1611671075,1611671077,1611671087,1611671087,1611671089,1611671101,18,12,14
mDiffFit,ID0000040,14353.000.000,192.168.1.167,1611670332,1611670397,1611670407,1611670411,1611670411,1611670414,1611670423,65,14,12
mDiffFit,ID0000285,14431.000.000,192.168.1.168,1611671000,1611671038,1611671044,1611671050,1611671050,1611671052,1611671062,38,12,12
mDiffFit,ID0000242,14229.000.000,192.168.1.165,1611669412,1611669455,1611669471,1611669476,1611669476,1611669477,1611669489,43,21,13
mDiffFit,ID0000345,14442.000.000,192.168.1.168,1611671073,1611671089,1611671101,1611671114,1611671114,1611671115,1611671126,16,25,12
mDiffFit,ID0000076,14351.000.000,192.168.1.167,1611670321,1611670384,1611670395,1611670398,1611670398,1611670401,1611670411,63,14,13
clean_up_local_level,9_7,14688.000.000,192.168.1.4,1611672452,1611672454,1611672470,1611672475,1611672475,1611672475,1611672482,2,21,7
register_local,18_1,14551.000.000,192.168.1.4,1611671706,1611671712,1611671721,1611671725,1611671725,1611671728,1611671741,6,13,16
mDiffFit,ID0000372,14447.000.000,192.168.1.168,1611671100,1611671114,1611671117,1611671126,1611671126,1611671127,1611671138,14,12,12
mDiffFit,ID0000128,14559.000.000,192.168.1.168,1611671734,1611671751,1611671757,1611671767,1611671767,1611671768,1611671779,17,16,12
mProject,ID0000167,14184.000.000,192.168.1.166,1611668272,1611668284,1611669352,1611669354,1611669354,1611669354,1611669359,12,1070,5
mDiffFit,ID0000129,14557.000.000,192.168.1.165,1611671722,1611671751,1611671770,1611671779,1611671779,1611671781,1611671794,29,28,15
mDiffFit,ID0000272,14460.000.000,192.168.1.165,1611671174,1611671200,1611671205,1611671218,1611671218,1611671219,1611671234,26,18,16
register_local,32_1,14577.000.000,192.168.1.4,1611671828,1611671830,1611671840,1611671847,1611671847,1611671848,1611671860,2,17,13
mDiffFit,ID0000086,14352.000.000,192.168.1.168,1611670324,1611670381,1611670427,1611670436,1611670436,1611670438,1611670442,57,55,6
mDiffFit,ID0000103,14546.000.000,192.168.1.168,1611671671,1611671688,1611671703,1611671713,1611671713,1611671714,1611671725,17,25,12
clean_up_local_level,6_3,14463.000.000,192.168.1.4,1611671194,1611671200,1611671214,1611671218,1611671218,1611671221,1611671234,6,18,16
mDiffFit,ID0000107,14542.000.000,192.168.1.168,1611671636,1611671672,1611671677,1611671686,1611671686,1611671690,1611671699,36,14,13
mDiffFit,ID0000379,14288.000.000,192.168.1.168,1611669990,1611670038,1611670049,1611670059,1611670059,1611670060,1611670076,48,21,17
clean_up_local_level,5_3,14395.000.000,192.168.1.4,1611670593,1611670597,1611670612,1611670616,1611670616,1611670620,1611670633,4,19,17
mDiffFit,ID0000039,14328.000.000,192.168.1.162,1611670196,1611670274,1611670293,1611670298,1611670298,1611670303,1611670312,78,24,14
mDiffFit,ID0000043,14332.000.000,192.168.1.163,1611670214,1611670302,1611670315,1611670325,1611670325,1611670326,1611670338,88,23,13
mDiffFit,ID0000419,14268.000.000,192.168.1.161,1611669828,1611669848,1611669853,1611669858,1611669858,1611669858,1611669863,20,10,5
mDiffFit,ID0000175,14394.000.000,192.168.1.162,1611670584,1611670665,1611670676,1611670680,1611670680,1611670682,1611670686,81,15,6
stage_in_local_local,1_0,14161.000.000,192.168.1.4,1611668002,1611668009,1611668325,1611668328,1611668328,1611668328,1611668333,7,319,5
mProject,ID0000168,14175.000.000,192.168.1.168,1611668248,1611668265,1611669352,1611669354,1611669354,1611669354,1611669359,17,1089,5
mBackground,ID0000310,14488.000.000,192.168.1.165,1611671326,1611671332,1611671354,1611671358,1611671358,1611671360,1611671373,6,26,15
mDiffFit,ID0000113,14333.000.000,192.168.1.162,1611670225,1611670300,1611670367,1611670380,1611670380,1611670382,1611670398,75,80,18
mDiffFit,ID0000405,14464.000.000,192.168.1.168,1611671197,1611671214,1611671220,1611671234,1611671234,1611671235,1611671248,17,20,14
mDiffFit,ID0000126,14356.000.000,192.168.1.161,1611670348,1611670403,1611670426,1611670436,1611670436,1611670437,1611670442,55,33,6
mDiffFit,ID0000436,14512.000.000,192.168.1.165,1611671479,1611671497,1611671528,1611671541,1611671541,1611671542,1611671555,18,44,14
stage_in_remote_local,2_4,14164.000.000,192.168.1.4,1611668002,1611668008,1611668011,1611668015,1611668015,1611668015,1611668020,6,7,5
mDiffFit,ID0000445,14262.000.000,192.168.1.165,1611669766,1611669773,1611669779,1611669782,1611669782,1611669782,1611669787,7,9,5
mDiffFit,ID0000432,14295.000.000,192.168.1.164,1611670011,1611670056,1611670107,1611670118,1611670118,1611670119,1611670132,45,62,14
mImgtbl,ID0000312,14519.000.000,192.168.1.168,1611671507,1611671569,1611671580,1611671583,1611671583,1611671585,1611671596,62,14,13
stage_in_local_local,2_0,14163.000.000,192.168.1.4,1611668002,1611668008,1611668329,1611668333,1611668333,1611668334,1611668339,6,325,6
mDiffFit,ID0000208,14449.000.000,192.168.1.165,1611671110,1611671126,1611671129,1611671138,1611671138,1611671139,1611671151,16,12,13
mDiffFit,ID0000028,14596.000.000,192.168.1.168,1611671925,1611671944,1611671949,1611671957,1611671957,1611671958,1611671969,19,13,12
stage_in_local_local,3_0,14166.000.000,192.168.1.4,1611668009,1611668012,1611668346,1611668346,1611668346,1611668346,1611668352,3,334,6
mDiffFit,ID0000235,14376.000.000,192.168.1.167,1611670472,1611670544,1611670554,1611670560,1611670560,1611670562,1611670574,72,16,14
mDiffFit,ID0000124,14349.000.000,192.168.1.164,1611670311,1611670389,1611670439,1611670442,1611670442,1611670443,1611670448,78,53,6
register_local,14_1,14648.000.000,192.168.1.4,1611672204,1611672210,1611672214,1611672224,1611672224,1611672225,1611672232,6,14,8
mDiffFit,ID0000389,14305.000.000,192.168.1.161,1611670066,1611670134,1611670155,1611670164,1611670164,1611670165,1611670177,68,30,13
mDiffFit,ID0000048,14528.000.000,192.168.1.165,1611671568,1611671587,1611671605,1611671610,1611671610,1611671612,1611671625,19,23,15
mDiffFit,ID0000437,14286.000.000,192.168.1.163,1611669982,1611670007,1611670010,1611670019,1611670019,1611670022,1611670032,25,12,13
stage_in_remote_local,3_4,14167.000.000,192.168.1.4,1611668009,1611668012,1611668015,1611668020,1611668020,1611668020,1611668025,3,8,5
mBackground,ID0000148,14666.000.000,192.168.1.168,1611672303,1611672338,1611672409,1611672411,1611672411,1611672414,1611672418,35,73,7
mBackground,ID0000462,14624.000.000,192.168.1.165,1611672050,1611672063,1611672098,1611672107,1611672107,1611672108,1611672123,13,44,16
mDiffFit,ID0000384,14444.000.000,192.168.1.166,1611671084,1611671101,1611671104,1611671114,1611671114,1611671116,1611671126,17,13,12
register_local,1_1,14709.000.000,192.168.1.4,1611672633,1611672633,1611672635,1611672638,1611672638,1611672638,1611672645,0,5,7
clean_up_local_level,4_3,14500.000.000,192.168.1.4,1611671397,1611671400,1611671412,1611671417,1611671417,1611671418,1611671430,3,17,13
mBackground,ID0000461,14625.000.000,192.168.1.165,1611672053,1611672068,1611672108,1611672123,1611672123,1611672124,1611672142,15,55,19
mDiffFit,ID0000036,14366.000.000,192.168.1.164,1611670405,1611670477,1611670529,1611670541,1611670541,1611670543,1611670560,72,64,19
mBackground,ID0000147,14667.000.000,192.168.1.168,1611672304,1611672338,1611672411,1611672418,1611672418,1611672419,1611672426,34,80,8
mDiffFit,ID0000236,14424.000.000,192.168.1.161,1611670956,1611671006,1611671019,1611671021,1611671021,1611671026,1611671037,50,15,16
mDiffFit,ID0000111,14562.000.000,192.168.1.168,1611671753,1611671769,1611671773,1611671779,1611671779,1611671782,1611671794,16,10,15
mDiffFit,ID0000397,14473.000.000,192.168.1.165,1611671244,1611671264,1611671266,1611671276,1611671276,1611671277,1611671289,20,12,13
mDiffFit,ID0000125,14347.000.000,192.168.1.164,1611670306,1611670367,1611670413,1611670423,1611670423,1611670425,1611670436,61,56,13
clean_up_local_level,1_3,14534.000.000,192.168.1.4,1611671604,1611671607,1611671622,1611671625,1611671625,1611671627,1611671639,3,18,14
mProject,ID0000158,14176.000.000,192.168.1.168,1611668249,1611668265,1611669339,1611669343,1611669343,1611669344,1611669348,16,1078,5
mDiffFit,ID0000112,14597.000.000,192.168.1.165,1611671926,1611671944,1611671963,1611671969,1611671969,1611671969,1611671979,18,25,10
mDiffFit,ID0000069,14617.000.000,192.168.1.168,1611672015,1611672029,1611672033,1611672044,1611672044,1611672045,1611672058,14,15,14
mDiffFit,ID0000355,14525.000.000,192.168.1.161,1611671547,1611671572,1611671575,1611671583,1611671583,1611671585,1611671596,25,11,13
mDiffFit,ID0000105,14593.000.000,192.168.1.168,1611671900,1611671919,1611671922,1611671931,1611671931,1611671933,1611671945,19,12,14
mDiffFit,ID0000428,14277.000.000,192.168.1.164,1611669906,1611669914,1611669915,1611669919,1611669919,1611669919,1611669924,8,5,5
mDiffFit,ID0000363,14589.000.000,192.168.1.165,1611671881,1611671897,1611671920,1611671931,1611671931,1611671932,1611671945,16,34,14
mProject,ID0000013,14214.000.000,192.168.1.163,1611668371,1611669882,1611671572,1611671583,1611671583,1611671584,1611671596,1511,1701,13
mProject,ID0000170,14201.000.000,192.168.1.165,1611668352,1611669334,1611670442,1611670448,1611670448,1611670448,1611670453,982,1114,5
mDiffFit,ID0000225,14436.000.000,192.168.1.166,1611671035,1611671052,1611671055,1611671062,1611671062,1611671065,1611671075,17,10,13
mDiffFit,ID0000058,14530.000.000,192.168.1.168,1611671581,1611671599,1611671608,1611671610,1611671610,1611671612,1611671625,18,11,15
mDiffFit,ID0000273,14220.000.000,192.168.1.166,1611669365,1611669407,1611669425,1611669430,1611669430,1611669431,1611669436,42,23,6
mDiffFit,ID0000376,14272.000.000,192.168.1.163,1611669856,1611669872,1611669881,1611669885,1611669885,1611669887,1611669891,16,13,6
mDiffFit,ID0000131,14607.000.000,192.168.1.165,1611671975,1611671996,1611672008,1611672020,1611672020,1611672020,1611672031,21,24,11
mBackground,ID0000458,14635.000.000,192.168.1.165,1611672103,1611672127,1611672184,1611672190,1611672190,1611672191,1611672199,24,63,9
register_local,0_2,14657.000.000,192.168.1.4,1611672255,1611672263,1611672270,1611672282,1611672282,1611672282,1611672293,8,19,11
mProject,ID0000004,14216.000.000,192.168.1.165,1611668372,1611669892,1611671668,1611671672,1611671672,1611671675,1611671686,1520,1780,14
mDiffFit,ID0000287,14256.000.000,192.168.1.166,1611669563,1611669597,1611669611,1611669614,1611669614,1611669616,1611669621,34,17,7
stage_in_remote_local,1_0,14160.000.000,192.168.1.4,1611667997,1611667997,1611668000,1611668003,1611668003,1611668003,1611668009,0,6,6
clean_up_local_level,8_7,14518.000.000,192.168.1.4,1611671502,1611671506,1611671520,1611671525,1611671525,1611671528,1611671541,4,19,16
mDiffFit,ID0000064,14641.000.000,192.168.1.166,1611672136,1611672164,1611672175,1611672190,1611672190,1611672191,1611672199,28,26,9
mDiffFit,ID0000271,14461.000.000,192.168.1.168,1611671184,1611671208,1611671216,1611671218,1611671218,1611671222,1611671234,24,10,16
mBackground,ID0000306,14498.000.000,192.168.1.165,1611671382,1611671399,1611671434,1611671442,1611671442,1611671445,1611671454,17,43,12
register_local,13_1,14704.000.000,192.168.1.4,1611672571,1611672575,1611672581,1611672586,1611672586,1611672587,1611672591,4,11,5
mDiffFit,ID0000400,14469.000.000,192.168.1.168,1611671225,1611671244,1611671251,1611671264,1611671264,1611671265,1611671276,19,20,12
mDiffFit,ID0000223,14419.000.000,192.168.1.168,1611670929,1611671001,1611671012,1611671021,1611671021,1611671023,1611671037,72,20,16
register_local,35_1,14706.000.000,192.168.1.4,1611672601,1611672601,1611672603,1611672606,1611672606,1611672606,1611672611,0,5,5
mDiffFit,ID0000341,14522.000.000,192.168.1.165,1611671521,1611671545,1611671557,1611671569,1611671569,1611671571,1611671583,24,24,14
mDiffFit,ID0000414,14579.000.000,192.168.1.165,1611671841,1611671858,1611671862,1611671872,1611671872,1611671873,1611671888,17,14,16
register_local,33_1,14678.000.000,192.168.1.4,1611672385,1611672391,1611672400,1611672402,1611672402,1611672403,1611672411,6,11,9
clean_up_local_level,0_11,14714.000.000,192.168.1.4,1611672665,1611672665,1611672674,1611672676,1611672676,1611672676,1611672681,0,11,5
mDiffFit,ID0000356,14486.000.000,192.168.1.165,1611671311,1611671325,1611671329,1611671343,1611671343,1611671344,1611671358,14,18,15
mDiffFit,ID0000359,14479.000.000,192.168.1.165,1611671275,1611671290,1611671301,1611671313,1611671313,1611671315,1611671327,15,23,14
mDiffFit,ID0000226,14416.000.000,192.168.1.161,1611670925,1611670952,1611670959,1611670970,1611670970,1611670972,1611670983,27,18,13
mProject,ID0000003,14207.000.000,192.168.1.167,1611668358,1611669621,1611671318,1611671327,1611671327,1611671329,1611671343,1263,1706,16
mDiffFit,ID0000085,14343.000.000,192.168.1.162,1611670279,1611670356,1611670438,1611670442,1611670442,1611670443,1611670448,77,86,6
mDiffFit,ID0000342,14315.000.000,192.168.1.163,1611670125,1611670229,1611670235,1611670246,1611670246,1611670247,1611670259,104,17,13
mDiffFit,ID0000401,14514.000.000,192.168.1.168,1611671480,1611671499,1611671509,1611671509,1611671509,1611671512,1611671525,19,10,16
mDiffFit,ID0000051,14539.000.000,192.168.1.168,1611671618,1611671648,1611671658,1611671672,1611671672,1611671674,1611671686,30,24,14
mDiffFit,ID0000185,14382.000.000,192.168.1.163,1611670502,1611670597,1611670605,1611670616,1611670616,1611670617,1611670633,95,19,17
mDiffFit,ID0000231,14455.000.000,192.168.1.166,1611671146,1611671166,1611671186,1611671201,1611671201,1611671202,1611671218,20,35,17
clean_up_local_level,0_8,14692.000.000,192.168.1.4,1611672474,1611672475,1611672484,1611672487,1611672487,1611672489,1611672493,1,12,6
mDiffFit,ID0000426,14266.000.000,192.168.1.161,1611669804,1611669819,1611669833,1611669834,1611669834,1611669837,1611669842,15,15,8
mDiffFit,ID0000097,14608.000.000,192.168.1.165,1611671975,1611671999,1611672004,1611672007,1611672007,1611672008,1611672020,24,8,13
mDiffFit,ID0000132,14606.000.000,192.168.1.168,1611671975,1611671994,1611671997,1611672007,1611672007,1611672007,1611672020,19,13,13
mDiffFit,ID0000207,14397.000.000,192.168.1.162,1611670599,1611670665,1611670689,1611670692,1611670692,1611670692,1611670697,66,27,5
clean_up_local_level,7_7,14683.000.000,192.168.1.4,1611672431,1611672436,1611672447,1611672458,1611672458,1611672459,1611672464,5,22,6
register_local,5_1,14703.000.000,192.168.1.4,1611672553,1611672558,1611672560,1611672563,1611672563,1611672564,1611672574,5,5,11
mDiffFit,ID0000229,14238.000.000,192.168.1.167,1611669483,1611669505,1611669507,1611669515,1611669515,1611669518,1611669528,22,10,13
mProject,ID0000014,14185.000.000,192.168.1.163,1611668273,1611668284,1611669981,1611669983,1611669983,1611669984,1611669992,11,1699,9
stage_in_remote_local,0_7,14154.000.000,192.168.1.4,1611667986,1611667990,1611667993,1611667997,1611667997,1611667997,1611668003,4,7,6
mDiffFit,ID0000430,14297.000.000,192.168.1.163,1611670026,1611670096,1611670150,1611670151,1611670151,1611670153,1611670164,70,55,13
mDiffFit,ID0000265,14400.000.000,192.168.1.167,1611670623,1611670664,1611670671,1611670674,1611670674,1611670676,1611670680,41,10,6
mDiffFit,ID0000441,14521.000.000,192.168.1.168,1611671518,1611671544,1611671555,1611671569,1611671569,1611671571,1611671583,26,25,14
mDiffFit,ID0000135,14359.000.000,192.168.1.167,1611670362,1611670450,1611670468,1611670479,1611670479,1611670482,1611670495,88,29,16
clean_up_local_level,8_3,14550.000.000,192.168.1.4,1611671699,1611671701,1611671715,1611671725,1611671725,1611671727,1611671741,2,24,16
mDiffFit,ID0000365,14267.000.000,192.168.1.161,1611669805,1611669837,1611669839,1611669842,1611669842,1611669845,1611669849,32,5,7
mDiffFit,ID0000179,14241.000.000,192.168.1.167,1611669496,1611669524,1611669530,1611669540,1611669540,1611669541,1611669554,28,16,14
mDiffFit,ID0000233,14236.000.000,192.168.1.166,1611669430,1611669500,1611669504,1611669515,1611669515,1611669517,1611669528,70,15,13
mDiffFit,ID0000337,14309.000.000,192.168.1.162,1611670086,1611670193,1611670206,1611670218,1611670218,1611670220,1611670233,107,25,15
mDiffFit,ID0000072,14372.000.000,192.168.1.162,1611670432,1611670544,1611670556,1611670560,1611670560,1611670563,1611670574,112,16,14
mDiffFit,ID0000088,14602.000.000,192.168.1.168,1611671952,1611671967,1611671969,1611671979,1611671979,1611671980,1611671993,15,12,14
mDiffFit,ID0000357,14484.000.000,192.168.1.168,1611671298,1611671316,1611671325,1611671328,1611671328,1611671330,1611671343,18,12,15
register_local,11_1,14616.000.000,192.168.1.4,1611672013,1611672019,1611672024,1611672031,1611672031,1611672034,1611672044,6,12,13
mDiffFit,ID0000448,14278.000.000,192.168.1.164,1611669907,1611669920,1611669926,1611669929,1611669929,1611669930,1611669935,13,9,6
clean_up_local_level,0_9,14699.000.000,192.168.1.4,1611672551,1611672552,1611672569,1611672574,1611672574,1611672575,1611672580,1,22,6
stage_in_local_local,4_0,14168.000.000,192.168.1.4,1611668009,1611668012,1611668252,1611668254,1611668254,1611668254,1611668259,3,242,5
mDiffFit,ID0000368,14513.000.000,192.168.1.161,1611671480,1611671509,1611671514,1611671525,1611671525,1611671527,1611671541,29,16,16
mDiffFit,ID0000247,14228.000.000,192.168.1.166,1611669410,1611669454,1611669460,1611669464,1611669464,1611669465,1611669470,44,10,6
mDiffFit,ID0000241,14457.000.000,192.168.1.168,1611671159,1611671181,1611671193,1611671201,1611671201,1611671202,1611671218,22,20,17
mBackground,ID0000457,14626.000.000,192.168.1.168,1611672055,1611672077,1611672139,1611672142,1611672142,1611672145,1611672159,22,65,17
stage_in_remote_local,0_4,14157.000.000,192.168.1.4,1611667991,1611667994,1611667996,1611667997,1611667997,1611667998,1611668003,3,3,6
register_local,0_0,14719.000.000,192.168.1.4,1611672703,1611672704,1611672706,1611672709,1611672709,1611672709,1611672714,1,5,5
mDiffFit,ID0000420,14270.000.000,192.168.1.163,1611669829,1611669854,1611669857,1611669858,1611669858,1611669859,1611669863,25,4,5
mDiffFit,ID0000209,14384.000.000,192.168.1.166,1611670521,1611670572,1611670576,1611670586,1611670586,1611670587,1611670602,51,14,16
register_local,2_1,14713.000.000,192.168.1.4,1611672660,1611672661,1611672663,1611672665,1611672665,1611672665,1611672671,1,4,6
mDiffFit,ID0000049,14527.000.000,192.168.1.165,1611671564,1611671584,1611671602,1611671610,1611671610,1611671611,1611671625,20,26,15
clean_up_local_level,0_7,14690.000.000,192.168.1.4,1611672464,1611672464,1611672482,1611672487,1611672487,1611672488,1611672493,0,23,6
mBackground,ID0000300,14496.000.000,192.168.1.161,1611671366,1611671393,1611671433,1611671442,1611671442,1611671444,1611671454,27,49,12
mDiffFit,ID0000177,14237.000.000,192.168.1.165,1611669430,1611669502,1611669518,1611669528,1611669528,1611669529,1611669540,72,26,12
mBackground,ID0000296,14491.000.000,192.168.1.168,1611671337,1611671348,1611671390,1611671403,1611671403,1611671405,1611671417,11,55,14
mDiffFit,ID0000438,14285.000.000,192.168.1.161,1611669978,1611670005,1611670021,1611670032,1611670032,1611670033,1611670046,27,27,14
mDiffFit,ID0000390,14306.000.000,192.168.1.164,1611670068,1611670161,1611670167,1611670177,1611670177,1611670178,1611670189,93,16,12
register_local,28_1,14680.000.000,192.168.1.4,1611672409,1611672414,1611672422,1611672426,1611672426,1611672426,1611672431,5,12,5
mDiffFit,ID0000181,14448.000.000,192.168.1.166,1611671107,1611671119,1611671126,1611671138,1611671138,1611671139,1611671151,12,19,13
mDiffFit,ID0000080,14327.000.000,192.168.1.162,1611670187,1611670266,1611670286,1611670298,1611670298,1611670300,1611670312,79,32,14
mDiffFit,ID0000024,14336.000.000,192.168.1.164,1611670243,1611670316,1611670327,1611670338,1611670338,1611670339,1611670352,73,22,14
mBackground,ID0000311,14495.000.000,192.168.1.168,1611671356,1611671392,1611671453,1611671454,1611671454,1611671456,1611671470,36,62,16
mBgModel,ID0000452,14613.000.000,192.168.1.168,1611672001,1611672006,1611672017,1611672020,1611672020,1611672021,1611672031,5,14,11
mDiffFit,ID0000444,14515.000.000,192.168.1.161,1611671481,1611671509,1611671524,1611671525,1611671525,1611671529,1611671541,28,16,16
mDiffFit,ID0000220,14456.000.000,192.168.1.168,1611671150,1611671176,1611671181,1611671186,1611671186,1611671187,1611671201,26,10,15
mDiffFit,ID0000291,14423.000.000,192.168.1.161,1611670953,1611670995,1611671021,1611671037,1611671037,1611671039,1611671050,42,42,13
mDiffFit,ID0000222,14420.000.000,192.168.1.168,1611670939,1611671001,1611671013,1611671021,1611671021,1611671023,1611671037,62,20,16
mDiffFit,ID0000349,14478.000.000,192.168.1.166,1611671272,1611671287,1611671303,1611671313,1611671313,1611671315,1611671327,15,26,14
mDiffFit,ID0000243,14230.000.000,192.168.1.166,1611669412,1611669462,1611669476,1611669476,1611669476,1611669477,1611669489,50,14,13
mDiffFit,ID0000022,14368.000.000,192.168.1.168,1611670418,1611670474,1611670484,1611670495,1611670495,1611670497,1611670508,56,21,13
mProject,ID0000318,14170.000.000,192.168.1.165,1611668241,1611668243,1611669834,1611669842,1611669842,1611669844,1611669849,2,1599,7
mDiffFit,ID0000290,14375.000.000,192.168.1.168,1611670463,1611670523,1611670536,1611670541,1611670541,1611670543,1611670560,60,18,19
mDiffFit,ID0000186,14432.000.000,192.168.1.168,1611671008,1611671038,1611671045,1611671050,1611671050,1611671053,1611671062,30,12,12
mDiffFit,ID0000442,14520.000.000,192.168.1.161,1611671517,1611671532,1611671540,1611671555,1611671555,1611671556,1611671569,15,23,14
mDiffFit,ID0000352,14507.000.000,192.168.1.161,1611671440,1611671472,1611671477,1611671483,1611671483,1611671486,1611671495,32,11,12
mDiffFit,ID0000374,14476.000.000,192.168.1.168,1611671254,1611671278,1611671282,1611671289,1611671289,1611671290,1611671301,24,11,12
mDiffFit,ID0000393,14303.000.000,192.168.1.167,1611670054,1611670109,1611670117,1611670132,1611670132,1611670133,1611670151,55,23,19
mDiffFit,ID0000114,14337.000.000,192.168.1.164,1611670245,1611670323,1611670331,1611670338,1611670338,1611670340,1611670352,78,15,14
mDiffFit,ID0000358,14482.000.000,192.168.1.168,1611671286,1611671302,1611671307,1611671313,1611671313,1611671317,1611671327,16,11,14
mAdd,ID0000156,14693.000.000,192.168.1.161,1611672475,1611672514,1611672538,1611672541,1611672541,1611672542,1611672546,39,27,5
register_local,0_3,14670.000.000,192.168.1.4,1611672322,1611672326,1611672335,1611672342,1611672342,1611672344,1611672356,4,16,14
register_local,16_1,14676.000.000,192.168.1.4,1611672355,1611672361,1611672370,1611672374,1611672374,1611672375,1611672386,6,13,12
mDiffFit,ID0000054,14572.000.000,192.168.1.165,1611671803,1611671816,1611671824,1611671835,1611671835,1611671836,1611671847,13,19,12
mDiffFit,ID0000027,14561.000.000,192.168.1.165,1611671749,1611671769,1611671771,1611671779,1611671779,1611671781,1611671794,20,10,15
mDiffFit,ID0000219,14411.000.000,192.168.1.165,1611670903,1611670914,1611670923,1611670931,1611670931,1611670933,1611670944,11,17,13
clean_up_local_level,2_7,14647.000.000,192.168.1.4,1611672197,1611672204,1611672215,1611672224,1611672224,1611672226,1611672232,7,20,8
mDiffFit,ID0000268,14452.000.000,192.168.1.168,1611671124,1611671137,1611671139,1611671151,1611671151,1611671152,1611671163,13,14,12
mDiffFit,ID0000089,14341.000.000,192.168.1.168,1611670266,1611670325,1611670340,1611670352,1611670352,1611670354,1611670367,59,27,15
mDiffFit,ID0000369,14263.000.000,192.168.1.161,1611669797,1611669807,1611669809,1611669812,1611669812,1611669814,1611669818,10,5,6
mBgModel,ID0000295,14480.000.000,192.168.1.168,1611671282,1611671285,1611671296,1611671301,1611671301,1611671303,1611671313,3,16,12
mBackground,ID0000304,14501.000.000,192.168.1.165,1611671401,1611671414,1611671461,1611671470,1611671470,1611671471,1611671483,13,56,13
mBackground,ID0000463,14623.000.000,192.168.1.165,1611672043,1611672054,1611672080,1611672083,1611672083,1611672084,1611672095,11,29,12
mDiffFit,ID0000411,14583.000.000,192.168.1.168,1611671846,1611671885,1611671890,1611671902,1611671902,1611671904,1611671918,39,17,16
register_local,19_1,14642.000.000,192.168.1.4,1611672149,1611672153,1611672167,1611672173,1611672173,1611672174,1611672190,4,20,17
