Job,ID,DagmanID,Node IP,SUBMIT,EXECUTE,JOB_TERMINATED,JOB_SUCCESS,POST_SCRIPT_STARTED,POST_SCRIPT_TERMINATED,POST_SCRIPT_SUCCESS,wait_time,exec_time,ps_time
mDiffFit,ID0000443,10899.000.000,192.168.1.161,1611614091,1611614120,1611614129,1611614136,1611614136,1611614138,1611614149,29,16,13
mBackground,ID0000311,11102.000.000,192.168.1.161,1611617434,1611617489,1611617508,1611617514,1611617514,1611617515,1611617520,55,25,6
mDiffFit,ID0000335,11134.000.000,192.168.1.161,1611617750,1611617830,1611617847,1611617850,1611617850,1611617853,1611617857,80,20,7
register_local,1_0,10913.000.000,192.168.1.4,1611614161,1611614163,1611614166,1611614176,1611614176,1611614180,1611614191,2,13,15
mDiffFit,ID0000449,11115.000.000,192.168.1.161,1611617722,1611617734,1611617735,1611617736,1611617736,1611617736,1611617744,12,2,8
mDiffFit,ID0000268,10962.000.000,192.168.1.161,1611615295,1611615473,1611615474,1611615478,1611615478,1611615478,1611615483,178,5,5
mDiffFit,ID0000291,10838.000.000,192.168.1.161,1611612390,1611612436,1611612443,1611612446,1611612446,1611612447,1611612452,46,10,6
mDiffFit,ID0000223,10961.000.000,192.168.1.161,1611615295,1611615466,1611615468,1611615473,1611615473,1611615473,1611615478,171,7,5
mDiffFit,ID0000272,10865.000.000,192.168.1.162,1611612824,1611613911,1611613913,1611613916,1611613916,1611613917,1611613926,1087,5,10
mDiffFit,ID0000066,11205.000.000,192.168.1.161,1611618161,1611618181,1611618184,1611618187,1611618187,1611618187,1611618192,20,6,5
mProject,ID0000324,10762.000.000,192.168.1.161,1611607992,1611614268,1611615830,1611615837,1611615837,1611615837,1611615845,6276,1569,8
register_local,26_1,11197.000.000,192.168.1.4,1611618117,1611618121,1611618131,1611618137,1611618137,1611618138,1611618149,4,16,12
mDiffFit,ID0000198,10959.000.000,192.168.1.161,1611615289,1611615453,1611615454,1611615457,1611615457,1611615457,1611615462,164,4,5
mImgtbl,ID0000469,11207.000.000,192.168.1.161,1611618179,1611618203,1611618206,1611618209,1611618209,1611618210,1611618215,24,6,6
mDiffFit,ID0000345,11120.000.000,192.168.1.162,1611617728,1611617767,1611617770,1611617781,1611617781,1611617784,1611617795,39,14,14
mDiffFit,ID0000121,11018.000.000,192.168.1.162,1611615981,1611616117,1611616121,1611616128,1611616128,1611616129,1611616138,136,11,10
mDiffFit,ID0000054,11202.000.000,192.168.1.161,1611618158,1611618178,1611618182,1611618187,1611618187,1611618187,1611618192,20,9,5
mDiffFit,ID0000103,10937.000.000,192.168.1.161,1611614542,1611614615,1611614622,1611614625,1611614625,1611614626,1611614631,73,10,6
register_local,3_4,11258.000.000,192.168.1.4,1611618522,1611618523,1611618525,1611618527,1611618527,1611618528,1611618534,1,4,7
mDiffFit,ID0000423,10987.000.000,192.168.1.161,1611615854,1611615973,1611615986,1611615992,1611615992,1611615992,1611616006,119,19,14
mBackground,ID0000300,11103.000.000,192.168.1.161,1611617434,1611617489,1611617507,1611617508,1611617508,1611617509,1611617514,55,19,6
mBackground,ID0000154,11221.000.000,192.168.1.161,1611618278,1611618312,1611618353,1611618357,1611618357,1611618359,1611618365,34,45,8
stage_in_remote_local,1_1,10715.000.000,192.168.1.4,1611607791,1611607793,1611607796,1611607797,1611607797,1611607797,1611607803,2,4,6
mDiffFit,ID0000246,10840.000.000,192.168.1.161,1611612391,1611612455,1611612456,1611612458,1611612458,1611612458,1611612463,64,3,5
mDiffFit,ID0000264,11082.000.000,192.168.1.161,1611617287,1611617330,1611617333,1611617337,1611617337,1611617339,1611617344,43,7,7
mDiffFit,ID0000388,10902.000.000,192.168.1.162,1611614107,1611614126,1611614142,1611614149,1611614149,1611614150,1611614163,19,23,14
mDiffFit,ID0000228,10786.000.000,192.168.1.161,1611610600,1611610621,1611610635,1611610638,1611610638,1611610638,1611610643,21,17,5
register_local,4_0,11273.000.000,192.168.1.4,1611618636,1611618641,1611618643,1611618647,1611618647,1611618647,1611618653,5,6,6
mDiffFit,ID0000434,10986.000.000,192.168.1.162,1611615853,1611615958,1611615976,1611615981,1611615981,1611615981,1611615992,105,23,11
mDiffFit,ID0000251,10882.000.000,192.168.1.162,1611613892,1611614008,1611614016,1611614018,1611614018,1611614020,1611614024,116,10,6
mDiffFit,ID0000197,10944.000.000,192.168.1.161,1611615268,1611615314,1611615316,1611615317,1611615317,1611615318,1611615323,46,3,6
register_local,6_1,11167.000.000,192.168.1.4,1611617969,1611617974,1611617976,1611617982,1611617982,1611617982,1611617993,5,8,11
mDiffFit,ID0000204,11065.000.000,192.168.1.162,1611616626,1611616666,1611616668,1611616670,1611616670,1611616672,1611616676,40,4,6
mDiffFit,ID0000258,11091.000.000,192.168.1.161,1611617299,1611617375,1611617376,1611617380,1611617380,1611617380,1611617385,76,5,5
register_local,0_2,11214.000.000,192.168.1.4,1611618229,1611618234,1611618241,1611618243,1611618243,1611618245,1611618252,5,9,9
mViewer,ID0000157,11263.000.000,192.168.1.161,1611618554,1611618557,1611618583,1611618588,1611618588,1611618588,1611618594,3,31,6
register_local,13_1,11075.000.000,192.168.1.4,1611616708,1611616710,1611616714,1611616715,1611616715,1611616715,1611616720,2,5,5
mDiffFit,ID0000266,10861.000.000,192.168.1.161,1611612818,1611613883,1611613894,1611613898,1611613898,1611613898,1611613903,1065,15,5
mDiffFit,ID0000105,10887.000.000,192.168.1.162,1611613914,1611614037,1611614041,1611614046,1611614046,1611614048,1611614052,123,9,6
register_local,24_1,11145.000.000,192.168.1.4,1611617816,1611617820,1611617828,1611617831,1611617831,1611617833,1611617840,4,11,9
mDiffFit,ID0000447,11116.000.000,192.168.1.161,1611617722,1611617741,1611617743,1611617744,1611617744,1611617744,1611617755,19,3,11
mDiffFit,ID0000125,10931.000.000,192.168.1.161,1611614535,1611614556,1611614565,1611614568,1611614568,1611614568,1611614573,21,12,5
mConcatFit,ID0000137,11210.000.000,192.168.1.161,1611618209,1611618210,1611618213,1611618215,1611618215,1611618215,1611618221,1,5,6
mDiffFit,ID0000017,10975.000.000,192.168.1.162,1611615824,1611615900,1611615918,1611615926,1611615926,1611615928,1611615937,76,26,11
register_local,28_1,11201.000.000,192.168.1.4,1611618148,1611618157,1611618161,1611618164,1611618164,1611618168,1611618172,9,7,8
mBackground,ID0000297,11097.000.000,192.168.1.162,1611617428,1611617461,1611617481,1611617483,1611617483,1611617483,1611617488,33,22,5
mDiffFit,ID0000127,11204.000.000,192.168.1.162,1611618159,1611618181,1611618185,1611618187,1611618187,1611618188,1611618192,22,6,5
mDiffFit,ID0000356,10822.000.000,192.168.1.162,1611612264,1611612283,1611612284,1611612288,1611612288,1611612289,1611612294,19,5,6
mDiffFit,ID0000355,10831.000.000,192.168.1.162,1611612283,1611612336,1611612337,1611612338,1611612338,1611612338,1611612343,53,2,5
mDiffFit,ID0000203,11073.000.000,192.168.1.161,1611616633,1611616707,1611616717,1611616720,1611616720,1611616720,1611616725,74,13,5
mDiffFit,ID0000259,11080.000.000,192.168.1.162,1611617282,1611617315,1611617318,1611617319,1611617319,1611617320,1611617325,33,4,6
mDiffFit,ID0000220,10863.000.000,192.168.1.162,1611612819,1611613901,1611613903,1611613908,1611613908,1611613908,1611613916,1082,7,8
mDiffFit,ID0000395,11124.000.000,192.168.1.162,1611617735,1611617787,1611617794,1611617795,1611617795,1611617797,1611617803,52,8,8
mDiffFit,ID0000374,11140.000.000,192.168.1.162,1611617779,1611617865,1611617874,1611617875,1611617875,1611617876,1611617880,86,10,5
mViewer,ID0000471,11231.000.000,192.168.1.161,1611618317,1611618338,1611618371,1611618378,1611618378,1611618378,1611618384,21,40,6
register_local,2_0,11024.000.000,192.168.1.4,1611616023,1611616028,1611616035,1611616037,1611616037,1611616039,1611616045,5,9,8
mDiffFit,ID0000379,10969.000.000,192.168.1.162,1611615811,1611615869,1611615871,1611615884,1611615884,1611615886,1611615892,58,15,8
mDiffFit,ID0000209,11061.000.000,192.168.1.161,1611616620,1611616655,1611616656,1611616658,1611616658,1611616658,1611616663,35,3,5
mDiffFit,ID0000255,10883.000.000,192.168.1.161,1611613892,1611614012,1611614014,1611614018,1611614018,1611614019,1611614024,120,6,6
mDiffFit,ID0000431,10994.000.000,192.168.1.161,1611615882,1611616006,1611616011,1611616016,1611616016,1611616018,1611616024,124,10,8
mProject,ID0000163,10737.000.000,192.168.1.161,1611607959,1611609463,1611610588,1611610589,1611610589,1611610589,1611610594,1504,1126,5
mDiffFit,ID0000215,11064.000.000,192.168.1.161,1611616621,1611616665,1611616668,1611616670,1611616670,1611616671,1611616676,44,5,6
mDiffFit,ID0000435,11117.000.000,192.168.1.161,1611617722,1611617768,1611617771,1611617781,1611617781,1611617786,1611617795,46,13,14
mDiffFit,ID0000079,10794.000.000,192.168.1.161,1611610747,1611610811,1611610812,1611610813,1611610813,1611610813,1611610819,64,2,6
mDiffFit,ID0000401,11142.000.000,192.168.1.161,1611617790,1611617872,1611617875,1611617880,1611617880,1611617880,1611617885,82,8,5
mProject,ID0000169,10759.000.000,192.168.1.162,1611607986,1611614124,1611615264,1611615268,1611615268,1611615269,1611615274,6138,1144,6
mDiffFit,ID0000421,10896.000.000,192.168.1.162,1611614076,1611614105,1611614110,1611614124,1611614124,1611614125,1611614136,29,19,12
mDiffFit,ID0000346,10821.000.000,192.168.1.162,1611612263,1611612283,1611612297,1611612299,1611612299,1611612299,1611612304,20,16,5
mDiffFit,ID0000336,11009.000.000,192.168.1.162,1611615936,1611616077,1611616081,1611616087,1611616087,1611616090,1611616094,141,10,7
clean_up_local_level,6_3,11119.000.000,192.168.1.4,1611617728,1611617733,1611617747,1611617755,1611617755,1611617756,1611617767,5,22,12
mDiffFit,ID0000059,10914.000.000,192.168.1.162,1611614170,1611614191,1611614193,1611614202,1611614202,1611614203,1611614213,21,11,11
register_local,22_1,11147.000.000,192.168.1.4,1611617856,1611617862,1611617871,1611617875,1611617875,1611617875,1611617880,6,13,5
mBackground,ID0000453,11176.000.000,192.168.1.161,1611618003,1611618010,1611618031,1611618035,1611618035,1611618037,1611618047,7,25,12
mProject,ID0000315,10764.000.000,192.168.1.161,1611607998,1611614273,1611615849,1611615856,1611615856,1611615856,1611615869,6275,1583,13
mDiffFit,ID0000051,11161.000.000,192.168.1.162,1611617927,1611617956,1611617963,1611617970,1611617970,1611617970,1611617975,29,14,5
mDiffFit,ID0000339,10997.000.000,192.168.1.162,1611615891,1611616019,1611616029,1611616032,1611616032,1611616032,1611616037,128,13,5
mDiffFit,ID0000414,11128.000.000,192.168.1.161,1611617736,1611617803,1611617808,1611617809,1611617809,1611617810,1611617817,67,6,8
mProject,ID0000010,10738.000.000,192.168.1.162,1611607959,1611609528,1611611226,1611611229,1611611229,1611611230,1611611234,1569,1701,5
register_local,15_1,11211.000.000,192.168.1.4,1611618215,1611618215,1611618217,1611618221,1611618221,1611618221,1611618232,0,6,11
mDiffFit,ID0000365,10818.000.000,192.168.1.161,1611612195,1611612242,1611612243,1611612247,1611612247,1611612248,1611612253,47,5,6
mBackground,ID0000465,11186.000.000,192.168.1.161,1611618054,1611618072,1611618112,1611618121,1611618121,1611618124,1611618137,18,49,16
mDiffFit,ID0000419,10777.000.000,192.168.1.162,1611609509,1611609515,1611609516,1611609519,1611609519,1611609520,1611609525,6,4,6
mDiffFit,ID0000130,11196.000.000,192.168.1.162,1611618107,1611618152,1611618166,1611618172,1611618172,1611618173,1611618181,45,20,9
mDiffFit,ID0000187,10811.000.000,192.168.1.161,1611611649,1611611689,1611611690,1611611692,1611611692,1611611692,1611611697,40,3,5
mDiffFit,ID0000037,10982.000.000,192.168.1.161,1611615836,1611615950,1611615955,1611615966,1611615966,1611615968,1611615981,114,16,15
mDiffFit,ID0000337,10999.000.000,192.168.1.162,1611615891,1611616031,1611616037,1611616045,1611616045,1611616047,1611616052,140,14,7
mBackground,ID0000304,11107.000.000,192.168.1.162,1611617440,1611617520,1611617538,1611617541,1611617541,1611617542,1611617547,80,21,6
mDiffFit,ID0000176,10852.000.000,192.168.1.161,1611612510,1611612738,1611612740,1611612740,1611612740,1611612740,1611612745,228,2,5
mDiffFit,ID0000396,11144.000.000,192.168.1.162,1611617801,1611617874,1611617886,1611617893,1611617893,1611617893,1611617905,73,19,12
mDiffFit,ID0000056,11157.000.000,192.168.1.161,1611617917,1611617937,1611617948,1611617949,1611617949,1611617950,1611617961,20,12,12
mProject,ID0000319,10755.000.000,192.168.1.162,1611607985,1611612497,1611614073,1611614082,1611614082,1611614084,1611614096,4512,1585,14
mDiffFit,ID0000200,10948.000.000,192.168.1.161,1611615274,1611615356,1611615358,1611615359,1611615359,1611615359,1611615364,82,3,5
mDiffFit,ID0000391,10909.000.000,192.168.1.162,1611614146,1611614163,1611614165,1611614176,1611614176,1611614180,1611614191,17,13,15
mProject,ID0000002,10758.000.000,192.168.1.162,1611607986,1611614124,1611615811,1611615812,1611615812,1611615813,1611615818,6138,1688,6
mDiffFit,ID0000040,10981.000.000,192.168.1.162,1611615835,1611615939,1611615945,1611615954,1611615954,1611615955,1611615966,104,15,12
register_local,10_1,11026.000.000,192.168.1.4,1611616115,1611616117,1611616123,1611616128,1611616128,1611616130,1611616138,2,11,10
mProject,ID0000329,10754.000.000,192.168.1.161,1611607980,1611612490,1611614048,1611614052,1611614052,1611614052,1611614057,4510,1562,5
mDiffFit,ID0000186,10842.000.000,192.168.1.161,1611612396,1611612476,1611612477,1611612478,1611612478,1611612478,1611612483,80,2,5
mDiffFit,ID0000403,11132.000.000,192.168.1.162,1611617744,1611617815,1611617821,1611617824,1611617824,1611617826,1611617831,71,9,7
register_local,18_1,11206.000.000,192.168.1.4,1611618171,1611618178,1611618187,1611618192,1611618192,1611618192,1611618203,7,14,11
mDiffFit,ID0000062,10920.000.000,192.168.1.161,1611614189,1611614219,1611614231,1611614234,1611614234,1611614235,1611614240,30,15,6
mDiffFit,ID0000047,11152.000.000,192.168.1.162,1611617892,1611617914,1611617919,1611617931,1611617931,1611617933,1611617949,22,17,18
mDiffFit,ID0000444,11126.000.000,192.168.1.161,1611617736,1611617789,1611617807,1611617809,1611617809,1611617810,1611617817,53,20,8
mDiffFit,ID0000208,11074.000.000,192.168.1.162,1611616633,1611616713,1611616714,1611616715,1611616715,1611616715,1611616720,80,2,5
mProject,ID0000171,10747.000.000,192.168.1.162,1611607973,1611611281,1611612376,1611612378,1611612378,1611612378,1611612384,3308,1097,6
mDiffFit,ID0000438,10966.000.000,192.168.1.162,1611615805,1611615845,1611615855,1611615856,1611615856,1611615856,1611615869,40,11,13
mDiffFit,ID0000429,11114.000.000,192.168.1.161,1611617722,1611617727,1611617729,1611617730,1611617730,1611617730,1611617736,5,3,6
mBackground,ID0000147,11227.000.000,192.168.1.161,1611618292,1611618313,1611618353,1611618357,1611618357,1611618359,1611618365,21,44,8
mDiffFit,ID0000375,10873.000.000,192.168.1.161,1611613873,1611613957,1611613967,1611613972,1611613972,1611613973,1611613978,84,15,6
mDiffFit,ID0000358,10900.000.000,192.168.1.161,1611614094,1611614120,1611614125,1611614136,1611614136,1611614137,1611614149,26,16,13
mDiffFit,ID0000205,11063.000.000,192.168.1.162,1611616621,1611616652,1611616659,1611616663,1611616663,1611616665,1611616670,31,11,7
mDiffFit,ID0000366,10992.000.000,192.168.1.162,1611615875,1611615992,1611615995,1611616006,1611616006,1611616008,1611616016,117,14,10
mDiffFit,ID0000408,10996.000.000,192.168.1.162,1611615891,1611616015,1611616031,1611616032,1611616032,1611616032,1611616037,124,17,5
mDiffFit,ID0000039,10974.000.000,192.168.1.161,1611615823,1611615889,1611615892,1611615903,1611615903,1611615904,1611615915,66,14,12
mDiffFit,ID0000262,11084.000.000,192.168.1.162,1611617288,1611617348,1611617352,1611617356,1611617356,1611617358,1611617362,60,8,6
mDiffFit,ID0000342,11005.000.000,192.168.1.161,1611615921,1611616069,1611616074,1611616075,1611616075,1611616076,1611616081,148,6,6
mDiffFit,ID0000106,10854.000.000,192.168.1.161,1611612686,1611612752,1611612754,1611612756,1611612756,1611612756,1611612761,66,4,5
stage_out_local_local,0_6,11262.000.000,192.168.1.4,1611618554,1611618560,1611618583,1611618588,1611618588,1611618588,1611618594,6,28,6
mDiffFit,ID0000042,10983.000.000,192.168.1.161,1611615837,1611615950,1611615957,1611615966,1611615966,1611615968,1611615981,113,16,15
mDiffFit,ID0000036,11046.000.000,192.168.1.161,1611616380,1611616452,1611616460,1611616461,1611616461,1611616461,1611616466,72,9,5
mDiffFit,ID0000234,10952.000.000,192.168.1.161,1611615280,1611615391,1611615392,1611615396,1611615396,1611615396,1611615401,111,5,5
mDiffFit,ID0000349,11143.000.000,192.168.1.162,1611617790,1611617872,1611617885,1611617893,1611617893,1611617893,1611617905,82,21,12
register_local,29_1,11173.000.000,192.168.1.4,1611617988,1611617998,1611618004,1611618008,1611618008,1611618011,1611618021,10,10,13
mDiffFit,ID0000113,10779.000.000,192.168.1.161,1611609691,1611609697,1611609703,1611609706,1611609706,1611609706,1611609711,6,9,5
clean_up_local_level,0_10,11271.000.000,192.168.1.4,1611618630,1611618631,1611618645,1611618647,1611618647,1611618647,1611618653,1,16,6
mDiffFit,ID0000347,10819.000.000,192.168.1.162,1611612263,1611612272,1611612274,1611612283,1611612283,1611612283,1611612288,9,11,5
stage_in_remote_local,0_6,10711.000.000,192.168.1.4,1611607791,1611607793,1611607798,1611607803,1611607803,1611607803,1611607810,2,10,7
mDiffFit,ID0000409,10973.000.000,192.168.1.162,1611615818,1611615888,1611615905,1611615915,1611615915,1611615915,1611615926,70,27,11
mDiffFit,ID0000384,11122.000.000,192.168.1.162,1611617729,1611617767,1611617770,1611617781,1611617781,1611617784,1611617795,38,14,14
mDiffFit,ID0000284,11039.000.000,192.168.1.162,1611616341,1611616415,1611616417,1611616418,1611616418,1611616419,1611616424,74,3,6
mDiffFit,ID0000202,10942.000.000,192.168.1.161,1611615268,1611615300,1611615302,1611615306,1611615306,1611615306,1611615311,32,6,5
clean_up_local_level,0_7,11249.000.000,192.168.1.4,1611618429,1611618430,1611618447,1611618450,1611618450,1611618452,1611618457,1,20,7
mDiffFit,ID0000126,11013.000.000,192.168.1.162,1611615962,1611616099,1611616114,1611616117,1611616117,1611616117,1611616122,137,18,5
mDiffFit,ID0000031,11019.000.000,192.168.1.162,1611615987,1611616129,1611616135,1611616138,1611616138,1611616138,1611616143,142,9,5
mDiffFit,ID0000032,11158.000.000,192.168.1.162,1611617923,1611617943,1611617964,1611617970,1611617970,1611617971,1611617975,20,27,5
mDiffFit,ID0000190,10949.000.000,192.168.1.161,1611615274,1611615364,1611615365,1611615369,1611615369,1611615370,1611615375,90,5,6
mDiffFit,ID0000211,11068.000.000,192.168.1.162,1611616627,1611616678,1611616680,1611616682,1611616682,1611616682,1611616687,51,4,5
mDiffFit,ID0000273,10798.000.000,192.168.1.161,1611610819,1611610851,1611610861,1611610864,1611610864,1611610864,1611610869,32,13,5
mDiffFit,ID0000217,10845.000.000,192.168.1.161,1611612503,1611612691,1611612693,1611612697,1611612697,1611612697,1611612702,188,6,5
mBackground,ID0000467,11182.000.000,192.168.1.161,1611618031,1611618065,1611618098,1611618108,1611618108,1611618110,1611618121,34,43,13
mDiffFit,ID0000369,10776.000.000,192.168.1.161,1611609451,1611609461,1611609462,1611609463,1611609463,1611609463,1611609468,10,2,5
mDiffFit,ID0000207,11078.000.000,192.168.1.161,1611617281,1611617317,1611617328,1611617331,1611617331,1611617332,1611617337,36,14,6
mBackground,ID0000144,11220.000.000,192.168.1.161,1611618278,1611618293,1611618320,1611618321,1611618321,1611618321,1611618333,15,28,12
register_local,4_4,11252.000.000,192.168.1.4,1611618457,1611618457,1611618459,1611618462,1611618462,1611618462,1611618468,0,5,6
mProject,ID0000014,10731.000.000,192.168.1.162,1611607952,1611607968,1611609634,1611609635,1611609635,1611609635,1611609640,16,1667,5
mDiffFit,ID0000136,11015.000.000,192.168.1.162,1611615975,1611616102,1611616117,1611616122,1611616122,1611616123,1611616128,127,20,6
register_local,32_1,11237.000.000,192.168.1.4,1611618340,1611618348,1611618355,1611618357,1611618357,1611618359,1611618365,8,9,8
mDiffFit,ID0000427,10814.000.000,192.168.1.161,1611612194,1611612201,1611612207,1611612210,1611612210,1611612210,1611612215,7,9,5
register_local,27_1,11163.000.000,192.168.1.4,1611617939,1611617943,1611617951,1611617961,1611617961,1611617963,1611617970,4,18,9
mDiffFit,ID0000341,11007.000.000,192.168.1.162,1611615926,1611616076,1611616080,1611616087,1611616087,1611616089,1611616094,150,11,7
mDiffFit,ID0000420,10784.000.000,192.168.1.161,1611610588,1611610611,1611610613,1611610617,1611610617,1611610618,1611610622,23,6,5
mDiffFit,ID0000135,11016.000.000,192.168.1.161,1611615977,1611616114,1611616118,1611616122,1611616122,1611616124,1611616128,137,8,6
mDiffFit,ID0000278,10781.000.000,192.168.1.161,1611610553,1611610588,1611610589,1611610594,1611610594,1611610595,1611610600,35,6,6
mDiffFit,ID0000069,10915.000.000,192.168.1.161,1611614172,1611614192,1611614195,1611614202,1611614202,1611614203,1611614213,20,10,11
mDiffFit,ID0000196,10946.000.000,192.168.1.161,1611615274,1611615337,1611615339,1611615343,1611615343,1611615344,1611615349,63,6,6
stage_in_remote_local,1_4,10718.000.000,192.168.1.4,1611607802,1611607806,1611607809,1611607810,1611607810,1611607811,1611607815,4,4,5
mProject,ID0000159,10760.000.000,192.168.1.161,1611607992,1611614137,1611615256,1611615257,1611615257,1611615257,1611615262,6145,1120,5
mDiffFit,ID0000283,10799.000.000,192.168.1.161,1611610819,1611610866,1611610872,1611610874,1611610874,1611610874,1611610879,47,8,5
mProject,ID0000327,10725.000.000,192.168.1.161,1611607945,1611607947,1611609412,1611609415,1611609415,1611609415,1611609420,2,1468,5
mDiffFit,ID0000386,10911.000.000,192.168.1.162,1611614156,1611614178,1611614180,1611614191,1611614191,1611614191,1611614202,22,13,11
mDiffFit,ID0000131,10892.000.000,192.168.1.162,1611613924,1611614069,1611614085,1611614096,1611614096,1611614097,1611614109,145,27,13
clean_up_local_level,0_11,11274.000.000,192.168.1.4,1611618652,1611618652,1611618661,1611618663,1611618663,1611618663,1611618668,0,11,5
mDiffFit,ID0000230,11083.000.000,192.168.1.161,1611617287,1611617342,1611617348,1611617351,1611617351,1611617351,1611617356,55,9,5
mDiffFit,ID0000179,10879.000.000,192.168.1.161,1611613886,1611613991,1611613994,1611613996,1611613996,1611613996,1611614001,105,5,5
mBackground,ID0000148,11226.000.000,192.168.1.162,1611618289,1611618314,1611618355,1611618357,1611618357,1611618359,1611618365,25,43,8
clean_up_local_level,5_3,11076.000.000,192.168.1.4,1611617280,1611617281,1611617291,1611617294,1611617294,1611617294,1611617299,1,13,5
mDiffFit,ID0000405,11130.000.000,192.168.1.162,1611617742,1611617804,1611617812,1611617817,1611617817,1611617819,1611617824,62,13,7
mDiffFit,ID0000072,11052.000.000,192.168.1.161,1611616397,1611616489,1611616490,1611616494,1611616494,1611616496,1611616501,92,5,7
mDiffFit,ID0000116,10930.000.000,192.168.1.161,1611614535,1611614541,1611614551,1611614553,1611614553,1611614553,1611614558,6,12,5
mDiffFit,ID0000108,11021.000.000,192.168.1.162,1611615999,1611616135,1611616138,1611616143,1611616143,1611616143,1611616148,136,8,5
mDiffFit,ID0000387,10903.000.000,192.168.1.161,1611614119,1611614137,1611614141,1611614149,1611614149,1611614150,1611614163,18,12,14
mDiffFit,ID0000354,10972.000.000,192.168.1.162,1611615812,1611615885,1611615889,1611615892,1611615892,1611615892,1611615903,73,7,11
register_local,0_3,11230.000.000,192.168.1.4,1611618305,1611618309,1611618317,1611618321,1611618321,1611618321,1611618333,4,12,12
mDiffFit,ID0000248,10787.000.000,192.168.1.161,1611610600,1611610622,1611610623,1611610627,1611610627,1611610627,1611610632,22,5,5
mDiffFit,ID0000129,11170.000.000,192.168.1.161,1611617981,1611617998,1611618009,1611618021,1611618021,1611618022,1611618035,17,23,14
mDiffFit,ID0000123,10938.000.000,192.168.1.161,1611614542,1611614628,1611614629,1611614631,1611614631,1611614631,1611614636,86,3,5
register_local,11_1,11058.000.000,192.168.1.4,1611616506,1611616509,1611616511,1611616514,1611616514,1611616514,1611616519,3,5,5
stage_in_remote_local,0_1,10707.000.000,192.168.1.4,1611607785,1611607790,1611607792,1611607797,1611607797,1611607797,1611607803,5,7,6
register_local,35_1,11260.000.000,192.168.1.4,1611618549,1611618549,1611618551,1611618555,1611618555,1611618555,1611618560,0,6,5
register_local,25_1,11146.000.000,192.168.1.4,1611617838,1611617841,1611617845,1611617850,1611617850,1611617850,1611617857,3,9,7
register_local,7_1,11025.000.000,192.168.1.4,1611616044,1611616049,1611616054,1611616058,1611616058,1611616060,1611616064,5,9,6
mDiffFit,ID0000293,10782.000.000,192.168.1.161,1611610553,1611610595,1611610603,1611610605,1611610605,1611610606,1611610611,42,10,6
mDiffFit,ID0000091,11012.000.000,192.168.1.161,1611615960,1611616091,1611616098,1611616102,1611616102,1611616103,1611616108,131,11,6
mDiffFit,ID0000252,10881.000.000,192.168.1.161,1611613892,1611614004,1611614020,1611614024,1611614024,1611614025,1611614030,112,20,6
clean_up_local_level,2_7,11200.000.000,192.168.1.4,1611618143,1611618147,1611618160,1611618164,1611618164,1611618167,1611618172,4,17,8
mDiffFit,ID0000034,10978.000.000,192.168.1.162,1611615827,1611615918,1611615931,1611615937,1611615937,1611615941,1611615954,91,19,17
mDiffFit,ID0000277,10773.000.000,192.168.1.162,1611609062,1611609069,1611609075,1611609079,1611609079,1611609079,1611609084,7,10,5
stage_in_local_local,3_0,10722.000.000,192.168.1.4,1611607809,1611607809,1611607941,1611607947,1611607947,1611607947,1611607953,0,138,6
mProject,ID0000170,10766.000.000,192.168.1.162,1611607998,1611615265,1611616317,1611616318,1611616318,1611616318,1611616323,7267,1053,5
mDiffFit,ID0000400,11135.000.000,192.168.1.161,1611617753,1611617831,1611617847,1611617850,1611617850,1611617853,1611617857,78,19,7
mDiffFit,ID0000080,10832.000.000,192.168.1.161,1611612383,1611612390,1611612391,1611612398,1611612398,1611612398,1611612403,7,8,5
mDiffFit,ID0000446,10895.000.000,192.168.1.161,1611614066,1611614089,1611614099,1611614109,1611614109,1611614111,1611614124,23,20,15
clean_up_local_level,4_3,11043.000.000,192.168.1.4,1611616379,1611616379,1611616391,1611616392,1611616392,1611616392,1611616402,0,13,10
mDiffFit,ID0000359,11127.000.000,192.168.1.161,1611617736,1611617789,1611617796,1611617803,1611617803,1611617804,1611617809,53,14,6
mDiffFit,ID0000097,11055.000.000,192.168.1.161,1611616401,1611616511,1611616512,1611616514,1611616514,1611616515,1611616519,110,3,5
mDiffFit,ID0000381,10793.000.000,192.168.1.162,1611610659,1611610702,1611610703,1611610706,1611610706,1611610706,1611610711,43,4,5
mDiffFit,ID0000214,11066.000.000,192.168.1.161,1611616627,1611616678,1611616681,1611616682,1611616682,1611616683,1611616687,51,4,5
mDiffFit,ID0000122,11193.000.000,192.168.1.162,1611618093,1611618151,1611618167,1611618172,1611618172,1611618174,1611618181,58,21,9
mDiffFit,ID0000378,10989.000.000,192.168.1.162,1611615862,1611615976,1611615979,1611615981,1611615981,1611615982,1611615992,114,5,11
mDiffFit,ID0000271,10866.000.000,192.168.1.162,1611612824,1611613919,1611613921,1611613926,1611613926,1611613927,1611613932,1095,7,6
mDiffFit,ID0000371,10898.000.000,192.168.1.161,1611614081,1611614112,1611614124,1611614136,1611614136,1611614137,1611614149,31,24,13
register_local,30_1,11209.000.000,192.168.1.4,1611618202,1611618205,1611618208,1611618209,1611618209,1611618210,1611618215,3,4,6
mBackground,ID0000305,11106.000.000,192.168.1.162,1611617440,1611617520,1611617539,1611617541,1611617541,1611617542,1611617547,80,21,6
mBackground,ID0000146,11228.000.000,192.168.1.162,1611618300,1611618348,1611618369,1611618378,1611618378,1611618378,1611618384,48,30,6
mDiffFit,ID0000332,11003.000.000,192.168.1.161,1611615913,1611616049,1611616053,1611616058,1611616058,1611616059,1611616064,136,9,6
mProject,ID0000166,10749.000.000,192.168.1.161,1611607973,1611611704,1611612807,1611612807,1611612807,1611612808,1611612813,3731,1103,6
mDiffFit,ID0000199,11036.000.000,192.168.1.161,1611616335,1611616401,1611616402,1611616407,1611616407,1611616407,1611616413,66,6,6
mDiffFit,ID0000257,10878.000.000,192.168.1.162,1611613886,1611613986,1611613989,1611613990,1611613990,1611613991,1611613996,100,4,6
mDiffFit,ID0000100,11047.000.000,192.168.1.162,1611616381,1611616460,1611616462,1611616466,1611616466,1611616468,1611616473,79,6,7
mDiffFit,ID0000368,10827.000.000,192.168.1.162,1611612273,1611612316,1611612321,1611612321,1611612321,1611612321,1611612326,43,5,5
mProject,ID0000316,10745.000.000,192.168.1.162,1611607972,1611610739,1611612251,1611612253,1611612253,1611612253,1611612258,2767,1514,5
mDiffFit,ID0000245,11034.000.000,192.168.1.161,1611616335,1611616390,1611616392,1611616402,1611616402,1611616402,1611616407,55,12,5
mProject,ID0000325,10763.000.000,192.168.1.162,1611607997,1611614272,1611615789,1611615794,1611615794,1611615794,1611615799,6275,1522,5
mDiffFit,ID0000343,11004.000.000,192.168.1.162,1611615921,1611616053,1611616054,1611616058,1611616058,1611616061,1611616064,132,5,6
mDiffFit,ID0000241,10864.000.000,192.168.1.161,1611612824,1611613909,1611613918,1611613926,1611613926,1611613927,1611613932,1085,17,6
mDiffFit,ID0000114,10833.000.000,192.168.1.161,1611612384,1611612398,1611612399,1611612403,1611612403,1611612404,1611612409,14,5,6
mDiffFit,ID0000093,11045.000.000,192.168.1.162,1611616380,1611616451,1611616453,1611616455,1611616455,1611616455,1611616461,71,4,6
mDiffFit,ID0000235,11032.000.000,192.168.1.162,1611616330,1611616370,1611616372,1611616373,1611616373,1611616373,1611616381,40,3,8
mDiffFit,ID0000448,10894.000.000,192.168.1.161,1611614064,1611614085,1611614101,1611614109,1611614109,1611614112,1611614124,21,24,15
mDiffFit,ID0000117,11172.000.000,192.168.1.161,1611617982,1611617998,1611618003,1611618008,1611618008,1611618011,1611618021,16,10,13
mDiffFit,ID0000081,11011.000.000,192.168.1.161,1611615951,1611616091,1611616099,1611616102,1611616102,1611616104,1611616108,140,11,6
mDiffFit,ID0000052,11160.000.000,192.168.1.162,1611617926,1611617949,1611617956,1611617961,1611617961,1611617963,1611617970,23,12,9
mDiffFit,ID0000270,10867.000.000,192.168.1.161,1611612824,1611613926,1611613939,1611613944,1611613944,1611613945,1611613949,1102,18,5
mDiffFit,ID0000333,11001.000.000,192.168.1.162,1611615902,1611616049,1611616053,1611616058,1611616058,1611616059,1611616064,147,9,6
mDiffFit,ID0000450,11123.000.000,192.168.1.161,1611617729,1611617767,1611617786,1611617795,1611617795,1611617796,1611617803,38,28,8
mDiffFit,ID0000221,10851.000.000,192.168.1.161,1611612509,1611612731,1611612732,1611612734,1611612734,1611612735,1611612740,222,3,6
mDiffFit,ID0000350,10875.000.000,192.168.1.162,1611613875,1611613968,1611613977,1611613978,1611613978,1611613979,1611613984,93,10,6
mProject,ID0000001,10739.000.000,192.168.1.162,1611607960,1611609650,1611611348,1611611350,1611611350,1611611351,1611611355,1690,1700,5
mProject,ID0000317,10726.000.000,192.168.1.161,1611607945,1611607947,1611609438,1611609440,1611609440,1611609440,1611609445,2,1493,5
mDiffFit,ID0000067,10917.000.000,192.168.1.162,1611614183,1611614202,1611614205,1611614213,1611614213,1611614215,1611614224,19,11,11
mBackground,ID0000463,11177.000.000,192.168.1.161,1611618007,1611618015,1611618037,1611618047,1611618047,1611618048,1611618059,8,32,12
register_local,33_1,11270.000.000,192.168.1.4,1611618625,1611618625,1611618627,1611618631,1611618631,1611618631,1611618637,0,6,6
mDiffFit,ID0000256,10880.000.000,192.168.1.162,1611613887,1611613997,1611613998,1611614001,1611614001,1611614002,1611614007,110,4,6
register_local,23_1,11259.000.000,192.168.1.4,1611618534,1611618534,1611618539,1611618544,1611618544,1611618545,1611618549,0,10,5
mDiffFit,ID0000124,10933.000.000,192.168.1.161,1611614536,1611614578,1611614584,1611614589,1611614589,1611614589,1611614594,42,11,5
register_local,4_1,11265.000.000,192.168.1.4,1611618560,1611618568,1611618574,1611618576,1611618576,1611618578,1611618583,8,8,7
mProject,ID0000323,10743.000.000,192.168.1.161,1611607966,1611610646,1611612181,1611612183,1611612183,1611612184,1611612189,2680,1537,6
mDiffFit,ID0000104,11203.000.000,192.168.1.162,1611618159,1611618178,1611618186,1611618187,1611618187,1611618188,1611618192,19,9,5
mDiffFit,ID0000344,11002.000.000,192.168.1.162,1611615910,1611616050,1611616054,1611616058,1611616058,1611616061,1611616064,140,8,6
mDiffFit,ID0000392,10908.000.000,192.168.1.161,1611614145,1611614160,1611614164,1611614176,1611614176,1611614179,1611614191,15,16,15
mBackground,ID0000303,11099.000.000,192.168.1.161,1611617433,1611617459,1611617481,1611617483,1611617483,1611617483,1611617488,26,24,5
clean_up_local_level,5_7,11241.000.000,192.168.1.4,1611618384,1611618388,1611618401,1611618412,1611618412,1611618413,1611618418,4,24,6
mDiffFit,ID0000243,10797.000.000,192.168.1.161,1611610818,1611610839,1611610846,1611610849,1611610849,1611610849,1611610854,21,10,5
mProject,ID0000006,10753.000.000,192.168.1.162,1611607980,1611612377,1611614098,1611614109,1611614109,1611614111,1611614124,4397,1732,15
mDiffFit,ID0000394,10905.000.000,192.168.1.162,1611614132,1611614144,1611614151,1611614163,1611614163,1611614164,1611614176,12,19,13
mBackground,ID0000301,11101.000.000,192.168.1.162,1611617433,1611617492,1611617512,1611617514,1611617514,1611617517,1611617520,59,22,6
register_local,21_1,11129.000.000,192.168.1.4,1611617742,1611617742,1611617750,1611617755,1611617755,1611617757,1611617767,0,13,12
mBackground,ID0000468,11181.000.000,192.168.1.161,1611618029,1611618047,1611618077,1611618083,1611618083,1611618085,1611618095,18,36,12
mProject,ID0000320,10771.000.000,192.168.1.161,1611608004,1611616141,1611617715,1611617717,1611617717,1611617717,1611617723,8137,1576,6
mDiffFit,ID0000376,10790.000.000,192.168.1.162,1611610659,1611610664,1611610671,1611610674,1611610674,1611610675,1611610680,5,10,6
mBackground,ID0000458,11189.000.000,192.168.1.161,1611618069,1611618095,1611618137,1611618149,1611618149,1611618151,1611618164,26,54,15
mDiffFit,ID0000253,10956.000.000,192.168.1.161,1611615286,1611615428,1611615434,1611615437,1611615437,1611615437,1611615442,142,9,5
mViewer,ID0000314,11113.000.000,192.168.1.161,1611617671,1611617674,1611617697,1611617702,1611617702,1611617702,1611617707,3,28,5
mDiffFit,ID0000111,11192.000.000,192.168.1.162,1611618091,1611618138,1611618151,1611618164,1611618164,1611618165,1611618172,47,26,8
stage_in_remote_local,0_5,10712.000.000,192.168.1.4,1611607791,1611607793,1611607798,1611607803,1611607803,1611607803,1611607810,2,10,7
mDiffFit,ID0000404,11131.000.000,192.168.1.162,1611617743,1611617813,1611617820,1611617824,1611617824,1611617826,1611617831,70,11,7
mDiffFit,ID0000055,11164.000.000,192.168.1.161,1611617943,1611617965,1611617970,1611617975,1611617975,1611617975,1611617982,22,10,7
mProject,ID0000008,10746.000.000,192.168.1.161,1611607973,1611610887,1611612672,1611612675,1611612675,1611612675,1611612680,2914,1788,5
register_local,5_1,11246.000.000,192.168.1.4,1611618423,1611618427,1611618429,1611618431,1611618431,1611618431,1611618438,4,4,7
mDiffFit,ID0000279,10951.000.000,192.168.1.161,1611615280,1611615377,1611615385,1611615390,1611615390,1611615391,1611615396,97,13,6
mDiffFit,ID0000041,11199.000.000,192.168.1.161,1611618133,1611618158,1611618163,1611618164,1611618164,1611618168,1611618172,25,6,8
stage_in_remote_local,2_1,10721.000.000,192.168.1.4,1611607803,1611607805,1611607808,1611607810,1611607810,1611607810,1611607815,2,5,5
clean_up_local_level,0_4,11208.000.000,192.168.1.4,1611618198,1611618200,1611618212,1611618215,1611618215,1611618215,1611618221,2,15,6
mBackground,ID0000140,11234.000.000,192.168.1.162,1611618327,1611618376,1611618412,1611618412,1611618412,1611618413,1611618418,49,36,6
mDiffFit,ID0000229,10876.000.000,192.168.1.161,1611613886,1611613975,1611613976,1611613978,1611613978,1611613979,1611613984,89,3,6
mDiffFit,ID0000239,10877.000.000,192.168.1.161,1611613886,1611613986,1611614001,1611614007,1611614007,1611614008,1611614013,100,21,6
clean_up_local_level,8_3,11029.000.000,192.168.1.4,1611616328,1611616329,1611616339,1611616342,1611616342,1611616342,1611616347,1,13,5
mDiffFit,ID0000109,10801.000.000,192.168.1.162,1611611239,1611611245,1611611254,1611611254,1611611254,1611611255,1611611260,6,9,6
cleanup_montage,local_0,11277.000.000,192.168.1.4,1611618674,1611618674,1611618676,1611618679,1611618679,1611618679,1611618684,0,5,5
mDiffFit,ID0000077,11194.000.000,192.168.1.161,1611618102,1611618135,1611618140,1611618149,1611618149,1611618152,1611618164,33,14,15
mDiffFit,ID0000043,10980.000.000,192.168.1.162,1611615834,1611615932,1611615941,1611615954,1611615954,1611615954,1611615966,98,22,12
mDiffFit,ID0000216,10846.000.000,192.168.1.161,1611612503,1611612698,1611612699,1611612702,1611612702,1611612703,1611612708,195,4,6
mDiffFit,ID0000177,10809.000.000,192.168.1.161,1611611649,1611611667,1611611677,1611611681,1611611681,1611611681,1611611686,18,14,5
mDiffFit,ID0000287,10954.000.000,192.168.1.161,1611615280,1611615405,1611615411,1611615416,1611615416,1611615417,1611615422,125,11,6
mBackground,ID0000302,11100.000.000,192.168.1.162,1611617433,1611617492,1611617511,1611617514,1611617514,1611617516,1611617520,59,22,6
mDiffFit,ID0000134,10834.000.000,192.168.1.161,1611612384,1611612405,1611612411,1611612414,1611612414,1611612415,1611612420,21,9,6
mBackground,ID0000139,11229.000.000,192.168.1.161,1611618303,1611618377,1611618412,1611618418,1611618418,1611618419,1611618423,74,41,5
mDiffFit,ID0000095,11051.000.000,192.168.1.162,1611616391,1611616481,1611616491,1611616494,1611616494,1611616496,1611616501,90,13,7
mProject,ID0000003,10772.000.000,192.168.1.161,1611608005,1611616141,1611617878,1611617880,1611617880,1611617880,1611617885,8136,1739,5
mDiffFit,ID0000390,10963.000.000,192.168.1.162,1611615804,1611615817,1611615818,1611615827,1611615827,1611615828,1611615837,13,10,10
mDiffFit,ID0000053,11159.000.000,192.168.1.161,1611617924,1611617942,1611617948,1611617961,1611617961,1611617962,1611617970,18,19,9
mBackground,ID0000153,11224.000.000,192.168.1.162,1611618289,1611618314,1611618354,1611618357,1611618357,1611618359,1611618365,25,43,8
mDiffFit,ID0000334,11000.000.000,192.168.1.161,1611615899,1611616032,1611616053,1611616058,1611616058,1611616059,1611616064,133,26,6
mDiffFit,ID0000441,10829.000.000,192.168.1.162,1611612280,1611612328,1611612330,1611612332,1611612332,1611612333,1611612338,48,4,6
register_local,2_4,11257.000.000,192.168.1.4,1611618504,1611618507,1611618513,1611618516,1611618516,1611618517,1611618522,3,9,6
mDiffFit,ID0000372,11125.000.000,192.168.1.162,1611617735,1611617787,1611617793,1611617795,1611617795,1611617796,1611617803,52,8,8
mDiffFit,ID0000101,10856.000.000,192.168.1.161,1611612686,1611612767,1611612768,1611612771,1611612771,1611612772,1611612777,81,4,6
mDiffFit,ID0000112,10889.000.000,192.168.1.161,1611613914,1611614055,1611614071,1611614082,1611614082,1611614084,1611614096,141,27,14
mViewer,ID0000472,11264.000.000,192.168.1.161,1611618555,1611618572,1611618619,1611618620,1611618620,1611618620,1611618625,17,48,5
mDiffFit,ID0000180,11077.000.000,192.168.1.161,1611617281,1611617317,1611617319,1611617319,1611617319,1611617320,1611617325,36,2,6
mDiffFit,ID0000385,11139.000.000,192.168.1.161,1611617777,1611617843,1611617866,1611617869,1611617869,1611617870,1611617875,66,26,6
clean_up_local_level,0_5,11213.000.000,192.168.1.4,1611618227,1611618228,1611618247,1611618252,1611618252,1611618254,1611618259,1,24,7
mDiffFit,ID0000064,10918.000.000,192.168.1.161,1611614184,1611614208,1611614214,1611614224,1611614224,1611614224,1611614229,24,16,5
mDiffFit,ID0000193,10947.000.000,192.168.1.161,1611615274,1611615344,1611615351,1611615354,1611615354,1611615354,1611615359,70,10,5
mDiffFit,ID0000260,11087.000.000,192.168.1.161,1611617293,1611617354,1611617366,1611617368,1611617368,1611617369,1611617374,61,14,6
create_dir_montage,local_0,10705.000.000,192.168.1.4,1611607769,1611607770,1611607773,1611607774,1611607774,1611607774,1611607779,1,4,5
mBackground,ID0000145,11219.000.000,192.168.1.161,1611618277,1611618281,1611618295,1611618309,1611618309,1611618310,1611618321,4,28,12
mDiffFit,ID0000107,10853.000.000,192.168.1.161,1611612685,1611612746,1611612747,1611612751,1611612751,1611612751,1611612756,61,5,5
mAdd,ID0000313,11112.000.000,192.168.1.161,1611617601,1611617635,1611617660,1611617661,1611617661,1611617661,1611617666,34,26,5
mDiffFit,ID0000099,11049.000.000,192.168.1.162,1611616387,1611616471,1611616472,1611616473,1611616473,1611616473,1611616478,84,2,5
clean_up_local_level,9_7,11247.000.000,192.168.1.4,1611618429,1611618430,1611618444,1611618450,1611618450,1611618451,1611618457,1,20,7
mDiffFit,ID0000184,10958.000.000,192.168.1.161,1611615288,1611615446,1611615447,1611615452,1611615452,1611615452,1611615457,158,6,5
clean_up_local_level,0_3,11169.000.000,192.168.1.4,1611617981,1611617987,1611618002,1611618008,1611618008,1611618011,1611618021,6,21,13
mDiffFit,ID0000120,10835.000.000,192.168.1.161,1611612384,1611612417,1611612423,1611612425,1611612425,1611612425,1611612430,33,8,5
register_local,0_7,11275.000.000,192.168.1.4,1611618652,1611618658,1611618660,1611618663,1611618663,1611618663,1611618668,6,5,5
mProject,ID0000013,10750.000.000,192.168.1.161,1611607979,1611612244,1611613902,1611613903,1611613903,1611613903,1611613908,4265,1659,5
stage_in_remote_local,3_4,10723.000.000,192.168.1.4,1611607809,1611607810,1611607813,1611607815,1611607815,1611607815,1611607820,1,5,5
mDiffFit,ID0000280,11030.000.000,192.168.1.162,1611616329,1611616355,1611616356,1611616357,1611616357,1611616357,1611616362,26,2,5
mDiffFit,ID0000026,10932.000.000,192.168.1.161,1611614536,1611614570,1611614572,1611614573,1611614573,1611614574,1611614579,34,3,6
mDiffFit,ID0000046,11165.000.000,192.168.1.162,1611617957,1611617970,1611617977,1611617982,1611617982,1611617982,1611617993,13,12,11
mDiffFit,ID0000267,10860.000.000,192.168.1.162,1611612818,1611613874,1611613876,1611613880,1611613880,1611613881,1611613887,1056,6,7
mProject,ID0000162,10729.000.000,192.168.1.162,1611607946,1611607967,1611609063,1611609068,1611609068,1611609069,1611609074,21,1101,6
mDiffFit,ID0000115,11014.000.000,192.168.1.162,1611615965,1611616099,1611616104,1611616108,1611616108,1611616109,1611616117,134,9,9
mBackground,ID0000298,11096.000.000,192.168.1.161,1611617427,1611617459,1611617482,1611617483,1611617483,1611617483,1611617488,32,24,5
clean_up_local_level,4_7,11239.000.000,192.168.1.4,1611618372,1611618376,1611618389,1611618396,1611618396,1611618397,1611618402,4,20,6
mDiffFit,ID0000222,10850.000.000,192.168.1.161,1611612509,1611612725,1611612726,1611612729,1611612729,1611612729,1611612734,216,4,5
mDiffFit,ID0000415,10816.000.000,192.168.1.161,1611612194,1611612227,1611612228,1611612231,1611612231,1611612231,1611612236,33,4,5
mDiffFit,ID0000282,10800.000.000,192.168.1.161,1611610819,1611610878,1611610886,1611610889,1611610889,1611610889,1611610894,59,11,5
clean_up_local_level,0_8,11253.000.000,192.168.1.4,1611618467,1611618468,1611618476,1611618479,1611618479,1611618479,1611618486,1,11,7
mDiffFit,ID0000247,10788.000.000,192.168.1.161,1611610600,1611610629,1611610630,1611610632,1611610632,1611610633,1611610638,29,3,6
mDiffFit,ID0000363,10874.000.000,192.168.1.161,1611613875,1611613963,1611613979,1611613984,1611613984,1611613985,1611613990,88,21,6
register_local,0_4,11256.000.000,192.168.1.4,1611618485,1611618487,1611618493,1611618498,1611618498,1611618498,1611618505,2,11,7
mDiffFit,ID0000119,10802.000.000,192.168.1.162,1611611239,1611611260,1611611269,1611611270,1611611270,1611611270,1611611275,21,10,5
mDiffFit,ID0000128,11171.000.000,192.168.1.162,1611617982,1611617997,1611618000,1611618008,1611618008,1611618010,1611618021,15,11,13
mDiffFit,ID0000393,10907.000.000,192.168.1.162,1611614142,1611614160,1611614164,1611614176,1611614176,1611614179,1611614191,18,16,15
mBackground,ID0000462,11178.000.000,192.168.1.161,1611618016,1611618028,1611618049,1611618059,1611618059,1611618060,1611618071,12,31,12
mDiffFit,ID0000057,11154.000.000,192.168.1.161,1611617902,1611617923,1611617925,1611617931,1611617931,1611617936,1611617949,21,8,18
mBackground,ID0000306,11105.000.000,192.168.1.161,1611617440,1611617516,1611617533,1611617535,1611617535,1611617536,1611617541,76,19,6
mDiffFit,ID0000213,11072.000.000,192.168.1.161,1611616633,1611616707,1611616710,1611616715,1611616715,1611616715,1611616720,74,8,5
mDiffFit,ID0000191,10941.000.000,192.168.1.161,1611615268,1611615289,1611615295,1611615295,1611615295,1611615295,1611615300,21,6,5
mDiffFit,ID0000085,10925.000.000,192.168.1.161,1611614209,1611614250,1611614264,1611614268,1611614268,1611614270,1611614275,41,18,7
mDiffFit,ID0000068,10916.000.000,192.168.1.161,1611614175,1611614202,1611614207,1611614213,1611614213,1611614215,1611614224,27,11,11
mDiffFit,ID0000439,10964.000.000,192.168.1.162,1611615804,1611615824,1611615837,1611615837,1611615837,1611615837,1611615845,20,13,8
mDiffFit,ID0000206,11062.000.000,192.168.1.161,1611616621,1611616654,1611616667,1611616670,1611616670,1611616671,1611616676,33,16,6
mDiffFit,ID0000028,10888.000.000,192.168.1.161,1611613914,1611614047,1611614050,1611614052,1611614052,1611614053,1611614057,133,5,5
mDiffFit,ID0000275,11037.000.000,192.168.1.162,1611616336,1611616401,1611616408,1611616413,1611616413,1611616413,1611616418,65,12,5
mImgtbl,ID0000155,11250.000.000,192.168.1.162,1611618431,1611618452,1611618454,1611618457,1611618457,1611618457,1611618462,21,5,5
stage_in_remote_local,0_3,10714.000.000,192.168.1.4,1611607791,1611607793,1611607798,1611607803,1611607803,1611607803,1611607810,2,10,7
mAdd,ID0000470,11212.000.000,192.168.1.161,1611618221,1611618261,1611618287,1611618293,1611618293,1611618294,1611618309,40,32,16
mDiffFit,ID0000436,10971.000.000,192.168.1.161,1611615812,1611615884,1611615897,1611615903,1611615903,1611615904,1611615915,72,19,12
mDiffFit,ID0000078,10890.000.000,192.168.1.162,1611613915,1611614054,1611614057,1611614068,1611614068,1611614070,1611614082,139,14,14
stage_in_local_local,2_0,10719.000.000,192.168.1.4,1611607803,1611607806,1611607983,1611607987,1611607987,1611607987,1611607992,3,181,5
mBackground,ID0000299,11094.000.000,192.168.1.161,1611617427,1611617430,1611617439,1611617441,1611617441,1611617441,1611617446,3,11,5
mProject,ID0000011,10757.000.000,192.168.1.161,1611607986,1611612808,1611614523,1611614525,1611614525,1611614525,1611614530,4822,1717,5
clean_up_local_level,2_3,11010.000.000,192.168.1.4,1611615946,1611615951,1611615964,1611615966,1611615966,1611615969,1611615981,5,15,15
mDiffFit,ID0000110,10934.000.000,192.168.1.161,1611614536,1611614590,1611614591,1611614594,1611614594,1611614594,1611614599,54,4,5
register_local,8_1,11269.000.000,192.168.1.4,1611618614,1611618615,1611618616,1611618620,1611618620,1611618620,1611618625,1,5,5
mDiffFit,ID0000044,10979.000.000,192.168.1.161,1611615834,1611615925,1611615929,1611615937,1611615937,1611615940,1611615954,91,12,17
mDiffFit,ID0000024,10806.000.000,192.168.1.162,1611611360,1611611379,1611611380,1611611382,1611611382,1611611382,1611611387,19,3,5
mDiffFit,ID0000367,10970.000.000,192.168.1.162,1611615811,1611615871,1611615872,1611615884,1611615884,1611615886,1611615892,60,13,8
mDiffFit,ID0000074,10795.000.000,192.168.1.161,1611610747,1611610818,1611610827,1611610829,1611610829,1611610829,1611610834,71,11,5
mDiffFit,ID0000231,10862.000.000,192.168.1.162,1611612818,1611613883,1611613894,1611613898,1611613898,1611613898,1611613903,1065,15,5
clean_up_local_level,1_3,11168.000.000,192.168.1.4,1611617980,1611617981,1611617992,1611618008,1611618008,1611618010,1611618021,1,27,13
mBackground,ID0000149,11225.000.000,192.168.1.162,1611618289,1611618314,1611618358,1611618365,1611618365,1611618366,1611618378,25,51,13
mDiffFit,ID0000098,11050.000.000,192.168.1.161,1611616389,1611616481,1611616482,1611616483,1611616483,1611616483,1611616488,92,2,5
mDiffFit,ID0000286,10955.000.000,192.168.1.161,1611615286,1611615417,1611615423,1611615427,1611615427,1611615427,1611615432,131,10,5
mProject,ID0000161,10748.000.000,192.168.1.162,1611607973,1611611396,1611612489,1611612493,1611612493,1611612493,1611612498,3423,1097,5
mDiffFit,ID0000417,10965.000.000,192.168.1.162,1611615805,1611615836,1611615848,1611615856,1611615856,1611615856,1611615869,31,20,13
clean_up_local_level,6_7,11240.000.000,192.168.1.4,1611618377,1611618378,1611618389,1611618396,1611618396,1611618397,1611618402,1,18,6
mBackground,ID0000151,11235.000.000,192.168.1.162,1611618330,1611618375,1611618408,1611618412,1611618412,1611618413,1611618418,45,37,6
register_local,12_1,11057.000.000,192.168.1.4,1611616461,1611616461,1611616465,1611616466,1611616466,1611616469,1611616473,0,5,7
mBackground,ID0000454,11187.000.000,192.168.1.162,1611618057,1611618072,1611618115,1611618121,1611618121,1611618125,1611618137,15,49,16
stage_out_local_local,0_7,11272.000.000,192.168.1.4,1611618631,1611618636,1611618641,1611618642,1611618642,1611618642,1611618647,5,6,5
mDiffFit,ID0000175,11071.000.000,192.168.1.161,1611616633,1611616694,1611616696,1611616698,1611616698,1611616698,1611616703,61,4,5
mDiffFit,ID0000360,10792.000.000,192.168.1.162,1611610659,1611610683,1611610697,1611610701,1611610701,1611610701,1611610706,24,18,5
clean_up_local_level,3_7,11248.000.000,192.168.1.4,1611618429,1611618430,1611618442,1611618444,1611618444,1611618445,1611618450,1,14,6
mProject,ID0000322,10732.000.000,192.168.1.162,1611607952,1611607968,1611609495,1611609499,1611609499,1611609499,1611609504,16,1531,5
mDiffFit,ID0000102,10855.000.000,192.168.1.161,1611612686,1611612760,1611612761,1611612761,1611612761,1611612761,1611612766,74,1,5
mDiffFit,ID0000076,10935.000.000,192.168.1.161,1611614542,1611614597,1611614598,1611614599,1611614599,1611614599,1611614604,55,2,5
mBgModel,ID0000295,11093.000.000,192.168.1.161,1611617406,1611617407,1611617414,1611617417,1611617417,1611617417,1611617422,1,10,5
mBackground,ID0000456,11183.000.000,192.168.1.162,1611618034,1611618064,1611618116,1611618121,1611618121,1611618126,1611618137,30,57,16
mDiffFit,ID0000188,10810.000.000,192.168.1.161,1611611649,1611611682,1611611683,1611611686,1611611686,1611611687,1611611692,33,4,6
stage_in_remote_local,0_2,10706.000.000,192.168.1.4,1611607785,1611607785,1611607789,1611607791,1611607791,1611607791,1611607797,0,6,6
mDiffFit,ID0000274,10957.000.000,192.168.1.161,1611615286,1611615439,1611615441,1611615442,1611615442,1611615442,1611615447,153,3,5
mDiffFit,ID0000021,10924.000.000,192.168.1.162,1611614209,1611614241,1611614250,1611614251,1611614251,1611614252,1611614257,32,10,6
mProject,ID0000167,10730.000.000,192.168.1.162,1611607952,1611607968,1611609033,1611609036,1611609036,1611609036,1611609041,16,1068,5
mDiffFit,ID0000418,10825.000.000,192.168.1.162,1611612271,1611612302,1611612312,1611612315,1611612315,1611612316,1611612321,31,13,6
mDiffFit,ID0000061,11056.000.000,192.168.1.162,1611616402,1611616516,1611616522,1611616524,1611616524,1611616524,1611616529,114,8,5
mDiffFit,ID0000133,11022.000.000,192.168.1.161,1611616004,1611616137,1611616140,1611616143,1611616143,1611616143,1611616148,133,6,5
mDiffFit,ID0000210,11070.000.000,192.168.1.161,1611616632,1611616694,1611616696,1611616698,1611616698,1611616698,1611616703,62,4,5
mDiffFit,ID0000433,10988.000.000,192.168.1.161,1611615855,1611615976,1611615990,1611615992,1611615992,1611615992,1611616006,121,16,14
mDiffFit,ID0000440,11121.000.000,192.168.1.162,1611617729,1611617768,1611617787,1611617795,1611617795,1611617796,1611617803,39,27,8
mBackground,ID0000307,11104.000.000,192.168.1.161,1611617440,1611617516,1611617534,1611617535,1611617535,1611617538,1611617541,76,19,6
mDiffFit,ID0000178,10808.000.000,192.168.1.161,1611611648,1611611655,1611611661,1611611666,1611611666,1611611666,1611611671,7,11,5
mDiffFit,ID0000413,10901.000.000,192.168.1.162,1611614104,1611614126,1611614130,1611614136,1611614136,1611614139,1611614149,22,10,13
stage_in_remote_local,1_0,10716.000.000,192.168.1.4,1611607797,1611607797,1611607799,1611607803,1611607803,1611607803,1611607810,0,6,7
mBackground,ID0000143,11222.000.000,192.168.1.161,1611618280,1611618311,1611618352,1611618357,1611618357,1611618358,1611618365,31,46,8
mBackground,ID0000457,11180.000.000,192.168.1.161,1611618020,1611618043,1611618072,1611618083,1611618083,1611618084,1611618095,23,40,12
clean_up_local_level,7_7,11243.000.000,192.168.1.4,1611618393,1611618396,1611618410,1611618412,1611618412,1611618413,1611618418,3,16,6
DAGMAN,,10704.0,,1611607765,,,,,,1611618684,,,
mDiffFit,ID0000292,10844.000.000,192.168.1.162,1611612397,1611612495,1611612496,1611612498,1611612498,1611612498,1611612504,98,3,6
mDiffFit,ID0000422,11118.000.000,192.168.1.161,1611617723,1611617768,1611617771,1611617781,1611617781,1611617785,1611617795,45,13,14
mDiffFit,ID0000237,10774.000.000,192.168.1.161,1611609079,1611609452,1611609454,1611609458,1611609458,1611609458,1611609463,373,6,5
mProject,ID0000012,10770.000.000,192.168.1.162,1611608004,1611616141,1611617961,1611617970,1611617970,1611617970,1611617975,8137,1829,5
mDiffFit,ID0000289,11033.000.000,192.168.1.162,1611616330,1611616378,1611616380,1611616381,1611616381,1611616381,1611616392,48,3,11
mDiffFit,ID0000281,10843.000.000,192.168.1.161,1611612397,1611612483,1611612490,1611612493,1611612493,1611612493,1611612498,86,10,5
mProject,ID0000318,10735.000.000,192.168.1.162,1611607958,1611609075,1611610645,1611610648,1611610648,1611610648,1611610653,1117,1573,5
clean_up_local_level,7_3,11148.000.000,192.168.1.4,1611617890,1611617891,1611617902,1611617905,1611617905,1611617906,1611617917,1,14,12
mDiffFit,ID0000094,11053.000.000,192.168.1.161,1611616399,1611616497,1611616504,1611616507,1611616507,1611616509,1611616514,98,10,7
mDiffFit,ID0000033,10984.000.000,192.168.1.162,1611615843,1611615950,1611615958,1611615966,1611615966,1611615969,1611615981,107,16,15
register_local,0_6,11268.000.000,192.168.1.4,1611618604,1611618604,1611618606,1611618609,1611618609,1611618609,1611618615,0,5,6
mDiffFit,ID0000430,10993.000.000,192.168.1.161,1611615878,1611616002,1611616018,1611616024,1611616024,1611616028,1611616032,124,22,8
mProject,ID0000005,10733.000.000,192.168.1.162,1611607953,1611609034,1611610736,1611610737,1611610737,1611610737,1611610742,1081,1703,5
mProject,ID0000164,10756.000.000,192.168.1.161,1611607986,1611612783,1611613872,1611613875,1611613875,1611613875,1611613880,4797,1092,5
mBackground,ID0000309,11108.000.000,192.168.1.161,1611617440,1611617542,1611617558,1611617558,1611617558,1611617558,1611617563,102,16,5
mDiffFit,ID0000411,10871.000.000,192.168.1.161,1611613868,1611613950,1611613954,1611613955,1611613955,1611613956,1611613961,82,5,6
stage_in_remote_local,0_4,10713.000.000,192.168.1.4,1611607791,1611607793,1611607796,1611607797,1611607797,1611607797,1611607803,2,4,6
mDiffFit,ID0000232,10775.000.000,192.168.1.161,1611609079,1611609452,1611609461,1611609463,1611609463,1611609463,1611609468,373,11,5
mDiffFit,ID0000331,11008.000.000,192.168.1.162,1611615933,1611616076,1611616091,1611616094,1611616094,1611616097,1611616102,143,18,8
clean_up_local_level,0_6,11218.000.000,192.168.1.4,1611618277,1611618277,1611618293,1611618309,1611618309,1611618310,1611618321,0,32,12
mBgModel,ID0000452,11166.000.000,192.168.1.161,1611617967,1611617970,1611617978,1611617982,1611617982,1611617983,1611617993,3,12,11
mDiffFit,ID0000185,11038.000.000,192.168.1.161,1611616336,1611616409,1611616412,1611616413,1611616413,1611616413,1611616418,73,4,5
mDiffFit,ID0000269,11042.000.000,192.168.1.162,1611616342,1611616435,1611616444,1611616444,1611616444,1611616445,1611616450,93,9,6
mDiffFit,ID0000338,10998.000.000,192.168.1.161,1611615891,1611616027,1611616032,1611616037,1611616037,1611616038,1611616045,136,10,8
mBackground,ID0000460,11190.000.000,192.168.1.161,1611618078,1611618116,1611618152,1611618164,1611618164,1611618166,1611618172,38,48,8
mDiffFit,ID0000233,10796.000.000,192.168.1.161,1611610818,1611610832,1611610834,1611610834,1611610834,1611610835,1611610839,14,2,5
mProject,ID0000173,10736.000.000,192.168.1.161,1611607959,1611609462,1611610542,1611610542,1611610542,1611610542,1611610547,1503,1080,5
mDiffFit,ID0000442,10828.000.000,192.168.1.162,1611612274,1611612320,1611612322,1611612326,1611612326,1611612327,1611612332,46,6,6
mDiffFit,ID0000361,10906.000.000,192.168.1.161,1611614135,1611614158,1611614163,1611614176,1611614176,1611614177,1611614191,23,18,15
mDiffFit,ID0000088,10928.000.000,192.168.1.162,1611614221,1611614267,1611614270,1611614275,1611614275,1611614275,1611614280,46,8,5
mDiffFit,ID0000263,11089.000.000,192.168.1.162,1611617294,1611617364,1611617368,1611617374,1611617374,1611617375,1611617380,70,10,6
clean_up_local_level,8_7,11110.000.000,192.168.1.4,1611617568,1611617569,1611617580,1611617584,1611617584,1611617585,1611617590,1,15,6
mDiffFit,ID0000048,11151.000.000,192.168.1.161,1611617892,1611617909,1611617922,1611617931,1611617931,1611617934,1611617949,17,22,18
mDiffFit,ID0000398,11137.000.000,192.168.1.162,1611617765,1611617841,1611617853,1611617857,1611617857,1611617858,1611617863,76,16,6
stage_in_local_local,1_0,10717.000.000,192.168.1.4,1611607802,1611607802,1611607961,1611607967,1611607967,1611607967,1611607974,0,165,7
clean_up_local_level,1_7,11245.000.000,192.168.1.4,1611618423,1611618427,1611618440,1611618444,1611618444,1611618445,1611618450,4,17,6
mDiffFit,ID0000092,11054.000.000,192.168.1.162,1611616400,1611616498,1611616509,1611616514,1611616514,1611616514,1611616519,98,16,5
register_local,9_1,11028.000.000,192.168.1.4,1611616153,1611616153,1611616155,1611616158,1611616158,1611616159,1611616163,0,5,5
mDiffFit,ID0000019,10912.000.000,192.168.1.161,1611614159,1611614179,1611614182,1611614191,1611614191,1611614192,1611614202,20,12,11
mDiffFit,ID0000389,10990.000.000,192.168.1.162,1611615865,1611615978,1611615992,1611616006,1611616006,1611616007,1611616016,113,28,10
mDiffFit,ID0000240,11085.000.000,192.168.1.162,1611617288,1611617348,1611617351,1611617356,1611617356,1611617357,1611617362,60,8,6
mDiffFit,ID0000364,10778.000.000,192.168.1.162,1611609509,1611609521,1611609527,1611609530,1611609530,1611609530,1611609535,12,9,5
register_local,0_1,11238.000.000,192.168.1.4,1611618364,1611618367,1611618376,1611618378,1611618378,1611618378,1611618384,3,11,6
mDiffFit,ID0000261,11086.000.000,192.168.1.161,1611617293,1611617348,1611617359,1611617362,1611617362,1611617363,1611617368,55,14,6
register_local,31_1,11217.000.000,192.168.1.4,1611618271,1611618271,1611618273,1611618281,1611618281,1611618281,1611618293,0,10,12
mBackground,ID0000455,11184.000.000,192.168.1.162,1611618042,1611618064,1611618112,1611618121,1611618121,1611618123,1611618137,22,57,16
mDiffFit,ID0000086,10936.000.000,192.168.1.161,1611614542,1611614604,1611614610,1611614614,1611614614,1611614615,1611614620,62,10,6
mDiffFit,ID0000416,10985.000.000,192.168.1.162,1611615851,1611615957,1611615964,1611615966,1611615966,1611615969,1611615981,106,9,15
mProject,ID0000165,10769.000.000,192.168.1.162,1611608004,1611616139,1611617269,1611617270,1611617270,1611617270,1611617275,8135,1131,5
mProject,ID0000330,10768.000.000,192.168.1.162,1611608004,1611616131,1611617709,1611617712,1611617712,1611617712,1611617717,8127,1581,5
mDiffFit,ID0000410,10872.000.000,192.168.1.162,1611613868,1611613953,1611613961,1611613961,1611613961,1611613962,1611613967,85,8,6
mDiffFit,ID0000290,11031.000.000,192.168.1.162,1611616329,1611616362,1611616363,1611616367,1611616367,1611616368,1611616373,33,5,6
mDiffFit,ID0000244,10953.000.000,192.168.1.161,1611615280,1611615398,1611615399,1611615401,1611615401,1611615401,1611615406,118,3,5
mDiffFit,ID0000030,10836.000.000,192.168.1.161,1611612384,1611612429,1611612430,1611612435,1611612435,1611612436,1611612441,45,6,6
mDiffFit,ID0000182,10813.000.000,192.168.1.161,1611611655,1611611703,1611611704,1611611708,1611611708,1611611708,1611611713,48,5,5
mAdd,ID0000156,11255.000.000,192.168.1.161,1611618468,1611618517,1611618539,1611618544,1611618544,1611618544,1611618549,49,27,5
mDiffFit,ID0000402,11133.000.000,192.168.1.161,1611617744,1611617812,1611617824,1611617831,1611617831,1611617832,1611617840,68,19,9
mBackground,ID0000466,11185.000.000,192.168.1.162,1611618045,1611618064,1611618111,1611618121,1611618121,1611618122,1611618137,19,57,16
register_local,2_1,11244.000.000,192.168.1.4,1611618409,1611618413,1611618415,1611618418,1611618418,1611618419,1611618423,4,5,5
mDiffFit,ID0000219,11090.000.000,192.168.1.161,1611617294,1611617369,1611617378,1611617380,1611617380,1611617380,1611617385,75,11,5
mDiffFit,ID0000265,11081.000.000,192.168.1.162,1611617287,1611617328,1611617330,1611617331,1611617331,1611617332,1611617337,41,3,6
mDiffFit,ID0000412,10870.000.000,192.168.1.162,1611613867,1611613942,1611613943,1611613944,1611613944,1611613944,1611613949,75,2,5
mDiffFit,ID0000194,11088.000.000,192.168.1.162,1611617293,1611617364,1611617367,1611617368,1611617368,1611617369,1611617374,71,4,6
stage_in_remote_local,0_0,10708.000.000,192.168.1.4,1611607785,1611607790,1611607792,1611607797,1611607797,1611607797,1611607803,5,7,6
mDiffFit,ID0000227,10847.000.000,192.168.1.161,1611612504,1611612705,1611612706,1611612708,1611612708,1611612708,1611612713,201,3,5
mDiffFit,ID0000038,10976.000.000,192.168.1.161,1611615827,1611615904,1611615912,1611615915,1611615915,1611615916,1611615926,77,11,11
mDiffFit,ID0000090,10922.000.000,192.168.1.162,1611614201,1611614230,1611614232,1611614234,1611614234,1611614236,1611614240,29,4,6
mConcatFit,ID0000451,11156.000.000,192.168.1.162,1611617914,1611617923,1611617934,1611617949,1611617949,1611617949,1611617961,9,26,12
mDiffFit,ID0000285,10960.000.000,192.168.1.161,1611615294,1611615460,1611615461,1611615462,1611615462,1611615462,1611615467,166,2,5
mBackground,ID0000459,11188.000.000,192.168.1.161,1611618066,1611618092,1611618136,1611618149,1611618149,1611618151,1611618164,26,57,15
mBackground,ID0000461,11179.000.000,192.168.1.162,1611618020,1611618037,1611618061,1611618071,1611618071,1611618072,1611618083,17,34,12
mDiffFit,ID0000288,11040.000.000,192.168.1.161,1611616341,1611616420,1611616427,1611616429,1611616429,1611616430,1611616434,79,9,5
mDiffFit,ID0000250,10885.000.000,192.168.1.162,1611613892,1611614026,1611614028,1611614030,1611614030,1611614030,1611614035,134,4,5
mDiffFit,ID0000352,10823.000.000,192.168.1.162,1611612264,1611612290,1611612291,1611612294,1611612294,1611612294,1611612299,26,4,5
mProject,ID0000007,10765.000.000,192.168.1.161,1611607998,1611614636,1611616366,1611616367,1611616367,1611616368,1611616373,6638,1731,6
mDiffFit,ID0000432,10991.000.000,192.168.1.162,1611615868,1611615989,1611616002,1611616006,1611616006,1611616008,1611616016,121,17,10
clean_up_local_level,3_3,11060.000.000,192.168.1.4,1611616620,1611616620,1611616631,1611616633,1611616633,1611616634,1611616638,0,13,5
mDiffFit,ID0000445,10783.000.000,192.168.1.161,1611610585,1611610595,1611610603,1611610605,1611610605,1611610606,1611610611,10,10,6
mBgModel,ID0000138,11215.000.000,192.168.1.161,1611618231,1611618250,1611618261,1611618265,1611618265,1611618265,1611618271,19,15,6
stage_in_remote_local,2_4,10720.000.000,192.168.1.4,1611607803,1611607805,1611607808,1611607810,1611607810,1611607811,1611607815,2,5,5
mDiffFit,ID0000070,11023.000.000,192.168.1.161,1611616013,1611616137,1611616140,1611616143,1611616143,1611616143,1611616148,124,6,5
mBackground,ID0000142,11223.000.000,192.168.1.162,1611618288,1611618298,1611618333,1611618340,1611618340,1611618340,1611618345,10,42,5
mDiffFit,ID0000083,10927.000.000,192.168.1.162,1611614212,1611614258,1611614260,1611614262,1611614262,1611614263,1611614268,46,4,6
mProject,ID0000160,10767.000.000,192.168.1.161,1611607999,1611615475,1611616609,1611616610,1611616610,1611616610,1611616615,7476,1135,5
mImgtbl,ID0000312,11111.000.000,192.168.1.161,1611617569,1611617587,1611617589,1611617590,1611617590,1611617590,1611617596,18,3,6
mBackground,ID0000308,11109.000.000,192.168.1.161,1611617446,1611617542,1611617557,1611617558,1611617558,1611617558,1611617563,96,16,5
mDiffFit,ID0000073,10858.000.000,192.168.1.161,1611612692,1611612781,1611612782,1611612782,1611612782,1611612782,1611612787,89,1,5
mDiffFit,ID0000025,10805.000.000,192.168.1.162,1611611360,1611611372,1611611374,1611611376,1611611376,1611611377,1611611382,12,4,6
mDiffFit,ID0000424,10968.000.000,192.168.1.161,1611615811,1611615866,1611615871,1611615884,1611615884,1611615885,1611615892,55,18,8
mDiffFit,ID0000380,10830.000.000,192.168.1.162,1611612281,1611612330,1611612331,1611612332,1611612332,1611612334,1611612338,49,2,6
mDiffFit,ID0000225,10849.000.000,192.168.1.161,1611612504,1611612719,1611612719,1611612724,1611612724,1611612724,1611612729,215,5,5
mDiffFit,ID0000082,11044.000.000,192.168.1.161,1611616379,1611616435,1611616445,1611616450,1611616450,1611616450,1611616455,56,15,5
mDiffFit,ID0000174,10945.000.000,192.168.1.161,1611615273,1611615322,1611615332,1611615333,1611615333,1611615333,1611615338,49,11,5
mDiffFit,ID0000065,10939.000.000,192.168.1.161,1611614543,1611614634,1611614635,1611614636,1611614636,1611614636,1611614641,91,2,5
register_local,1_4,11251.000.000,192.168.1.4,1611618437,1611618440,1611618447,1611618450,1611618450,1611618452,1611618457,3,10,7
mDiffFit,ID0000075,10803.000.000,192.168.1.162,1611611239,1611611274,1611611281,1611611285,1611611285,1611611285,1611611290,35,11,5
mDiffFit,ID0000023,10857.000.000,192.168.1.161,1611612686,1611612774,1611612775,1611612777,1611612777,1611612777,1611612782,88,3,5
mDiffFit,ID0000382,10791.000.000,192.168.1.162,1611610659,1611610676,1611610677,1611610680,1611610680,1611610681,1611610686,17,4,6
mDiffFit,ID0000353,10995.000.000,192.168.1.162,1611615890,1611616008,1611616016,1611616024,1611616024,1611616027,1611616032,118,16,8
mDiffFit,ID0000425,10826.000.000,192.168.1.162,1611612273,1611612308,1611612310,1611612310,1611612310,1611612310,1611612315,35,2,5
stage_in_remote_local,0_7,10710.000.000,192.168.1.4,1611607785,1611607790,1611607792,1611607797,1611607797,1611607797,1611607803,5,7,6
mBackground,ID0000150,11236.000.000,192.168.1.162,1611618339,1611618376,1611618411,1611618412,1611618412,1611618413,1611618418,37,36,6
mDiffFit,ID0000397,11138.000.000,192.168.1.162,1611617774,1611617841,1611617845,1611617845,1611617845,1611617845,1611617850,67,4,5
mDiffFit,ID0000045,11017.000.000,192.168.1.161,1611615978,1611616114,1611616117,1611616122,1611616122,1611616124,1611616128,136,8,6
register_local,0_0,11276.000.000,192.168.1.4,1611618668,1611618669,1611618670,1611618674,1611618674,1611618674,1611618679,1,5,5
mDiffFit,ID0000050,11162.000.000,192.168.1.161,1611617930,1611617963,1611617971,1611617975,1611617975,1611617975,1611617982,33,12,7
mDiffFit,ID0000027,11174.000.000,192.168.1.161,1611617991,1611618006,1611618010,1611618021,1611618021,1611618023,1611618035,15,15,14
mDiffFit,ID0000020,10807.000.000,192.168.1.162,1611611360,1611611386,1611611396,1611611398,1611611398,1611611398,1611611403,26,12,5
mProject,ID0000004,10752.000.000,192.168.1.162,1611607979,1611612338,1611614090,1611614096,1611614096,1611614098,1611614109,4359,1758,13
mDiffFit,ID0000276,10841.000.000,192.168.1.161,1611612391,1611612462,1611612471,1611612473,1611612473,1611612473,1611612478,71,11,5
mDiffFit,ID0000373,10904.000.000,192.168.1.161,1611614121,1611614139,1611614145,1611614149,1611614149,1611614151,1611614163,18,10,14
mDiffFit,ID0000060,10929.000.000,192.168.1.161,1611614222,1611614270,1611614272,1611614275,1611614275,1611614276,1611614280,48,5,5
mDiffFit,ID0000224,11041.000.000,192.168.1.162,1611616342,1611616425,1611616426,1611616429,1611616429,1611616429,1611616434,83,4,5
mBackground,ID0000464,11175.000.000,192.168.1.162,1611618001,1611618010,1611618028,1611618035,1611618035,1611618036,1611618047,9,25,12
mDiffFit,ID0000183,10812.000.000,192.168.1.161,1611611649,1611611696,1611611697,1611611697,1611611697,1611611697,1611611702,47,1,5
mDiffFit,ID0000018,11149.000.000,192.168.1.161,1611617891,1611617906,1611617911,1611617917,1611617917,1611617918,1611617931,15,11,14
clean_up_local_level,9_3,10837.000.000,192.168.1.4,1611612390,1611612394,1611612400,1611612403,1611612403,1611612404,1611612409,4,9,6
register_local,19_1,11216.000.000,192.168.1.4,1611618251,1611618254,1611618259,1611618265,1611618265,1611618265,1611618271,3,11,6
mDiffFit,ID0000351,10824.000.000,192.168.1.162,1611612270,1611612297,1611612300,1611612304,1611612304,1611612305,1611612310,27,7,6
mBackground,ID0000310,11095.000.000,192.168.1.161,1611617427,1611617443,1611617452,1611617456,1611617456,1611617458,1611617463,16,13,7
clean_up_local_level,0_9,11261.000.000,192.168.1.4,1611618554,1611618554,1611618571,1611618576,1611618576,1611618577,1611618583,0,22,7
mDiffFit,ID0000029,10804.000.000,192.168.1.162,1611611360,1611611365,1611611367,1611611371,1611611371,1611611371,1611611376,5,6,5
mDiffFit,ID0000406,10869.000.000,192.168.1.161,1611613865,1611613935,1611613946,1611613949,1611613949,1611613950,1611613955,70,14,6
mDiffFit,ID0000218,10884.000.000,192.168.1.161,1611613892,1611614022,1611614034,1611614035,1611614035,1611614035,1611614040,130,13,5
register_local,14_1,11027.000.000,192.168.1.4,1611616136,1611616138,1611616141,1611616143,1611616143,1611616144,1611616148,2,5,5
mBackground,ID0000152,11233.000.000,192.168.1.161,1611618321,1611618377,1611618412,1611618418,1611618418,1611618418,1611618423,56,41,5
mDiffFit,ID0000089,10923.000.000,192.168.1.161,1611614208,1611614240,1611614243,1611614246,1611614246,1611614246,1611614251,32,6,5
stage_in_local_local,4_0,10724.000.000,192.168.1.4,1611607810,1611607813,1611607934,1611607935,1611607935,1611607936,1611607940,3,122,5
mDiffFit,ID0000340,11006.000.000,192.168.1.161,1611615923,1611616071,1611616074,1611616081,1611616081,1611616082,1611616087,148,10,6
mDiffFit,ID0000212,11067.000.000,192.168.1.161,1611616627,1611616680,1611616681,1611616682,1611616682,1611616683,1611616687,53,2,5
mDiffFit,ID0000087,11195.000.000,192.168.1.162,1611618105,1611618152,1611618159,1611618164,1611618164,1611618166,1611618172,47,12,8
mConcatFit,ID0000294,11092.000.000,192.168.1.161,1611617390,1611617391,1611617395,1611617396,1611617396,1611617396,1611617401,1,5,5
stage_in_local_local,0_0,10709.000.000,192.168.1.4,1611607785,1611607790,1611607935,1611607935,1611607935,1611607936,1611607940,5,145,5
mDiffFit,ID0000357,10820.000.000,192.168.1.162,1611612263,1611612272,1611612274,1611612283,1611612283,1611612283,1611612288,9,11,5
mDiffFit,ID0000118,10886.000.000,192.168.1.161,1611613913,1611614030,1611614040,1611614046,1611614046,1611614047,1611614052,117,16,6
mDiffFit,ID0000096,11198.000.000,192.168.1.161,1611618129,1611618157,1611618175,1611618181,1611618181,1611618182,1611618187,28,24,6
mDiffFit,ID0000242,10789.000.000,192.168.1.161,1611610600,1611610636,1611610646,1611610648,1611610648,1611610648,1611610653,36,12,5
register_local,17_1,11191.000.000,192.168.1.4,1611618080,1611618088,1611618096,1611618108,1611618108,1611618109,1611618121,8,20,13
mDiffFit,ID0000428,10893.000.000,192.168.1.161,1611614063,1611614084,1611614089,1611614096,1611614096,1611614098,1611614109,21,12,13
register_local,3_1,11266.000.000,192.168.1.4,1611618583,1611618583,1611618585,1611618588,1611618588,1611618588,1611618594,0,5,6
mDiffFit,ID0000362,11141.000.000,192.168.1.161,1611617790,1611617872,1611617880,1611617885,1611617885,1611617885,1611617893,82,13,8
mDiffFit,ID0000189,11069.000.000,192.168.1.162,1611616627,1611616691,1611616705,1611616709,1611616709,1611616710,1611616715,64,18,6
mDiffFit,ID0000377,10817.000.000,192.168.1.161,1611612195,1611612234,1611612235,1611612236,1611612236,1611612236,1611612241,39,2,5
mProject,ID0000321,10751.000.000,192.168.1.162,1611607979,1611612332,1611613853,1611613855,1611613855,1611613856,1611613860,4353,1523,5
mProject,ID0000016,10761.000.000,192.168.1.162,1611607992,1611614167,1611615917,1611615926,1611615926,1611615927,1611615937,6175,1759,11
register_local,34_1,11242.000.000,192.168.1.4,1611618384,1611618387,1611618395,1611618402,1611618402,1611618403,1611618412,3,15,10
register_local,16_1,11155.000.000,192.168.1.4,1611617912,1611617914,1611617920,1611617931,1611617931,1611617934,1611617949,2,17,18
mDiffFit,ID0000370,10785.000.000,192.168.1.161,1611610588,1611610611,1611610613,1611610617,1611610617,1611610617,1611610622,23,6,5
mDiffFit,ID0000407,10868.000.000,192.168.1.162,1611613865,1611613932,1611613935,1611613938,1611613938,1611613939,1611613944,67,6,6
mDiffFit,ID0000201,10943.000.000,192.168.1.161,1611615268,1611615307,1611615308,1611615311,1611615311,1611615312,1611615317,39,4,6
mDiffFit,ID0000254,11035.000.000,192.168.1.162,1611616335,1611616390,1611616392,1611616402,1611616402,1611616402,1611616407,55,12,5
mBackground,ID0000296,11098.000.000,192.168.1.162,1611617428,1611617461,1611617480,1611617483,1611617483,1611617483,1611617488,33,22,5
mDiffFit,ID0000084,10926.000.000,192.168.1.161,1611614210,1611614252,1611614262,1611614268,1611614268,1611614270,1611614275,42,16,7
mProject,ID0000328,10734.000.000,192.168.1.161,1611607953,1611609047,1611610568,1611610573,1611610573,1611610573,1611610578,1094,1526,5
mProject,ID0000326,10744.000.000,192.168.1.162,1611607967,1611610704,1611612256,1611612258,1611612258,1611612258,1611612264,2737,1554,6
register_local,0_5,11254.000.000,192.168.1.4,1611618468,1611618474,1611618475,1611618479,1611618479,1611618479,1611618486,6,5,7
mDiffFit,ID0000049,11150.000.000,192.168.1.162,1611617892,1611617911,1611617929,1611617931,1611617931,1611617937,1611617949,19,20,18
mProject,ID0000009,10727.000.000,192.168.1.161,1611607946,1611607967,1611609679,1611609681,1611609681,1611609681,1611609686,21,1714,5
mProject,ID0000172,10728.000.000,192.168.1.161,1611607946,1611607967,1611609046,1611609051,1611609051,1611609051,1611609056,21,1084,5
mDiffFit,ID0000249,11079.000.000,192.168.1.162,1611617282,1611617315,1611617330,1611617331,1611617331,1611617332,1611617337,33,16,6
mDiffFit,ID0000226,10848.000.000,192.168.1.161,1611612504,1611612712,1611612713,1611612713,1611612713,1611612713,1611612718,208,1,5
mDiffFit,ID0000236,10839.000.000,192.168.1.161,1611612391,1611612448,1611612450,1611612452,1611612452,1611612453,1611612458,57,4,6
mProject,ID0000168,10740.000.000,192.168.1.161,1611607965,1611609703,1611610805,1611610807,1611610807,1611610808,1611610813,1738,1104,6
mDiffFit,ID0000058,11153.000.000,192.168.1.162,1611617899,1611617919,1611617923,1611617931,1611617931,1611617935,1611617949,20,12,18
mDiffFit,ID0000426,10815.000.000,192.168.1.161,1611612194,1611612212,1611612221,1611612225,1611612225,1611612226,1611612231,18,13,6
mDiffFit,ID0000238,10780.000.000,192.168.1.161,1611610552,1611610580,1611610582,1611610589,1611610589,1611610589,1611610594,28,9,5
register_local,3_0,11020.000.000,192.168.1.4,1611615990,1611615997,1611616007,1611616016,1611616016,1611616017,1611616024,7,19,8
mProject,ID0000158,10741.000.000,192.168.1.161,1611607965,1611610542,1611611636,1611611638,1611611638,1611611638,1611611643,2577,1096,5
mDiffFit,ID0000195,10950.000.000,192.168.1.161,1611615279,1611615370,1611615372,1611615375,1611615375,1611615375,1611615380,91,5,5
mDiffFit,ID0000035,10977.000.000,192.168.1.161,1611615827,1611615911,1611615928,1611615937,1611615937,1611615939,1611615954,84,26,17
mBackground,ID0000141,11232.000.000,192.168.1.161,1611618319,1611618377,1611618412,1611618418,1611618418,1611618418,1611618423,58,41,5
mDiffFit,ID0000022,11048.000.000,192.168.1.161,1611616386,1611616470,1611616472,1611616473,1611616473,1611616473,1611616478,84,3,5
mDiffFit,ID0000399,11136.000.000,192.168.1.162,1611617762,1611617831,1611617849,1611617850,1611617850,1611617853,1611617857,69,19,7
mDiffFit,ID0000437,10967.000.000,192.168.1.162,1611615805,1611615855,1611615859,1611615869,1611615869,1611615870,1611615884,50,14,15
mDiffFit,ID0000071,10921.000.000,192.168.1.161,1611614198,1611614224,1611614238,1611614240,1611614240,1611614241,1611614246,26,16,6
register_local,1_1,11267.000.000,192.168.1.4,1611618593,1611618594,1611618595,1611618599,1611618599,1611618599,1611618604,1,5,5
mDiffFit,ID0000383,10897.000.000,192.168.1.162,1611614079,1611614105,1611614109,1611614124,1611614124,1611614125,1611614136,26,19,12
mProject,ID0000015,10742.000.000,192.168.1.161,1611607966,1611610637,1611612370,1611612373,1611612373,1611612373,1611612378,2671,1736,5
mDiffFit,ID0000192,10940.000.000,192.168.1.161,1611615267,1611615274,1611615283,1611615289,1611615289,1611615289,1611615295,7,15,6
mDiffFit,ID0000132,10891.000.000,192.168.1.161,1611613922,1611614061,1611614064,1611614068,1611614068,1611614071,1611614082,139,7,14
register_local,20_1,11059.000.000,192.168.1.4,1611616519,1611616520,1611616522,1611616524,1611616524,1611616524,1611616529,1,4,5
mDiffFit,ID0000348,10910.000.000,192.168.1.161,1611614148,1611614179,1611614192,1611614202,1611614202,1611614202,1611614213,31,23,11
mDiffFit,ID0000181,10859.000.000,192.168.1.162,1611612818,1611613864,1611613867,1611613868,1611613868,1611613868,1611613875,1046,4,7
mDiffFit,ID0000063,10919.000.000,192.168.1.162,1611614186,1611614217,1611614220,1611614224,1611614224,1611614224,1611614229,31,7,5
