Job,ID,DagmanID,Node IP,SUBMIT,EXECUTE,JOB_TERMINATED,JOB_SUCCESS,POST_SCRIPT_STARTED,POST_SCRIPT_TERMINATED,POST_SCRIPT_SUCCESS,wait_time,exec_time,ps_time
mDiffFit,ID0000118,13128.000.000,192.168.1.164,1611658456,1611658502,1611658511,1611658512,1611658512,1611658512,1611658519,46,10,7
register_local,9_1,13399.000.000,192.168.1.4,1611660494,1611660502,1611660512,1611660518,1611660518,1611660519,1611660530,8,16,12
clean_up_local_level,0_3,13398.000.000,192.168.1.4,1611660483,1611660493,1611660508,1611660518,1611660518,1611660518,1611660530,10,25,12
create_dir_montage,local_0,13001.000.000,192.168.1.4,1611656399,1611656400,1611656402,1611656404,1611656404,1611656404,1611656409,1,4,5
mDiffFit,ID0000033,13212.000.000,192.168.1.161,1611659416,1611659446,1611659454,1611659455,1611659455,1611659456,1611659466,30,9,11
mDiffFit,ID0000080,13381.000.000,192.168.1.161,1611660368,1611660434,1611660445,1611660455,1611660455,1611660458,1611660473,66,21,18
clean_up_local_level,0_4,13503.000.000,192.168.1.4,1611661043,1611661049,1611661061,1611661062,1611661062,1611661064,1611661070,6,13,8
mDiffFit,ID0000260,13288.000.000,192.168.1.162,1611659853,1611659874,1611659890,1611659901,1611659901,1611659901,1611659914,21,27,13
mBackground,ID0000299,13323.000.000,192.168.1.165,1611660040,1611660052,1611660084,1611660088,1611660088,1611660089,1611660100,12,36,12
mBackground,ID0000303,13328.000.000,192.168.1.165,1611660055,1611660092,1611660150,1611660159,1611660159,1611660162,1611660172,37,67,13
mDiffFit,ID0000281,13086.000.000,192.168.1.162,1611657893,1611657979,1611657986,1611657989,1611657989,1611657990,1611657995,86,10,6
mDiffFit,ID0000048,13448.000.000,192.168.1.165,1611660752,1611660763,1611660775,1611660787,1611660787,1611660790,1611660800,11,24,13
mBackground,ID0000307,13334.000.000,192.168.1.165,1611660095,1611660129,1611660200,1611660205,1611660205,1611660208,1611660220,34,76,15
mDiffFit,ID0000108,13236.000.000,192.168.1.161,1611659554,1611659589,1611659596,1611659608,1611659608,1611659609,1611659621,35,19,13
mDiffFit,ID0000207,13279.000.000,192.168.1.163,1611659802,1611659820,1611659833,1611659844,1611659844,1611659848,1611659858,18,24,14
mDiffFit,ID0000336,13364.000.000,192.168.1.161,1611660286,1611660307,1611660320,1611660331,1611660331,1611660332,1611660343,21,24,12
mDiffFit,ID0000220,13083.000.000,192.168.1.162,1611657888,1611657960,1611657962,1611657972,1611657972,1611657972,1611657979,72,12,7
clean_up_local_level,0_6,13510.000.000,192.168.1.4,1611661092,1611661093,1611661108,1611661122,1611661122,1611661123,1611661135,1,29,13
mDiffFit,ID0000245,13244.000.000,192.168.1.161,1611659607,1611659621,1611659623,1611659632,1611659632,1611659634,1611659646,14,11,14
mBackground,ID0000466,13488.000.000,192.168.1.166,1611660920,1611660946,1611661023,1611661025,1611661025,1611661027,1611661031,26,79,6
mDiffFit,ID0000284,13249.000.000,192.168.1.161,1611659632,1611659648,1611659652,1611659659,1611659659,1611659660,1611659671,16,11,12
mDiffFit,ID0000246,13084.000.000,192.168.1.162,1611657893,1611657970,1611657972,1611657979,1611657979,1611657979,1611657984,77,9,5
stage_in_local_local,1_0,13013.000.000,192.168.1.4,1611656431,1611656438,1611656829,1611656831,1611656831,1611656831,1611656836,7,393,5
mDiffFit,ID0000359,13407.000.000,192.168.1.163,1611660538,1611660570,1611660579,1611660584,1611660584,1611660586,1611660598,32,14,14
clean_up_local_level,3_7,13533.000.000,192.168.1.4,1611661250,1611661251,1611661261,1611661267,1611661267,1611661269,1611661280,1,16,13
mDiffFit,ID0000261,13287.000.000,192.168.1.165,1611659841,1611659864,1611659885,1611659890,1611659890,1611659891,1611659901,23,26,11
mConcatFit,ID0000294,13301.000.000,192.168.1.161,1611659921,1611659940,1611659953,1611659966,1611659966,1611659968,1611659979,19,26,13
mDiffFit,ID0000230,13284.000.000,192.168.1.165,1611659823,1611659850,1611659859,1611659872,1611659872,1611659874,1611659890,27,22,18
mProject,ID0000014,13056.000.000,192.168.1.161,1611656871,1611658318,1611660018,1611660019,1611660019,1611660022,1611660031,1447,1701,12
mImgtbl,ID0000469,13504.000.000,192.168.1.166,1611661043,1611661066,1611661069,1611661070,1611661070,1611661070,1611661075,23,4,5
mProject,ID0000013,13037.000.000,192.168.1.164,1611656766,1611656780,1611658434,1611658442,1611658442,1611658443,1611658450,14,1662,8
mDiffFit,ID0000187,13186.000.000,192.168.1.165,1611659262,1611659301,1611659304,1611659313,1611659313,1611659314,1611659323,39,12,10
mDiffFit,ID0000107,13140.000.000,192.168.1.162,1611658575,1611658592,1611658595,1611658604,1611658604,1611658606,1611658618,17,12,14
register_local,14_1,13309.000.000,192.168.1.4,1611659974,1611659977,1611659979,1611659993,1611659993,1611659994,1611660005,3,16,12
mDiffFit,ID0000083,13143.000.000,192.168.1.162,1611658577,1611658609,1611658614,1611658618,1611658618,1611658618,1611658630,32,9,12
mBackground,ID0000309,13338.000.000,192.168.1.165,1611660122,1611660140,1611660200,1611660205,1611660205,1611660209,1611660220,18,65,15
mDiffFit,ID0000212,13269.000.000,192.168.1.166,1611659740,1611659761,1611659765,1611659773,1611659773,1611659776,1611659782,21,12,9
mDiffFit,ID0000089,13369.000.000,192.168.1.161,1611660315,1611660338,1611660345,1611660356,1611660356,1611660358,1611660370,23,18,14
mDiffFit,ID0000072,13421.000.000,192.168.1.165,1611660616,1611660637,1611660641,1611660652,1611660652,1611660656,1611660666,21,15,14
register_local,3_1,13567.000.000,192.168.1.4,1611661522,1611661522,1611661524,1611661528,1611661528,1611661529,1611661534,0,6,6
mBgModel,ID0000138,13508.000.000,192.168.1.166,1611661069,1611661070,1611661077,1611661081,1611661081,1611661081,1611661086,1,11,5
mDiffFit,ID0000400,13433.000.000,192.168.1.166,1611660676,1611660690,1611660703,1611660706,1611660706,1611660707,1611660720,14,16,14
mBackground,ID0000459,13491.000.000,192.168.1.161,1611660935,1611660981,1611661029,1611661031,1611661031,1611661031,1611661037,46,50,6
mDiffFit,ID0000386,13127.000.000,192.168.1.162,1611658449,1611658493,1611658497,1611658499,1611658499,1611658501,1611658506,44,6,7
mDiffFit,ID0000182,13174.000.000,192.168.1.166,1611659212,1611659236,1611659238,1611659252,1611659252,1611659254,1611659266,24,16,14
mProject,ID0000323,13030.000.000,192.168.1.166,1611656572,1611656587,1611658098,1611658101,1611658101,1611658101,1611658106,15,1514,5
mDiffFit,ID0000039,13205.000.000,192.168.1.166,1611659386,1611659402,1611659408,1611659417,1611659417,1611659418,1611659430,16,15,13
mDiffFit,ID0000391,13125.000.000,192.168.1.164,1611658440,1611658486,1611658490,1611658494,1611658494,1611658494,1611658499,46,8,5
mProject,ID0000161,13035.000.000,192.168.1.163,1611656760,1611656781,1611657871,1611657876,1611657876,1611657876,1611657881,21,1095,5
mDiffFit,ID0000095,13418.000.000,192.168.1.166,1611660597,1611660618,1611660637,1611660652,1611660652,1611660654,1611660666,21,34,14
mDiffFit,ID0000354,13346.000.000,192.168.1.165,1611660167,1611660212,1611660225,1611660233,1611660233,1611660235,1611660247,45,21,14
mDiffFit,ID0000126,13231.000.000,192.168.1.162,1611659542,1611659564,1611659575,1611659580,1611659580,1611659584,1611659594,22,16,14
mDiffFit,ID0000092,13423.000.000,192.168.1.161,1611660620,1611660637,1611660655,1611660666,1611660666,1611660670,1611660680,17,29,14
mDiffFit,ID0000352,13102.000.000,192.168.1.166,1611658274,1611658317,1611658320,1611658325,1611658325,1611658325,1611658336,43,8,11
mDiffFit,ID0000060,13139.000.000,192.168.1.163,1611658560,1611658596,1611658599,1611658604,1611658604,1611658607,1611658618,36,8,14
mBackground,ID0000146,13520.000.000,192.168.1.166,1611661113,1611661155,1611661210,1611661217,1611661217,1611661218,1611661225,42,62,8
mDiffFit,ID0000082,13410.000.000,192.168.1.165,1611660551,1611660584,1611660600,1611660610,1611660610,1611660611,1611660622,33,26,12
stage_in_remote_local,0_4,13009.000.000,192.168.1.4,1611656420,1611656423,1611656425,1611656426,1611656426,1611656427,1611656432,3,3,6
mDiffFit,ID0000421,13311.000.000,192.168.1.161,1611659978,1611659995,1611659998,1611660005,1611660005,1611660008,1611660019,17,10,14
mDiffFit,ID0000250,13096.000.000,192.168.1.163,1611657978,1611658061,1611658063,1611658064,1611658064,1611658064,1611658069,83,3,5
mDiffFit,ID0000183,13071.000.000,192.168.1.165,1611657697,1611657748,1611657749,1611657752,1611657752,1611657752,1611657757,51,4,5
mDiffFit,ID0000409,13347.000.000,192.168.1.161,1611660170,1611660224,1611660265,1611660278,1611660278,1611660280,1611660293,54,54,15
mDiffFit,ID0000440,13400.000.000,192.168.1.163,1611660497,1611660518,1611660530,1611660541,1611660541,1611660542,1611660553,21,23,12
mProject,ID0000330,13064.000.000,192.168.1.162,1611656883,1611658514,1611660076,1611660088,1611660088,1611660089,1611660100,1631,1574,12
mDiffFit,ID0000097,13425.000.000,192.168.1.161,1611660630,1611660647,1611660653,1611660666,1611660666,1611660669,1611660680,17,19,14
mDiffFit,ID0000216,13203.000.000,192.168.1.161,1611659322,1611659389,1611659394,1611659407,1611659407,1611659409,1611659417,67,18,10
register_local,34_1,13534.000.000,192.168.1.4,1611661251,1611661257,1611661261,1611661267,1611661267,1611661268,1611661280,6,10,13
mDiffFit,ID0000181,13075.000.000,192.168.1.163,1611657875,1611657885,1611657886,1611657888,1611657888,1611657888,1611657895,10,3,7
mDiffFit,ID0000288,13250.000.000,192.168.1.164,1611659639,1611659657,1611659674,1611659683,1611659683,1611659683,1611659696,18,26,13
mDiffFit,ID0000414,13408.000.000,192.168.1.166,1611660540,1611660568,1611660572,1611660584,1611660584,1611660585,1611660598,28,16,14
mDiffFit,ID0000434,13221.000.000,192.168.1.161,1611659476,1611659493,1611659507,1611659513,1611659513,1611659515,1611659520,17,20,7
mImgtbl,ID0000312,13363.000.000,192.168.1.161,1611660272,1611660332,1611660336,1611660343,1611660343,1611660345,1611660356,60,11,13
mDiffFit,ID0000101,13302.000.000,192.168.1.162,1611659924,1611659945,1611659952,1611659953,1611659953,1611659957,1611659966,21,8,13
mDiffFit,ID0000349,13443.000.000,192.168.1.165,1611660717,1611660736,1611660755,1611660758,1611660758,1611660760,1611660771,19,22,13
register_local,18_1,13502.000.000,192.168.1.4,1611661037,1611661050,1611661058,1611661062,1611661062,1611661063,1611661070,13,12,8
mBackground,ID0000306,13335.000.000,192.168.1.161,1611660098,1611660129,1611660177,1611660185,1611660185,1611660187,1611660205,31,56,20
mDiffFit,ID0000274,13177.000.000,192.168.1.161,1611659222,1611659254,1611659256,1611659266,1611659266,1611659270,1611659279,32,12,13
mBackground,ID0000467,13485.000.000,192.168.1.165,1611660900,1611660924,1611660994,1611660996,1611660996,1611660998,1611661005,24,72,9
mDiffFit,ID0000074,13377.000.000,192.168.1.165,1611660353,1611660398,1611660455,1611660473,1611660473,1611660474,1611660485,45,75,12
mDiffFit,ID0000387,13312.000.000,192.168.1.165,1611659978,1611659997,1611660009,1611660019,1611660019,1611660020,1611660031,19,22,12
register_local,32_1,13550.000.000,192.168.1.4,1611661384,1611661384,1611661386,1611661389,1611661389,1611661389,1611661396,0,5,7
clean_up_local_level,9_3,13176.000.000,192.168.1.4,1611659219,1611659222,1611659230,1611659238,1611659238,1611659238,1611659252,3,16,14
clean_up_local_level,0_8,13544.000.000,192.168.1.4,1611661315,1611661316,1611661325,1611661327,1611661327,1611661329,1611661334,1,11,7
stage_in_remote_local,0_0,13004.000.000,192.168.1.4,1611656415,1611656419,1611656422,1611656426,1611656426,1611656426,1611656432,4,7,6
mDiffFit,ID0000213,13274.000.000,192.168.1.163,1611659769,1611659792,1611659795,1611659803,1611659803,1611659804,1611659816,23,11,13
mDiffFit,ID0000122,13471.000.000,192.168.1.165,1611660843,1611660882,1611660903,1611660912,1611660912,1611660914,1611660924,39,30,12
clean_up_local_level,8_3,13332.000.000,192.168.1.4,1611660080,1611660084,1611660098,1611660100,1611660100,1611660101,1611660115,4,16,15
mDiffFit,ID0000019,13131.000.000,192.168.1.164,1611658518,1611658525,1611658526,1611658530,1611658530,1611658531,1611658536,7,5,6
mDiffFit,ID0000418,13315.000.000,192.168.1.162,1611659991,1611660008,1611660022,1611660031,1611660031,1611660032,1611660043,17,23,12
register_local,31_1,13555.000.000,192.168.1.4,1611661396,1611661402,1611661404,1611661406,1611661406,1611661407,1611661418,6,4,12
mDiffFit,ID0000276,13179.000.000,192.168.1.166,1611659231,1611659254,1611659270,1611659279,1611659279,1611659280,1611659288,23,25,9
mDiffFit,ID0000426,13215.000.000,192.168.1.166,1611659441,1611659455,1611659470,1611659482,1611659482,1611659484,1611659493,14,27,11
mDiffFit,ID0000257,13091.000.000,192.168.1.162,1611657958,1611658026,1611658028,1611658030,1611658030,1611658031,1611658036,68,4,6
stage_in_remote_local,0_6,13007.000.000,192.168.1.4,1611656420,1611656423,1611656427,1611656432,1611656432,1611656433,1611656439,3,9,7
mDiffFit,ID0000277,13182.000.000,192.168.1.161,1611659244,1611659270,1611659286,1611659288,1611659288,1611659288,1611659301,26,18,13
mDiffFit,ID0000032,13454.000.000,192.168.1.165,1611660779,1611660799,1611660814,1611660824,1611660824,1611660825,1611660836,20,25,12
mDiffFit,ID0000115,13300.000.000,192.168.1.165,1611659911,1611659936,1611659942,1611659953,1611659953,1611659955,1611659966,25,17,13
mDiffFit,ID0000401,13441.000.000,192.168.1.165,1611660705,1611660731,1611660735,1611660746,1611660746,1611660748,1611660758,26,15,12
mDiffFit,ID0000358,13119.000.000,192.168.1.162,1611658411,1611658450,1611658451,1611658458,1611658458,1611658459,1611658464,39,8,6
mDiffFit,ID0000241,13077.000.000,192.168.1.163,1611657875,1611657905,1611657913,1611657916,1611657916,1611657916,1611657921,30,11,5
register_local,6_1,13469.000.000,192.168.1.4,1611660842,1611660844,1611660854,1611660860,1611660860,1611660863,1611660875,2,16,15
mDiffFit,ID0000025,13103.000.000,192.168.1.161,1611658312,1611658324,1611658326,1611658336,1611658336,1611658336,1611658345,12,12,9
mDiffFit,ID0000438,13321.000.000,192.168.1.165,1611660029,1611660045,1611660054,1611660056,1611660056,1611660059,1611660071,16,11,15
mDiffFit,ID0000413,13120.000.000,192.168.1.164,1611658417,1611658462,1611658464,1611658471,1611658471,1611658471,1611658476,45,9,5
mDiffFit,ID0000024,13294.000.000,192.168.1.163,1611659898,1611659925,1611659933,1611659940,1611659940,1611659942,1611659953,27,15,13
mBackground,ID0000454,13490.000.000,192.168.1.166,1611660932,1611660958,1611661024,1611661030,1611661030,1611661031,1611661037,26,72,7
register_local,7_1,13403.000.000,192.168.1.4,1611660525,1611660528,1611660532,1611660541,1611660541,1611660543,1611660553,3,13,12
mDiffFit,ID0000179,13092.000.000,192.168.1.162,1611657967,1611658033,1611658034,1611658036,1611658036,1611658037,1611658042,66,3,6
mDiffFit,ID0000204,13267.000.000,192.168.1.163,1611659728,1611659751,1611659758,1611659760,1611659760,1611659764,1611659773,23,9,13
register_local,24_1,13420.000.000,192.168.1.4,1611660608,1611660615,1611660620,1611660622,1611660622,1611660623,1611660637,7,7,15
register_local,11_1,13436.000.000,192.168.1.4,1611660688,1611660691,1611660698,1611660706,1611660706,1611660707,1611660720,3,15,14
mDiffFit,ID0000446,13216.000.000,192.168.1.162,1611659450,1611659463,1611659467,1611659482,1611659482,1611659482,1611659493,13,19,11
mDiffFit,ID0000022,13415.000.000,192.168.1.165,1611660591,1611660604,1611660610,1611660622,1611660622,1611660622,1611660637,13,18,15
stage_in_remote_local,2_1,13017.000.000,192.168.1.4,1611656432,1611656437,1611656440,1611656444,1611656444,1611656444,1611656449,5,7,5
register_local,15_1,13530.000.000,192.168.1.4,1611661193,1611661202,1611661209,1611661217,1611661217,1611661218,1611661225,9,15,8
mDiffFit,ID0000196,13178.000.000,192.168.1.165,1611659229,1611659252,1611659254,1611659266,1611659266,1611659268,1611659279,23,14,13
mDiffFit,ID0000217,13079.000.000,192.168.1.163,1611657886,1611657933,1611657935,1611657937,1611657937,1611657938,1611657943,47,4,6
mDiffFit,ID0000411,13220.000.000,192.168.1.162,1611659473,1611659490,1611659494,1611659506,1611659506,1611659506,1611659513,17,16,7
mDiffFit,ID0000268,13170.000.000,192.168.1.161,1611658846,1611658920,1611658921,1611658925,1611658925,1611658925,1611658930,74,5,5
mDiffFit,ID0000234,13200.000.000,192.168.1.162,1611659307,1611659362,1611659366,1611659373,1611659373,1611659374,1611659379,55,11,6
mDiffFit,ID0000239,13090.000.000,192.168.1.162,1611657955,1611658011,1611658021,1611658025,1611658025,1611658025,1611658030,56,14,5
mDiffFit,ID0000047,13449.000.000,192.168.1.165,1611660757,1611660768,1611660772,1611660787,1611660787,1611660789,1611660800,11,19,13
clean_up_local_level,0_10,13562.000.000,192.168.1.4,1611661483,1611661483,1611661498,1611661500,1611661500,1611661501,1611661507,0,17,7
mDiffFit,ID0000064,13134.000.000,192.168.1.164,1611658519,1611658548,1611658552,1611658553,1611658553,1611658553,1611658561,29,5,8
mDiffFit,ID0000366,13259.000.000,192.168.1.163,1611659681,1611659711,1611659720,1611659733,1611659733,1611659734,1611659745,30,22,12
mDiffFit,ID0000043,13371.000.000,192.168.1.166,1611660325,1611660357,1611660371,1611660381,1611660381,1611660382,1611660394,32,24,13
mDiffFit,ID0000102,13141.000.000,192.168.1.164,1611658576,1611658601,1611658607,1611658618,1611658618,1611658618,1611658630,25,17,12
mDiffFit,ID0000266,13181.000.000,192.168.1.165,1611659237,1611659268,1611659285,1611659288,1611659288,1611659288,1611659301,31,20,13
mDiffFit,ID0000393,13124.000.000,192.168.1.162,1611658438,1611658477,1611658479,1611658482,1611658482,1611658484,1611658488,39,5,6
mDiffFit,ID0000342,13357.000.000,192.168.1.166,1611660240,1611660283,1611660290,1611660293,1611660293,1611660297,1611660307,43,10,14
mDiffFit,ID0000017,13206.000.000,192.168.1.162,1611659389,1611659407,1611659424,1611659430,1611659430,1611659431,1611659442,18,23,12
mBackground,ID0000463,13480.000.000,192.168.1.166,1611660889,1611660906,1611660940,1611660949,1611660949,1611660950,1611660963,17,43,14
mDiffFit,ID0000090,13135.000.000,192.168.1.164,1611658548,1611658563,1611658566,1611658567,1611658567,1611658569,1611658579,15,4,12
stage_in_remote_local,0_3,13010.000.000,192.168.1.4,1611656420,1611656423,1611656427,1611656432,1611656432,1611656433,1611656439,3,9,7
mDiffFit,ID0000188,13069.000.000,192.168.1.165,1611657692,1611657729,1611657730,1611657737,1611657737,1611657737,1611657742,37,8,5
mProject,ID0000015,13029.000.000,192.168.1.166,1611656572,1611656587,1611658301,1611658305,1611658305,1611658307,1611658313,15,1718,8
mDiffFit,ID0000201,13189.000.000,192.168.1.166,1611659273,1611659313,1611659318,1611659323,1611659323,1611659323,1611659328,40,10,5
mDiffFit,ID0000405,13427.000.000,192.168.1.165,1611660642,1611660661,1611660666,1611660666,1611660666,1611660671,1611660680,19,5,14
mDiffFit,ID0000442,13111.000.000,192.168.1.166,1611658335,1611658372,1611658374,1611658379,1611658379,1611658381,1611658385,37,7,6
register_local,27_1,13457.000.000,192.168.1.4,1611660794,1611660799,1611660805,1611660812,1611660812,1611660814,1611660824,5,13,12
mDiffFit,ID0000238,13195.000.000,192.168.1.161,1611659287,1611659341,1611659344,1611659345,1611659345,1611659345,1611659350,54,4,5
mDiffFit,ID0000404,13428.000.000,192.168.1.165,1611660646,1611660664,1611660668,1611660680,1611660680,1611660682,1611660693,18,16,13
mDiffFit,ID0000408,13229.000.000,192.168.1.162,1611659512,1611659530,1611659537,1611659544,1611659544,1611659545,1611659556,18,14,12
mProject,ID0000326,13031.000.000,192.168.1.166,1611656758,1611656760,1611658310,1611658313,1611658313,1611658314,1611658325,2,1553,12
mDiffFit,ID0000244,13163.000.000,192.168.1.161,1611658835,1611658876,1611658878,1611658879,1611658879,1611658879,1611658885,41,3,6
mDiffFit,ID0000184,13166.000.000,192.168.1.161,1611658839,1611658899,1611658903,1611658907,1611658907,1611658909,1611658914,60,8,7
mDiffFit,ID0000280,13240.000.000,192.168.1.164,1611659588,1611659605,1611659609,1611659621,1611659621,1611659621,1611659632,17,16,11
mDiffFit,ID0000177,13198.000.000,192.168.1.166,1611659294,1611659361,1611659375,1611659379,1611659379,1611659380,1611659391,67,18,12
stage_in_remote_local,0_7,13006.000.000,192.168.1.4,1611656415,1611656419,1611656422,1611656426,1611656426,1611656426,1611656432,4,7,6
mDiffFit,ID0000214,13268.000.000,192.168.1.161,1611659732,1611659750,1611659757,1611659760,1611659760,1611659763,1611659773,18,10,13
clean_up_local_level,0_11,13565.000.000,192.168.1.4,1611661506,1611661507,1611661515,1611661517,1611661517,1611661517,1611661522,1,10,5
mDiffFit,ID0000431,13227.000.000,192.168.1.161,1611659504,1611659523,1611659526,1611659532,1611659532,1611659532,1611659537,19,9,5
mDiffFit,ID0000415,13310.000.000,192.168.1.163,1611659977,1611659996,1611660000,1611660005,1611660005,1611660008,1611660019,19,9,14
mDiffFit,ID0000088,13138.000.000,192.168.1.164,1611658552,1611658582,1611658584,1611658592,1611658592,1611658593,1611658604,30,10,12
mDiffFit,ID0000432,13226.000.000,192.168.1.165,1611659500,1611659523,1611659532,1611659532,1611659532,1611659533,1611659537,23,9,5
register_local,29_1,13476.000.000,192.168.1.4,1611660868,1611660871,1611660879,1611660890,1611660890,1611660892,1611660901,3,19,11
mDiffFit,ID0000236,13202.000.000,192.168.1.162,1611659320,1611659388,1611659393,1611659407,1611659407,1611659409,1611659417,68,19,10
mBackground,ID0000468,13484.000.000,192.168.1.165,1611660899,1611660924,1611660995,1611660996,1611660996,1611660999,1611661005,25,72,9
DAGMAN,,13000.0,,1611656394,,,,,,1611661587,,,
mDiffFit,ID0000079,13376.000.000,192.168.1.166,1611660350,1611660378,1611660388,1611660394,1611660394,1611660397,1611660409,28,16,15
mDiffFit,ID0000242,13172.000.000,192.168.1.165,1611659211,1611659221,1611659234,1611659238,1611659238,1611659238,1611659252,10,17,14
register_local,4_4,13543.000.000,192.168.1.4,1611661299,1611661302,1611661305,1611661310,1611661310,1611661310,1611661317,3,8,7
mDiffFit,ID0000224,13251.000.000,192.168.1.162,1611659641,1611659662,1611659666,1611659671,1611659671,1611659673,1611659683,21,9,12
stage_in_remote_local,0_2,13002.000.000,192.168.1.4,1611656414,1611656414,1611656419,1611656420,1611656420,1611656421,1611656426,0,6,6
mProject,ID0000173,13023.000.000,192.168.1.165,1611656565,1611656586,1611657666,1611657670,1611657670,1611657670,1611657675,21,1084,5
mDiffFit,ID0000058,13451.000.000,192.168.1.163,1611660767,1611660783,1611660787,1611660800,1611660800,1611660801,1611660812,16,17,12
mProject,ID0000317,13051.000.000,192.168.1.163,1611656865,1611658063,1611659574,1611659580,1611659580,1611659583,1611659594,1198,1517,14
mDiffFit,ID0000333,13353.000.000,192.168.1.166,1611660215,1611660270,1611660281,1611660293,1611660293,1611660294,1611660307,55,23,14
mDiffFit,ID0000374,13439.000.000,192.168.1.163,1611660703,1611660724,1611660729,1611660733,1611660733,1611660734,1611660746,21,9,13
mDiffFit,ID0000052,13456.000.000,192.168.1.165,1611660785,1611660804,1611660807,1611660812,1611660812,1611660814,1611660824,19,8,12
mDiffFit,ID0000428,13115.000.000,192.168.1.162,1611658410,1611658418,1611658421,1611658422,1611658422,1611658423,1611658428,8,4,6
mImgtbl,ID0000155,13538.000.000,192.168.1.163,1611661267,1611661302,1611661304,1611661305,1611661305,1611661305,1611661310,35,3,5
mDiffFit,ID0000109,13293.000.000,192.168.1.165,1611659887,1611659899,1611659931,1611659940,1611659940,1611659942,1611659953,12,41,13
mDiffFit,ID0000130,13474.000.000,192.168.1.165,1611660855,1611660892,1611660902,1611660912,1611660912,1611660913,1611660924,37,20,12
mDiffFit,ID0000373,13122.000.000,192.168.1.162,1611658437,1611658465,1611658467,1611658471,1611658471,1611658472,1611658476,28,6,5
mProject,ID0000328,13021.000.000,192.168.1.165,1611656564,1611656566,1611658075,1611658080,1611658080,1611658081,1611658086,2,1514,6
register_local,17_1,13494.000.000,192.168.1.4,1611660955,1611660959,1611660970,1611660978,1611660978,1611660979,1611660996,4,19,18
mDiffFit,ID0000247,13184.000.000,192.168.1.162,1611659250,1611659285,1611659287,1611659288,1611659288,1611659288,1611659301,35,3,13
mDiffFit,ID0000433,13223.000.000,192.168.1.161,1611659480,1611659495,1611659518,1611659520,1611659520,1611659521,1611659526,15,25,6
mProject,ID0000165,13065.000.000,192.168.1.164,1611656884,1611658658,1611659788,1611659789,1611659789,1611659789,1611659794,1774,1131,5
mDiffFit,ID0000202,13155.000.000,192.168.1.161,1611658801,1611658824,1611658829,1611658829,1611658829,1611658830,1611658840,23,5,11
mDiffFit,ID0000175,13273.000.000,192.168.1.165,1611659767,1611659788,1611659793,1611659794,1611659794,1611659795,1611659803,21,6,9
mDiffFit,ID0000347,13100.000.000,192.168.1.166,1611658273,1611658293,1611658297,1611658299,1611658299,1611658301,1611658305,20,6,6
mDiffFit,ID0000423,13222.000.000,192.168.1.166,1611659477,1611659493,1611659508,1611659513,1611659513,1611659515,1611659520,16,20,7
mDiffFit,ID0000195,13161.000.000,192.168.1.161,1611658808,1611658867,1611658870,1611658873,1611658873,1611658874,1611658879,59,6,6
mDiffFit,ID0000424,13341.000.000,192.168.1.166,1611660136,1611660205,1611660211,1611660220,1611660220,1611660224,1611660233,69,15,13
mDiffFit,ID0000355,13113.000.000,192.168.1.166,1611658343,1611658382,1611658384,1611658385,1611658385,1611658385,1611658390,39,3,5
stage_in_remote_local,1_0,13012.000.000,192.168.1.4,1611656426,1611656426,1611656429,1611656432,1611656432,1611656433,1611656439,0,6,7
register_local,0_0,13573.000.000,192.168.1.4,1611661576,1611661577,1611661579,1611661582,1611661582,1611661582,1611661587,1,5,5
mDiffFit,ID0000084,13296.000.000,192.168.1.165,1611659900,1611659933,1611659943,1611659953,1611659953,1611659956,1611659966,33,20,13
mBackground,ID0000457,13483.000.000,192.168.1.165,1611660898,1611660912,1611660962,1611660963,1611660963,1611660964,1611660978,14,51,15
mBackground,ID0000153,13516.000.000,192.168.1.161,1611661100,1611661151,1611661232,1611661244,1611661244,1611661245,1611661251,51,93,7
mDiffFit,ID0000243,13073.000.000,192.168.1.165,1611657736,1611657762,1611657768,1611657773,1611657773,1611657773,1611657778,26,11,5
mDiffFit,ID0000070,13238.000.000,192.168.1.165,1611659566,1611659594,1611659597,1611659608,1611659608,1611659610,1611659621,28,14,13
mDiffFit,ID0000422,13395.000.000,192.168.1.163,1611660465,1611660493,1611660496,1611660506,1611660506,1611660508,1611660518,28,13,12
mBackground,ID0000148,13518.000.000,192.168.1.161,1611661103,1611661153,1611661233,1611661244,1611661244,1611661246,1611661251,50,91,7
mBackground,ID0000301,13330.000.000,192.168.1.161,1611660065,1611660092,1611660151,1611660159,1611660159,1611660162,1611660172,27,67,13
mDiffFit,ID0000076,13383.000.000,192.168.1.161,1611660379,1611660434,1611660445,1611660455,1611660455,1611660457,1611660473,55,21,18
mDiffFit,ID0000174,13157.000.000,192.168.1.161,1611658802,1611658834,1611658850,1611658851,1611658851,1611658851,1611658856,32,17,5
mProject,ID0000003,13068.000.000,192.168.1.163,1611656884,1611658666,1611660414,1611660426,1611660426,1611660428,1611660440,1782,1760,14
mDiffFit,ID0000228,13196.000.000,192.168.1.161,1611659288,1611659341,1611659364,1611659367,1611659367,1611659368,1611659373,53,26,6
mBackground,ID0000311,13331.000.000,192.168.1.166,1611660068,1611660084,1611660119,1611660129,1611660129,1611660130,1611660147,16,45,18
mProject,ID0000163,13024.000.000,192.168.1.165,1611656565,1611656586,1611657722,1611657723,1611657723,1611657723,1611657728,21,1137,5
mDiffFit,ID0000068,13375.000.000,192.168.1.161,1611660342,1611660374,1611660381,1611660394,1611660394,1611660395,1611660409,32,20,15
mDiffFit,ID0000367,13343.000.000,192.168.1.161,1611660143,1611660205,1611660224,1611660233,1611660233,1611660234,1611660247,62,28,14
mProject,ID0000016,13048.000.000,192.168.1.165,1611656849,1611657781,1611659529,1611659532,1611659532,1611659532,1611659537,932,1751,5
mDiffFit,ID0000075,13378.000.000,192.168.1.165,1611660355,1611660398,1611660442,1611660455,1611660455,1611660456,1611660473,43,57,18
mDiffFit,ID0000106,13373.000.000,192.168.1.165,1611660330,1611660365,1611660383,1611660394,1611660394,1611660396,1611660409,35,29,15
mBackground,ID0000304,13337.000.000,192.168.1.166,1611660113,1611660130,1611660236,1611660247,1611660247,1611660249,1611660261,17,117,14
mProject,ID0000318,13022.000.000,192.168.1.165,1611656564,1611656566,1611658114,1611658117,1611658117,1611658117,1611658122,2,1551,5
mDiffFit,ID0000018,13445.000.000,192.168.1.165,1611660730,1611660746,1611660749,1611660758,1611660758,1611660759,1611660771,16,12,13
mDiffFit,ID0000360,13255.000.000,192.168.1.162,1611659658,1611659684,1611659701,1611659708,1611659708,1611659712,1611659720,26,24,12
mDiffFit,ID0000255,13094.000.000,192.168.1.163,1611657971,1611658050,1611658051,1611658053,1611658053,1611658054,1611658059,79,3,6
mDiffFit,ID0000091,13230.000.000,192.168.1.165,1611659542,1611659559,1611659565,1611659571,1611659571,1611659573,1611659580,17,12,9
mDiffFit,ID0000045,13233.000.000,192.168.1.166,1611659543,1611659564,1611659571,1611659580,1611659580,1611659582,1611659594,21,16,14
mDiffFit,ID0000219,13291.000.000,192.168.1.161,1611659871,1611659889,1611659899,1611659901,1611659901,1611659901,1611659914,18,12,13
mBackground,ID0000140,13525.000.000,192.168.1.163,1611661143,1611661171,1611661245,1611661251,1611661251,1611661251,1611661261,28,80,10
mDiffFit,ID0000425,13110.000.000,192.168.1.161,1611658334,1611658371,1611658374,1611658379,1611658379,1611658380,1611658385,37,8,6
mBackground,ID0000453,13479.000.000,192.168.1.161,1611660886,1611660897,1611660949,1611660963,1611660963,1611660964,1611660978,11,66,15
mBackground,ID0000149,13517.000.000,192.168.1.161,1611661101,1611661151,1611661235,1611661244,1611661244,1611661246,1611661251,50,93,7
stage_in_local_local,2_0,13015.000.000,192.168.1.4,1611656432,1611656437,1611656863,1611656866,1611656866,1611656866,1611656872,5,429,6
stage_in_local_local,3_0,13018.000.000,192.168.1.4,1611656438,1611656441,1611656743,1611656747,1611656747,1611656748,1611656753,3,306,6
mProject,ID0000007,13061.000.000,192.168.1.161,1611656877,1611658397,1611660156,1611660159,1611660159,1611660163,1611660172,1520,1762,13
mBackground,ID0000150,13527.000.000,192.168.1.163,1611661158,1611661190,1611661248,1611661251,1611661251,1611661252,1611661261,32,61,10
mDiffFit,ID0000381,13214.000.000,192.168.1.165,1611659438,1611659452,1611659457,1611659466,1611659466,1611659467,1611659482,14,14,16
mDiffFit,ID0000291,13190.000.000,192.168.1.165,1611659275,1611659318,1611659329,1611659334,1611659334,1611659334,1611659339,43,16,5
mDiffFit,ID0000253,13165.000.000,192.168.1.161,1611658838,1611658890,1611658898,1611658901,1611658901,1611658902,1611658907,52,11,6
register_local,16_1,13464.000.000,192.168.1.4,1611660819,1611660821,1611660829,1611660836,1611660836,1611660836,1611660848,2,15,12
mDiffFit,ID0000103,13151.000.000,192.168.1.163,1611658624,1611658657,1611658665,1611658670,1611658670,1611658670,1611658675,33,13,5
mDiffFit,ID0000384,13401.000.000,192.168.1.166,1611660512,1611660530,1611660531,1611660541,1611660541,1611660543,1611660553,18,11,12
mDiffFit,ID0000038,13298.000.000,192.168.1.165,1611659901,1611659933,1611659942,1611659953,1611659953,1611659954,1611659966,32,20,13
mProject,ID0000327,13050.000.000,192.168.1.163,1611656865,1611657873,1611659394,1611659407,1611659407,1611659410,1611659417,1008,1534,10
mDiffFit,ID0000035,13207.000.000,192.168.1.161,1611659389,1611659408,1611659428,1611659430,1611659430,1611659432,1611659442,19,22,12
mDiffFit,ID0000376,13308.000.000,192.168.1.162,1611659963,1611659977,1611659989,1611659993,1611659993,1611659995,1611660005,14,16,12
mDiffFit,ID0000046,13462.000.000,192.168.1.165,1611660809,1611660835,1611660852,1611660860,1611660860,1611660862,1611660875,26,25,15
mProject,ID0000001,13026.000.000,192.168.1.161,1611656571,1611656586,1611658298,1611658299,1611658299,1611658302,1611658305,15,1713,6
register_local,25_1,13424.000.000,192.168.1.4,1611660629,1611660633,1611660641,1611660652,1611660652,1611660655,1611660666,4,19,14
mProject,ID0000002,13045.000.000,192.168.1.165,1611656848,1611657667,1611659368,1611659373,1611659373,1611659375,1611659379,819,1706,6
mDiffFit,ID0000390,13318.000.000,192.168.1.165,1611660014,1611660031,1611660036,1611660043,1611660043,1611660045,1611660056,17,12,13
mDiffFit,ID0000396,13444.000.000,192.168.1.163,1611660726,1611660746,1611660760,1611660771,1611660771,1611660773,1611660787,20,25,16
mDiffFit,ID0000364,13306.000.000,192.168.1.165,1611659950,1611659965,1611659977,1611659979,1611659979,1611659979,1611659993,15,14,14
mDiffFit,ID0000099,13416.000.000,192.168.1.161,1611660592,1611660618,1611660621,1611660622,1611660622,1611660623,1611660637,26,4,15
mDiffFit,ID0000331,13361.000.000,192.168.1.163,1611660257,1611660284,1611660307,1611660319,1611660319,1611660319,1611660331,27,35,12
mDiffFit,ID0000292,13087.000.000,192.168.1.163,1611657894,1611657989,1611657992,1611657995,1611657995,1611657995,1611658000,95,6,5
mDiffFit,ID0000410,13114.000.000,192.168.1.161,1611658344,1611658389,1611658396,1611658400,1611658400,1611658400,1611658405,45,11,5
mBackground,ID0000147,13519.000.000,192.168.1.166,1611661105,1611661155,1611661223,1611661225,1611661225,1611661227,1611661232,50,70,7
mDiffFit,ID0000227,13080.000.000,192.168.1.163,1611657887,1611657945,1611657948,1611657948,1611657948,1611657949,1611657960,58,3,12
mDiffFit,ID0000289,13243.000.000,192.168.1.165,1611659604,1611659621,1611659623,1611659632,1611659632,1611659633,1611659646,17,11,14
stage_in_local_local,0_0,13005.000.000,192.168.1.4,1611656415,1611656419,1611656551,1611656554,1611656554,1611656554,1611656559,4,135,5
mDiffFit,ID0000368,13260.000.000,192.168.1.161,1611659689,1611659720,1611659733,1611659745,1611659745,1611659746,1611659760,31,25,15
mBackground,ID0000465,13489.000.000,192.168.1.166,1611660923,1611660946,1611661022,1611661025,1611661025,1611661026,1611661030,23,79,5
mProject,ID0000171,13034.000.000,192.168.1.163,1611656760,1611656781,1611657874,1611657876,1611657876,1611657876,1611657881,21,1095,5
mDiffFit,ID0000128,13465.000.000,192.168.1.166,1611660822,1611660841,1611660843,1611660848,1611660848,1611660849,1611660860,19,7,12
mDiffFit,ID0000066,13499.000.000,192.168.1.165,1611661003,1611661025,1611661030,1611661031,1611661031,1611661031,1611661037,22,6,6
mDiffFit,ID0000030,13105.000.000,192.168.1.161,1611658323,1611658336,1611658337,1611658345,1611658345,1611658346,1611658351,13,9,6
mDiffFit,ID0000026,13149.000.000,192.168.1.163,1611658612,1611658636,1611658640,1611658644,1611658644,1611658644,1611658649,24,8,5
stage_out_local_local,0_7,13563.000.000,192.168.1.4,1611661483,1611661489,1611661494,1611661495,1611661495,1611661495,1611661500,6,6,5
mDiffFit,ID0000123,13152.000.000,192.168.1.162,1611658628,1611658654,1611658658,1611658659,1611658659,1611658660,1611658665,26,5,6
mDiffFit,ID0000121,13234.000.000,192.168.1.165,1611659544,1611659594,1611659596,1611659608,1611659608,1611659609,1611659621,50,14,13
mDiffFit,ID0000383,13117.000.000,192.168.1.162,1611658410,1611658437,1611658443,1611658450,1611658450,1611658450,1611658458,27,13,8
mDiffFit,ID0000077,13472.000.000,192.168.1.165,1611660844,1611660891,1611660896,1611660901,1611660901,1611660903,1611660912,47,10,11
mDiffFit,ID0000351,13316.000.000,192.168.1.161,1611660001,1611660017,1611660022,1611660031,1611660031,1611660033,1611660043,16,14,12
mProject,ID0000006,13040.000.000,192.168.1.164,1611656842,1611656861,1611658536,1611658536,1611658536,1611658536,1611658541,19,1675,5
mDiffFit,ID0000398,13435.000.000,192.168.1.165,1611660678,1611660699,1611660711,1611660720,1611660720,1611660723,1611660733,21,21,13
mDiffFit,ID0000340,13358.000.000,192.168.1.166,1611660242,1611660284,1611660290,1611660293,1611660293,1611660297,1611660307,42,9,14
clean_up_local_level,1_3,13397.000.000,192.168.1.4,1611660480,1611660482,1611660496,1611660506,1611660506,1611660507,1611660518,2,24,12
register_local,4_1,13560.000.000,192.168.1.4,1611661467,1611661467,1611661469,1611661472,1611661472,1611661472,1611661478,0,5,6
clean_up_local_level,5_3,13277.000.000,192.168.1.4,1611659801,1611659801,1611659813,1611659816,1611659816,1611659817,1611659830,0,15,14
mDiffFit,ID0000211,13270.000.000,192.168.1.165,1611659743,1611659761,1611659765,1611659773,1611659773,1611659775,1611659782,18,12,9
mAdd,ID0000313,13379.000.000,192.168.1.161,1611660363,1611660527,1611660582,1611660584,1611660584,1611660587,1611660598,164,57,14
mDiffFit,ID0000027,13468.000.000,192.168.1.161,1611660836,1611660863,1611660867,1611660875,1611660875,1611660878,1611660890,27,12,15
mDiffFit,ID0000338,13350.000.000,192.168.1.165,1611660194,1611660259,1611660275,1611660278,1611660278,1611660282,1611660293,65,19,15
register_local,0_7,13566.000.000,192.168.1.4,1611661507,1611661513,1611661515,1611661517,1611661517,1611661517,1611661522,6,4,5
mBackground,ID0000297,13326.000.000,192.168.1.163,1611660054,1611660069,1611660111,1611660115,1611660115,1611660118,1611660129,15,46,14
mDiffFit,ID0000190,13160.000.000,192.168.1.161,1611658808,1611658858,1611658861,1611658867,1611658867,1611658868,1611658873,50,9,6
mDiffFit,ID0000087,13473.000.000,192.168.1.165,1611660845,1611660891,1611660896,1611660901,1611660901,1611660902,1611660912,46,10,11
mDiffFit,ID0000427,13097.000.000,192.168.1.165,1611658112,1611658126,1611658133,1611658133,1611658133,1611658133,1611658138,14,7,5
register_local,1_0,13145.000.000,192.168.1.4,1611658586,1611658589,1611658597,1611658604,1611658604,1611658606,1611658618,3,15,14
mDiffFit,ID0000117,13467.000.000,192.168.1.161,1611660834,1611660865,1611660875,1611660890,1611660890,1611660891,1611660901,31,25,11
mDiffFit,ID0000096,13475.000.000,192.168.1.161,1611660858,1611660881,1611660898,1611660901,1611660901,1611660903,1611660912,23,20,11
mDiffFit,ID0000050,13460.000.000,192.168.1.165,1611660808,1611660826,1611660847,1611660848,1611660848,1611660849,1611660860,18,22,12
mDiffFit,ID0000350,13109.000.000,192.168.1.166,1611658332,1611658358,1611658364,1611658367,1611658367,1611658369,1611658374,26,9,7
mDiffFit,ID0000180,13278.000.000,192.168.1.165,1611659801,1611659821,1611659829,1611659830,1611659830,1611659832,1611659844,20,9,14
mDiffFit,ID0000086,13150.000.000,192.168.1.164,1611658615,1611658643,1611658656,1611658659,1611658659,1611658660,1611658665,28,16,6
mProject,ID0000167,13055.000.000,192.168.1.165,1611656871,1611658147,1611659199,1611659200,1611659200,1611659201,1611659206,1276,1053,6
mDiffFit,ID0000332,13355.000.000,192.168.1.165,1611660228,1611660270,1611660280,1611660293,1611660293,1611660294,1611660307,42,23,14
mDiffFit,ID0000215,13266.000.000,192.168.1.165,1611659718,1611659745,1611659749,1611659760,1611659760,1611659763,1611659773,27,15,13
register_local,3_0,13386.000.000,192.168.1.4,1611660402,1611660408,1611660418,1611660426,1611660426,1611660429,1611660440,6,18,14
stage_in_remote_local,0_5,13008.000.000,192.168.1.4,1611656420,1611656423,1611656427,1611656432,1611656432,1611656433,1611656439,3,9,7
mDiffFit,ID0000210,13272.000.000,192.168.1.161,1611659756,1611659771,1611659776,1611659782,1611659782,1611659784,1611659789,15,11,7
mDiffFit,ID0000248,13072.000.000,192.168.1.165,1611657734,1611657755,1611657756,1611657757,1611657757,1611657757,1611657762,21,2,5
mDiffFit,ID0000071,13382.000.000,192.168.1.165,1611660376,1611660426,1611660468,1611660473,1611660473,1611660478,1611660485,50,47,12
mDiffFit,ID0000278,13171.000.000,192.168.1.162,1611659211,1611659221,1611659223,1611659238,1611659238,1611659238,1611659252,10,17,14
mDiffFit,ID0000437,13340.000.000,192.168.1.166,1611660128,1611660201,1611660208,1611660220,1611660220,1611660222,1611660233,73,19,13
mDiffFit,ID0000226,13191.000.000,192.168.1.161,1611659277,1611659321,1611659324,1611659328,1611659328,1611659329,1611659334,44,7,6
mDiffFit,ID0000198,13167.000.000,192.168.1.161,1611658845,1611658904,1611658908,1611658914,1611658914,1611658915,1611658920,59,10,6
mDiffFit,ID0000254,13245.000.000,192.168.1.164,1611659615,1611659631,1611659634,1611659646,1611659646,1611659647,1611659659,16,15,13
mBackground,ID0000462,13481.000.000,192.168.1.165,1611660897,1611660912,1611660976,1611660978,1611660978,1611660980,1611660996,15,66,18
mDiffFit,ID0000221,13180.000.000,192.168.1.162,1611659233,1611659266,1611659270,1611659279,1611659279,1611659281,1611659288,33,13,9
mDiffFit,ID0000371,13257.000.000,192.168.1.165,1611659670,1611659696,1611659700,1611659708,1611659708,1611659710,1611659720,26,12,12
mDiffFit,ID0000023,13142.000.000,192.168.1.164,1611658576,1611658608,1611658617,1611658618,1611658618,1611658619,1611658630,32,10,12
mProject,ID0000329,13041.000.000,192.168.1.162,1611656842,1611656861,1611658396,1611658400,1611658400,1611658400,1611658405,19,1539,5
mDiffFit,ID0000040,13209.000.000,192.168.1.165,1611659399,1611659424,1611659429,1611659430,1611659430,1611659433,1611659442,25,6,12
register_local,0_6,13558.000.000,192.168.1.4,1611661446,1611661446,1611661448,1611661451,1611661451,1611661451,1611661456,0,5,5
mDiffFit,ID0000256,13187.000.000,192.168.1.161,1611659265,1611659302,1611659304,1611659313,1611659313,1611659315,1611659323,37,11,10
mDiffFit,ID0000020,13380.000.000,192.168.1.166,1611660366,1611660404,1611660454,1611660455,1611660455,1611660459,1611660473,38,51,18
mDiffFit,ID0000419,13305.000.000,192.168.1.165,1611659947,1611659962,1611659966,1611659979,1611659979,1611659979,1611659993,15,17,14
mDiffFit,ID0000353,13228.000.000,192.168.1.166,1611659505,1611659525,1611659530,1611659532,1611659532,1611659532,1611659537,20,7,5
mDiffFit,ID0000388,13121.000.000,192.168.1.162,1611658435,1611658465,1611658482,1611658488,1611658488,1611658489,1611658494,30,23,6
mDiffFit,ID0000258,13292.000.000,192.168.1.165,1611659880,1611659895,1611659899,1611659901,1611659901,1611659901,1611659914,15,6,13
mDiffFit,ID0000209,13263.000.000,192.168.1.165,1611659705,1611659733,1611659745,1611659760,1611659760,1611659761,1611659773,28,27,13
mDiffFit,ID0000382,13098.000.000,192.168.1.165,1611658128,1611658139,1611658140,1611658143,1611658143,1611658143,1611658148,11,4,5
register_local,12_1,13430.000.000,192.168.1.4,1611660660,1611660665,1611660671,1611660680,1611660680,1611660683,1611660693,5,15,13
mBackground,ID0000296,13327.000.000,192.168.1.161,1611660055,1611660066,1611660105,1611660115,1611660115,1611660117,1611660129,11,49,14
mDiffFit,ID0000054,13495.000.000,192.168.1.165,1611660960,1611660988,1611660998,1611661005,1611661005,1611661008,1611661017,28,17,12
mDiffFit,ID0000397,13437.000.000,192.168.1.161,1611660692,1611660706,1611660710,1611660720,1611660720,1611660722,1611660733,14,14,13
mDiffFit,ID0000264,13283.000.000,192.168.1.162,1611659814,1611659847,1611659853,1611659858,1611659858,1611659860,1611659872,33,11,14
mDiffFit,ID0000061,13426.000.000,192.168.1.166,1611660634,1611660654,1611660666,1611660666,1611660666,1611660672,1611660680,20,12,14
mBackground,ID0000298,13325.000.000,192.168.1.165,1611660054,1611660066,1611660104,1611660115,1611660115,1611660116,1611660129,12,49,14
stage_in_local_local,4_0,13020.000.000,192.168.1.4,1611656439,1611656440,1611656853,1611656855,1611656855,1611656855,1611656860,1,415,5
mDiffFit,ID0000069,13132.000.000,192.168.1.164,1611658518,1611658534,1611658537,1611658541,1611658541,1611658542,1611658553,16,7,12
mDiffFit,ID0000116,13147.000.000,192.168.1.162,1611658601,1611658629,1611658644,1611658644,1611658644,1611658644,1611658649,28,15,5
mBackground,ID0000151,13526.000.000,192.168.1.165,1611661149,1611661168,1611661207,1611661209,1611661209,1611661211,1611661217,19,41,8
mDiffFit,ID0000113,13365.000.000,192.168.1.166,1611660291,1611660311,1611660332,1611660343,1611660343,1611660344,1611660356,20,32,13
mDiffFit,ID0000233,13197.000.000,192.168.1.165,1611659288,1611659364,1611659368,1611659373,1611659373,1611659376,1611659379,76,9,6
mDiffFit,ID0000229,13199.000.000,192.168.1.161,1611659299,1611659363,1611659368,1611659373,1611659373,1611659376,1611659379,64,10,6
mDiffFit,ID0000037,13210.000.000,192.168.1.166,1611659405,1611659424,1611659429,1611659430,1611659430,1611659434,1611659442,19,6,12
mDiffFit,ID0000344,13354.000.000,192.168.1.163,1611660219,1611660259,1611660264,1611660278,1611660278,1611660279,1611660293,40,19,15
mViewer,ID0000471,13542.000.000,192.168.1.161,1611661292,1611661297,1611661320,1611661322,1611661322,1611661322,1611661327,5,25,5
stage_in_remote_local,2_4,13016.000.000,192.168.1.4,1611656432,1611656437,1611656440,1611656444,1611656444,1611656444,1611656449,5,7,5
mProject,ID0000320,13067.000.000,192.168.1.164,1611656884,1611658660,1611660231,1611660233,1611660233,1611660235,1611660247,1776,1573,14
mBackground,ID0000142,13515.000.000,192.168.1.165,1611661099,1611661146,1611661196,1611661197,1611661197,1611661198,1611661203,47,51,6
mDiffFit,ID0000392,13217.000.000,192.168.1.161,1611659454,1611659466,1611659469,1611659482,1611659482,1611659484,1611659493,12,16,11
mProject,ID0000010,13025.000.000,192.168.1.161,1611656565,1611656586,1611658296,1611658299,1611658299,1611658300,1611658305,21,1713,6
clean_up_local_level,7_3,13393.000.000,192.168.1.4,1611660449,1611660453,1611660468,1611660473,1611660473,1611660477,1611660485,4,20,12
mDiffFit,ID0000189,13271.000.000,192.168.1.162,1611659753,1611659771,1611659789,1611659794,1611659794,1611659795,1611659803,18,23,9
mDiffFit,ID0000439,13319.000.000,192.168.1.165,1611660019,1611660032,1611660053,1611660056,1611660056,1611660057,1611660071,13,24,15
mProject,ID0000162,13054.000.000,192.168.1.166,1611656866,1611658121,1611659226,1611659238,1611659238,1611659238,1611659252,1255,1117,14
mDiffFit,ID0000293,13183.000.000,192.168.1.166,1611659247,1611659284,1611659297,1611659301,1611659301,1611659302,1611659313,37,17,12
mDiffFit,ID0000343,13356.000.000,192.168.1.161,1611660232,1611660265,1611660275,1611660278,1611660278,1611660281,1611660293,33,13,15
mDiffFit,ID0000279,13162.000.000,192.168.1.161,1611658835,1611658869,1611658882,1611658885,1611658885,1611658885,1611658890,34,16,5
mDiffFit,ID0000375,13108.000.000,192.168.1.161,1611658331,1611658358,1611658364,1611658367,1611658367,1611658369,1611658374,27,9,7
mBackground,ID0000302,13329.000.000,192.168.1.161,1611660062,1611660092,1611660149,1611660159,1611660159,1611660161,1611660172,30,67,13
mProject,ID0000005,13058.000.000,192.168.1.166,1611656872,1611658318,1611660053,1611660056,1611660056,1611660057,1611660071,1446,1738,15
mDiffFit,ID0000363,13262.000.000,192.168.1.165,1611659702,1611659733,1611659758,1611659760,1611659760,1611659765,1611659773,31,27,13
mDiffFit,ID0000435,13394.000.000,192.168.1.166,1611660461,1611660484,1611660488,1611660506,1611660506,1611660506,1611660518,23,22,12
mDiffFit,ID0000049,13447.000.000,192.168.1.166,1611660743,1611660757,1611660771,1611660787,1611660787,1611660788,1611660800,14,30,13
mDiffFit,ID0000205,13265.000.000,192.168.1.161,1611659715,1611659737,1611659760,1611659773,1611659773,1611659774,1611659782,22,36,9
mProject,ID0000170,13062.000.000,192.168.1.164,1611656878,1611658513,1611659568,1611659571,1611659571,1611659573,1611659580,1635,1058,9
mDiffFit,ID0000191,13201.000.000,192.168.1.161,1611659312,1611659388,1611659402,1611659407,1611659407,1611659410,1611659417,76,19,10
mProject,ID0000011,13044.000.000,192.168.1.162,1611656843,1611656861,1611658569,1611658579,1611658579,1611658580,1611658592,18,1718,13
clean_up_local_level,2_7,13501.000.000,192.168.1.4,1611661036,1611661037,1611661048,1611661050,1611661050,1611661051,1611661056,1,13,6
stage_out_local_local,0_6,13552.000.000,192.168.1.4,1611661395,1611661402,1611661428,1611661431,1611661431,1611661431,1611661436,7,29,5
mProject,ID0000172,13053.000.000,192.168.1.162,1611656866,1611658101,1611659202,1611659206,1611659206,1611659206,1611659212,1235,1105,6
mDiffFit,ID0000059,13389.000.000,192.168.1.161,1611660425,1611660466,1611660477,1611660485,1611660485,1611660487,1611660506,41,19,21
mDiffFit,ID0000119,13366.000.000,192.168.1.166,1611660300,1611660326,1611660348,1611660356,1611660356,1611660358,1611660370,26,30,14
mDiffFit,ID0000399,13434.000.000,192.168.1.165,1611660676,1611660699,1611660719,1611660720,1611660720,1611660723,1611660733,23,21,13
register_local,26_1,13497.000.000,192.168.1.4,1611660985,1611660988,1611660997,1611661005,1611661005,1611661007,1611661017,3,17,12
mProject,ID0000316,13032.000.000,192.168.1.166,1611656759,1611656760,1611658260,1611658263,1611658263,1611658263,1611658268,1,1503,5
mDiffFit,ID0000056,13453.000.000,192.168.1.166,1611660770,1611660788,1611660793,1611660800,1611660800,1611660802,1611660812,18,12,12
clean_up_local_level,0_7,13539.000.000,192.168.1.4,1611661276,1611661279,1611661296,1611661300,1611661300,1611661300,1611661305,3,21,5
mDiffFit,ID0000136,13232.000.000,192.168.1.161,1611659543,1611659564,1611659575,1611659580,1611659580,1611659583,1611659594,21,16,14
mBackground,ID0000458,13492.000.000,192.168.1.166,1611660944,1611660991,1611661027,1611661030,1611661030,1611661031,1611661037,47,39,7
register_local,2_0,13239.000.000,192.168.1.4,1611659579,1611659583,1611659592,1611659594,1611659594,1611659595,1611659608,4,11,14
clean_up_local_level,3_3,13299.000.000,192.168.1.4,1611659908,1611659914,1611659927,1611659940,1611659940,1611659941,1611659953,6,26,13
mDiffFit,ID0000417,13320.000.000,192.168.1.161,1611660027,1611660042,1611660053,1611660056,1611660056,1611660058,1611660071,15,14,15
register_local,13_1,13442.000.000,192.168.1.4,1611660715,1611660720,1611660729,1611660733,1611660733,1611660734,1611660746,5,13,13
mBackground,ID0000456,13486.000.000,192.168.1.161,1611660907,1611660926,1611660993,1611660996,1611660996,1611660997,1611661005,19,70,9
mDiffFit,ID0000436,13345.000.000,192.168.1.165,1611660157,1611660205,1611660276,1611660278,1611660278,1611660282,1611660293,48,73,15
mDiffFit,ID0000105,13144.000.000,192.168.1.163,1611658577,1611658618,1611658621,1611658630,1611658630,1611658631,1611658638,41,12,8
mDiffFit,ID0000042,13211.000.000,192.168.1.162,1611659415,1611659440,1611659446,1611659455,1611659455,1611659455,1611659466,25,15,11
mDiffFit,ID0000389,13225.000.000,192.168.1.162,1611659492,1611659505,1611659517,1611659520,1611659520,1611659521,1611659526,13,15,6
register_local,35_1,13564.000.000,192.168.1.4,1611661489,1611661494,1611661497,1611661500,1611661500,1611661501,1611661507,5,6,7
mDiffFit,ID0000286,13188.000.000,192.168.1.162,1611659273,1611659301,1611659311,1611659313,1611659313,1611659316,1611659323,28,12,10
mDiffFit,ID0000402,13431.000.000,192.168.1.161,1611660662,1611660675,1611660680,1611660693,1611660693,1611660695,1611660706,13,18,13
mDiffFit,ID0000269,13252.000.000,192.168.1.165,1611659645,1611659668,1611659698,1611659708,1611659708,1611659709,1611659720,23,40,12
register_local,19_1,13531.000.000,192.168.1.4,1611661224,1611661228,1611661236,1611661244,1611661244,1611661247,1611661251,4,16,7
mBackground,ID0000455,13487.000.000,192.168.1.161,1611660910,1611660941,1611661021,1611661025,1611661025,1611661025,1611661030,31,84,5
mDiffFit,ID0000272,13078.000.000,192.168.1.163,1611657876,1611657923,1611657924,1611657927,1611657927,1611657927,1611657932,47,4,5
mProject,ID0000321,13038.000.000,192.168.1.164,1611656766,1611656780,1611658303,1611658305,1611658305,1611658307,1611658313,14,1525,8
register_local,2_1,13557.000.000,192.168.1.4,1611661436,1611661436,1611661438,1611661441,1611661441,1611661441,1611661446,0,5,5
mDiffFit,ID0000379,13342.000.000,192.168.1.163,1611660138,1611660192,1611660202,1611660205,1611660205,1611660209,1611660220,54,13,15
mDiffFit,ID0000407,13106.000.000,192.168.1.161,1611658324,1611658346,1611658348,1611658351,1611658351,1611658351,1611658356,22,5,5
mDiffFit,ID0000178,13074.000.000,192.168.1.165,1611657737,1611657774,1611657780,1611657783,1611657783,1611657783,1611657788,37,9,5
mProject,ID0000159,13047.000.000,192.168.1.161,1611656849,1611657682,1611658790,1611658791,1611658791,1611658791,1611658796,833,1109,5
mBackground,ID0000300,13333.000.000,192.168.1.165,1611660085,1611660100,1611660159,1611660172,1611660172,1611660173,1611660185,15,72,13
mDiffFit,ID0000270,13089.000.000,192.168.1.162,1611657901,1611657999,1611658005,1611658010,1611658010,1611658010,1611658015,98,11,5
mConcatFit,ID0000451,13458.000.000,192.168.1.166,1611660797,1611660804,1611660808,1611660812,1611660812,1611660815,1611660824,7,8,12
mDiffFit,ID0000262,13285.000.000,192.168.1.161,1611659826,1611659850,1611659861,1611659872,1611659872,1611659875,1611659890,24,22,18
mProject,ID0000322,13057.000.000,192.168.1.166,1611656871,1611658318,1611659869,1611659872,1611659872,1611659877,1611659890,1447,1554,18
register_local,10_1,13409.000.000,192.168.1.4,1611660548,1611660553,1611660558,1611660566,1611660566,1611660568,1611660584,5,13,18
clean_up_local_level,5_7,13536.000.000,192.168.1.4,1611661261,1611661264,1611661276,1611661280,1611661280,1611661280,1611661286,3,16,6
register_local,20_1,13446.000.000,192.168.1.4,1611660741,1611660745,1611660753,1611660758,1611660758,1611660760,1611660771,4,13,13
mDiffFit,ID0000416,13314.000.000,192.168.1.165,1611659988,1611660010,1611660016,1611660019,1611660019,1611660022,1611660031,22,9,12
mDiffFit,ID0000444,13406.000.000,192.168.1.161,1611660537,1611660560,1611660576,1611660584,1611660584,1611660585,1611660598,23,24,14
mProject,ID0000012,13066.000.000,192.168.1.162,1611656884,1611658658,1611660443,1611660455,1611660455,1611660456,1611660473,1774,1797,18
mDiffFit,ID0000029,13367.000.000,192.168.1.166,1611660302,1611660326,1611660332,1611660343,1611660343,1611660344,1611660356,24,17,13
mDiffFit,ID0000337,13351.000.000,192.168.1.165,1611660197,1611660259,1611660277,1611660278,1611660278,1611660283,1611660293,62,19,15
mDiffFit,ID0000251,13175.000.000,192.168.1.161,1611659212,1611659254,1611659270,1611659279,1611659279,1611659282,1611659288,42,25,9
register_local,1_4,13547.000.000,192.168.1.4,1611661341,1611661344,1611661350,1611661353,1611661353,1611661354,1611661361,3,9,8
mDiffFit,ID0000341,13359.000.000,192.168.1.161,1611660246,1611660278,1611660286,1611660293,1611660293,1611660295,1611660307,32,15,14
mDiffFit,ID0000430,13344.000.000,192.168.1.161,1611660153,1611660210,1611660249,1611660261,1611660261,1611660262,1611660278,57,51,17
mDiffFit,ID0000028,13129.000.000,192.168.1.162,1611658456,1611658509,1611658512,1611658519,1611658519,1611658519,1611658524,53,10,5
mDiffFit,ID0000385,13438.000.000,192.168.1.166,1611660701,1611660714,1611660734,1611660746,1611660746,1611660747,1611660758,13,32,12
register_local,1_1,13571.000.000,192.168.1.4,1611661555,1611661555,1611661557,1611661560,1611661560,1611661560,1611661566,0,5,6
mDiffFit,ID0000208,13276.000.000,192.168.1.161,1611659781,1611659795,1611659796,1611659803,1611659803,1611659805,1611659816,14,8,13
mBackground,ID0000305,13336.000.000,192.168.1.163,1611660107,1611660130,1611660199,1611660205,1611660205,1611660207,1611660220,23,75,15
mDiffFit,ID0000100,13414.000.000,192.168.1.163,1611660580,1611660598,1611660603,1611660610,1611660610,1611660612,1611660622,18,12,12
mDiffFit,ID0000378,13224.000.000,192.168.1.165,1611659488,1611659502,1611659505,1611659506,1611659506,1611659507,1611659513,14,4,7
mDiffFit,ID0000357,13101.000.000,192.168.1.166,1611658273,1611658308,1611658311,1611658313,1611658313,1611658315,1611658325,35,5,12
register_local,2_4,13548.000.000,192.168.1.4,1611661360,1611661361,1611661364,1611661366,1611661366,1611661367,1611661373,1,5,7
mDiffFit,ID0000370,13254.000.000,192.168.1.163,1611659656,1611659683,1611659688,1611659696,1611659696,1611659697,1611659708,27,13,12
mProject,ID0000168,13027.000.000,192.168.1.161,1611656571,1611656586,1611657682,1611657687,1611657687,1611657687,1611657692,15,1101,5
clean_up_local_level,9_7,13537.000.000,192.168.1.4,1611661266,1611661272,1611661286,1611661293,1611661293,1611661293,1611661300,6,21,7
mViewer,ID0000157,13553.000.000,192.168.1.161,1611661395,1611661398,1611661424,1611661431,1611661431,1611661431,1611661436,3,33,5
mDiffFit,ID0000124,13370.000.000,192.168.1.166,1611660317,1611660357,1611660386,1611660394,1611660394,1611660396,1611660409,40,37,15
register_local,0_5,13545.000.000,192.168.1.4,1611661316,1611661321,1611661328,1611661334,1611661334,1611661335,1611661342,5,13,8
mDiffFit,ID0000265,13282.000.000,192.168.1.161,1611659810,1611659828,1611659832,1611659844,1611659844,1611659847,1611659858,18,16,14
mBackground,ID0000143,13514.000.000,192.168.1.165,1611661094,1611661115,1611661171,1611661174,1611661174,1611661176,1611661180,21,59,6
mDiffFit,ID0000055,13461.000.000,192.168.1.166,1611660809,1611660821,1611660826,1611660836,1611660836,1611660837,1611660848,12,15,12
mDiffFit,ID0000283,13070.000.000,192.168.1.165,1611657697,1611657737,1611657742,1611657747,1611657747,1611657747,1611657752,40,10,5
register_local,4_0,13572.000.000,192.168.1.4,1611661566,1611661566,1611661568,1611661571,1611661571,1611661571,1611661577,0,5,6
mDiffFit,ID0000062,13146.000.000,192.168.1.164,1611658590,1611658618,1611658633,1611658638,1611658638,1611658639,1611658644,28,20,6
mDiffFit,ID0000199,13246.000.000,192.168.1.162,1611659619,1611659631,1611659635,1611659646,1611659646,1611659647,1611659659,12,15,13
mDiffFit,ID0000445,13213.000.000,192.168.1.161,1611659426,1611659447,1611659458,1611659466,1611659466,1611659467,1611659482,21,19,16
register_local,33_1,13569.000.000,192.168.1.4,1611661534,1611661534,1611661536,1611661539,1611661539,1611661539,1611661544,0,5,5
mProject,ID0000324,13049.000.000,192.168.1.163,1611656849,1611657862,1611659440,1611659442,1611659442,1611659444,1611659455,1013,1580,13
mBackground,ID0000461,13482.000.000,192.168.1.161,1611660898,1611660924,1611660975,1611660978,1611660978,1611660979,1611660996,26,54,18
register_local,30_1,13528.000.000,192.168.1.4,1611661162,1611661169,1611661178,1611661180,1611661180,1611661181,1611661197,7,11,17
mBackground,ID0000152,13524.000.000,192.168.1.163,1611661134,1611661169,1611661244,1611661251,1611661251,1611661251,1611661261,35,82,10
mDiffFit,ID0000235,13242.000.000,192.168.1.163,1611659601,1611659617,1611659621,1611659632,1611659632,1611659633,1611659646,16,15,14
mDiffFit,ID0000051,13459.000.000,192.168.1.165,1611660807,1611660825,1611660830,1611660836,1611660836,1611660837,1611660848,18,11,12
mProject,ID0000158,13028.000.000,192.168.1.161,1611656571,1611656586,1611657675,1611657681,1611657681,1611657682,1611657687,15,1095,6
register_local,0_3,13522.000.000,192.168.1.4,1611661118,1611661122,1611661129,1611661135,1611661135,1611661137,1611661151,4,13,16
mDiffFit,ID0000192,13154.000.000,192.168.1.161,1611658801,1611658807,1611658819,1611658823,1611658823,1611658825,1611658829,6,16,6
mDiffFit,ID0000067,13133.000.000,192.168.1.164,1611658518,1611658543,1611658550,1611658553,1611658553,1611658553,1611658561,25,10,8
mDiffFit,ID0000114,13295.000.000,192.168.1.161,1611659899,1611659918,1611659923,1611659927,1611659927,1611659928,1611659940,19,9,13
mDiffFit,ID0000222,13081.000.000,192.168.1.162,1611657887,1611657949,1611657950,1611657960,1611657960,1611657961,1611657972,62,11,12
mConcatFit,ID0000137,13505.000.000,192.168.1.163,1611661044,1611661048,1611661055,1611661056,1611661056,1611661057,1611661062,4,8,6
mDiffFit,ID0000176,13082.000.000,192.168.1.163,1611657887,1611657961,1611657962,1611657972,1611657972,1611657972,1611657979,74,11,7
mDiffFit,ID0000449,13391.000.000,192.168.1.161,1611660435,1611660492,1611660505,1611660506,1611660506,1611660510,1611660518,57,14,12
clean_up_local_level,8_7,13362.000.000,192.168.1.4,1611660268,1611660271,1611660286,1611660293,1611660293,1611660296,1611660307,3,22,14
mDiffFit,ID0000420,13307.000.000,192.168.1.161,1611659960,1611659976,1611659978,1611659979,1611659979,1611659979,1611659993,16,3,14
mViewer,ID0000472,13554.000.000,192.168.1.165,1611661396,1611661422,1611661470,1611661472,1611661472,1611661472,1611661478,26,50,6
mDiffFit,ID0000356,13219.000.000,192.168.1.161,1611659464,1611659476,1611659478,1611659482,1611659482,1611659485,1611659493,12,6,11
mDiffFit,ID0000259,13281.000.000,192.168.1.162,1611659803,1611659820,1611659825,1611659830,1611659830,1611659831,1611659844,17,10,14
register_local,5_1,13556.000.000,192.168.1.4,1611661413,1611661417,1611661425,1611661431,1611661431,1611661431,1611661436,4,14,5
clean_up_local_level,4_7,13529.000.000,192.168.1.4,1611661188,1611661192,1611661208,1611661209,1611661209,1611661212,1611661217,4,17,8
mDiffFit,ID0000273,13173.000.000,192.168.1.162,1611659211,1611659237,1611659253,1611659266,1611659266,1611659268,1611659279,26,29,13
mProject,ID0000166,13036.000.000,192.168.1.163,1611656765,1611656781,1611657861,1611657863,1611657863,1611657863,1611657868,16,1082,5
mDiffFit,ID0000098,13417.000.000,192.168.1.161,1611660593,1611660619,1611660622,1611660637,1611660637,1611660637,1611660652,26,18,15
register_local,3_4,13549.000.000,192.168.1.4,1611661372,1611661373,1611661375,1611661378,1611661378,1611661378,1611661384,1,5,6
mDiffFit,ID0000133,13237.000.000,192.168.1.163,1611659563,1611659590,1611659596,1611659608,1611659608,1611659608,1611659621,27,18,13
mDiffFit,ID0000443,13118.000.000,192.168.1.162,1611658410,1611658443,1611658452,1611658458,1611658458,1611658460,1611658464,33,15,6
mDiffFit,ID0000339,13349.000.000,192.168.1.163,1611660183,1611660247,1611660253,1611660261,1611660261,1611660263,1611660278,64,14,17
mDiffFit,ID0000131,13374.000.000,192.168.1.163,1611660339,1611660382,1611660411,1611660426,1611660426,1611660427,1611660440,43,44,14
mDiffFit,ID0000406,13317.000.000,192.168.1.163,1611660004,1611660023,1611660042,1611660043,1611660043,1611660045,1611660056,19,20,13
mBgModel,ID0000295,13313.000.000,192.168.1.165,1611659985,1611659993,1611660010,1611660019,1611660019,1611660021,1611660031,8,26,12
mDiffFit,ID0000057,13452.000.000,192.168.1.165,1611660769,1611660783,1611660790,1611660800,1611660800,1611660802,1611660812,14,17,12
stage_in_remote_local,1_1,13011.000.000,192.168.1.4,1611656420,1611656422,1611656425,1611656426,1611656426,1611656427,1611656432,2,4,6
mDiffFit,ID0000271,13192.000.000,192.168.1.161,1611659278,1611659323,1611659324,1611659328,1611659328,1611659329,1611659334,45,5,6
mDiffFit,ID0000282,13185.000.000,192.168.1.161,1611659260,1611659285,1611659306,1611659313,1611659313,1611659316,1611659323,25,28,10
mDiffFit,ID0000186,13085.000.000,192.168.1.163,1611657893,1611657973,1611657975,1611657979,1611657979,1611657979,1611657984,80,6,5
clean_up_local_level,0_9,13551.000.000,192.168.1.4,1611661395,1611661395,1611661412,1611661418,1611661418,1611661419,1611661424,0,23,6
mBackground,ID0000308,13339.000.000,192.168.1.166,1611660125,1611660147,1611660236,1611660247,1611660247,1611660248,1611660261,22,100,14
register_local,8_1,13570.000.000,192.168.1.4,1611661544,1611661544,1611661546,1611661549,1611661549,1611661549,1611661555,0,5,6
mDiffFit,ID0000395,13404.000.000,192.168.1.163,1611660529,1611660544,1611660547,1611660553,1611660553,1611660553,1611660566,15,9,13
mDiffFit,ID0000218,13095.000.000,192.168.1.162,1611657971,1611658058,1611658065,1611658069,1611658069,1611658070,1611658075,87,11,6
mDiffFit,ID0000223,13169.000.000,192.168.1.161,1611658846,1611658915,1611658918,1611658920,1611658920,1611658921,1611658925,69,5,5
mDiffFit,ID0000078,13388.000.000,192.168.1.163,1611660419,1611660455,1611660459,1611660473,1611660473,1611660476,1611660485,36,18,12
register_local,21_1,13413.000.000,192.168.1.4,1611660573,1611660579,1611660588,1611660598,1611660598,1611660600,1611660610,6,19,12
stage_in_remote_local,0_1,13003.000.000,192.168.1.4,1611656414,1611656419,1611656422,1611656426,1611656426,1611656427,1611656432,5,7,6
mBackground,ID0000141,13523.000.000,192.168.1.166,1611661130,1611661161,1611661229,1611661232,1611661232,1611661234,1611661244,31,71,12
mDiffFit,ID0000206,13264.000.000,192.168.1.162,1611659706,1611659726,1611659747,1611659760,1611659760,1611659762,1611659773,20,34,13
mDiffFit,ID0000287,13164.000.000,192.168.1.161,1611658838,1611658884,1611658893,1611658896,1611658896,1611658896,1611658901,46,12,5
mDiffFit,ID0000362,13440.000.000,192.168.1.161,1611660703,1611660731,1611660740,1611660746,1611660746,1611660749,1611660758,28,15,12
mDiffFit,ID0000127,13498.000.000,192.168.1.161,1611660990,1611661021,1611661028,1611661031,1611661031,1611661031,1611661037,31,10,6
mProject,ID0000008,13033.000.000,192.168.1.163,1611656759,1611656781,1611658559,1611658561,1611658561,1611658562,1611658567,22,1780,6
mDiffFit,ID0000429,13390.000.000,192.168.1.165,1611660433,1611660466,1611660475,1611660485,1611660485,1611660486,1611660506,33,19,21
mBackground,ID0000144,13512.000.000,192.168.1.165,1611661092,1611661115,1611661170,1611661174,1611661174,1611661175,1611661180,23,59,6
mProject,ID0000169,13046.000.000,192.168.1.161,1611656848,1611657678,1611658818,1611658823,1611658823,1611658824,1611658829,830,1145,6
mDiffFit,ID0000237,13193.000.000,192.168.1.166,1611659286,1611659335,1611659339,1611659339,1611659339,1611659340,1611659345,49,4,6
mDiffFit,ID0000065,13153.000.000,192.168.1.164,1611658637,1611658657,1611658659,1611658659,1611658659,1611658660,1611658665,20,2,6
mDiffFit,ID0000252,13093.000.000,192.168.1.162,1611657969,1611658040,1611658050,1611658053,1611658053,1611658054,1611658059,71,13,6
mDiffFit,ID0000275,13247.000.000,192.168.1.163,1611659627,1611659647,1611659663,1611659671,1611659671,1611659672,1611659683,20,24,12
mDiffFit,ID0000193,13158.000.000,192.168.1.161,1611658802,1611658841,1611658849,1611658851,1611658851,1611658851,1611658856,39,10,5
clean_up_local_level,0_5,13506.000.000,192.168.1.4,1611661068,1611661069,1611661085,1611661086,1611661086,1611661086,1611661094,1,17,8
mDiffFit,ID0000346,13261.000.000,192.168.1.166,1611659694,1611659720,1611659745,1611659760,1611659760,1611659761,1611659773,26,40,13
mDiffFit,ID0000134,13368.000.000,192.168.1.163,1611660305,1611660329,1611660344,1611660356,1611660356,1611660357,1611660370,24,27,14
mBackground,ID0000464,13478.000.000,192.168.1.161,1611660883,1611660894,1611660926,1611660937,1611660937,1611660938,1611660949,11,43,12
mViewer,ID0000314,13419.000.000,192.168.1.163,1611660605,1611660619,1611660649,1611660652,1611660652,1611660656,1611660666,14,33,14
mDiffFit,ID0000021,13136.000.000,192.168.1.164,1611658551,1611658565,1611658573,1611658579,1611658579,1611658580,1611658592,14,14,13
mDiffFit,ID0000448,13116.000.000,192.168.1.162,1611658410,1611658426,1611658433,1611658442,1611658442,1611658442,1611658450,16,16,8
mBackground,ID0000139,13521.000.000,192.168.1.166,1611661116,1611661161,1611661230,1611661232,1611661232,1611661234,1611661244,45,71,12
mDiffFit,ID0000200,13159.000.000,192.168.1.161,1611658808,1611658856,1611658859,1611658862,1611658862,1611658862,1611658867,48,6,5
clean_up_local_level,4_3,13348.000.000,192.168.1.4,1611660178,1611660182,1611660197,1611660205,1611660205,1611660206,1611660220,4,23,15
mDiffFit,ID0000249,13280.000.000,192.168.1.165,1611659803,1611659824,1611659843,1611659844,1611659844,1611659849,1611659858,21,20,14
mDiffFit,ID0000194,13289.000.000,192.168.1.165,1611659856,1611659877,1611659886,1611659890,1611659890,1611659892,1611659901,21,13,11
mDiffFit,ID0000232,13194.000.000,192.168.1.162,1611659287,1611659337,1611659346,1611659350,1611659350,1611659351,1611659356,50,13,6
mProject,ID0000319,13042.000.000,192.168.1.162,1611656842,1611656861,1611658420,1611658422,1611658422,1611658423,1611658428,19,1561,6
mDiffFit,ID0000093,13411.000.000,192.168.1.165,1611660559,1611660584,1611660588,1611660598,1611660598,1611660599,1611660610,25,14,12
mProject,ID0000004,13039.000.000,192.168.1.164,1611656766,1611656781,1611658503,1611658506,1611658506,1611658508,1611658512,15,1725,6
register_local,0_2,13507.000.000,192.168.1.4,1611661069,1611661080,1611661083,1611661086,1611661086,1611661086,1611661094,11,6,8
mDiffFit,ID0000203,13275.000.000,192.168.1.165,1611659771,1611659792,1611659801,1611659803,1611659803,1611659805,1611659816,21,11,13
mDiffFit,ID0000267,13076.000.000,192.168.1.163,1611657875,1611657895,1611657896,1611657901,1611657901,1611657901,1611657906,20,6,5
mBackground,ID0000154,13513.000.000,192.168.1.165,1611661093,1611661112,1611661147,1611661151,1611661151,1611661152,1611661163,19,39,12
mDiffFit,ID0000085,13137.000.000,192.168.1.164,1611658552,1611658575,1611658593,1611658604,1611658604,1611658605,1611658618,23,29,14
stage_in_remote_local,1_4,13014.000.000,192.168.1.4,1611656431,1611656437,1611656440,1611656444,1611656444,1611656444,1611656449,6,7,5
mProject,ID0000325,13059.000.000,192.168.1.164,1611656877,1611658317,1611659884,1611659890,1611659890,1611659891,1611659901,1440,1573,11
mDiffFit,ID0000197,13156.000.000,192.168.1.161,1611658802,1611658830,1611658834,1611658840,1611658840,1611658840,1611658846,28,10,6
mDiffFit,ID0000112,13303.000.000,192.168.1.163,1611659934,1611659955,1611659971,1611659979,1611659979,1611659979,1611659993,21,24,14
register_local,28_1,13500.000.000,192.168.1.4,1611661014,1611661022,1611661030,1611661031,1611661031,1611661031,1611661037,8,9,6
mDiffFit,ID0000132,13130.000.000,192.168.1.162,1611658457,1611658511,1611658513,1611658519,1611658519,1611658519,1611658524,54,8,5
stage_in_remote_local,3_4,13019.000.000,192.168.1.4,1611656438,1611656441,1611656443,1611656444,1611656444,1611656445,1611656449,3,3,5
mDiffFit,ID0000104,13496.000.000,192.168.1.161,1611660971,1611661002,1611661028,1611661031,1611661031,1611661031,1611661037,31,29,6
mDiffFit,ID0000365,13256.000.000,192.168.1.165,1611659667,1611659696,1611659701,1611659708,1611659708,1611659711,1611659720,29,12,12
mProject,ID0000160,13063.000.000,192.168.1.162,1611656878,1611658514,1611659674,1611659683,1611659683,1611659685,1611659696,1636,1169,13
mBgModel,ID0000452,13466.000.000,192.168.1.165,1611660830,1611660836,1611660851,1611660860,1611660860,1611660862,1611660875,6,24,15
mBackground,ID0000460,13493.000.000,192.168.1.163,1611660947,1611660977,1611661026,1611661030,1611661030,1611661031,1611661037,30,53,7
mDiffFit,ID0000377,13099.000.000,192.168.1.165,1611658128,1611658145,1611658146,1611658148,1611658148,1611658149,1611658153,17,3,5
mDiffFit,ID0000394,13123.000.000,192.168.1.164,1611658438,1611658474,1611658478,1611658482,1611658482,1611658483,1611658488,36,8,6
mDiffFit,ID0000111,13470.000.000,192.168.1.166,1611660843,1611660862,1611660866,1611660875,1611660875,1611660877,1611660890,19,13,15
clean_up_local_level,7_7,13532.000.000,192.168.1.4,1611661240,1611661244,1611661258,1611661261,1611661261,1611661261,1611661267,4,17,6
mDiffFit,ID0000263,13290.000.000,192.168.1.163,1611659866,1611659889,1611659893,1611659901,1611659901,1611659901,1611659914,23,12,13
clean_up_local_level,6_7,13535.000.000,192.168.1.4,1611661258,1611661260,1611661272,1611661280,1611661280,1611661280,1611661286,2,20,6
mDiffFit,ID0000094,13422.000.000,192.168.1.165,1611660619,1611660637,1611660656,1611660666,1611660666,1611660671,1611660680,18,29,14
mDiffFit,ID0000031,13235.000.000,192.168.1.165,1611659551,1611659594,1611659597,1611659608,1611659608,1611659610,1611659621,43,14,13
mProject,ID0000164,13043.000.000,192.168.1.162,1611656842,1611656861,1611657942,1611657943,1611657943,1611657943,1611657948,19,1082,5
mDiffFit,ID0000135,13372.000.000,192.168.1.161,1611660328,1611660365,1611660375,1611660381,1611660381,1611660383,1611660394,37,16,13
mDiffFit,ID0000231,13204.000.000,192.168.1.165,1611659323,1611659388,1611659403,1611659407,1611659407,1611659410,1611659417,65,19,10
mBackground,ID0000145,13511.000.000,192.168.1.166,1611661092,1611661096,1611661123,1611661135,1611661135,1611661136,1611661151,4,39,16
mDiffFit,ID0000225,13088.000.000,192.168.1.162,1611657895,1611657992,1611657994,1611657995,1611657995,1611657995,1611658000,97,3,5
mDiffFit,ID0000034,13384.000.000,192.168.1.166,1611660389,1611660434,1611660458,1611660473,1611660473,1611660475,1611660485,45,39,12
mDiffFit,ID0000285,13168.000.000,192.168.1.161,1611658845,1611658910,1611658915,1611658920,1611658920,1611658920,1611658925,65,10,5
mDiffFit,ID0000185,13248.000.000,192.168.1.165,1611659630,1611659644,1611659648,1611659659,1611659659,1611659660,1611659671,14,15,12
mDiffFit,ID0000129,13463.000.000,192.168.1.165,1611660811,1611660842,1611660860,1611660875,1611660875,1611660877,1611660890,31,33,15
mDiffFit,ID0000450,13402.000.000,192.168.1.161,1611660517,1611660530,1611660544,1611660553,1611660553,1611660553,1611660566,13,23,13
mDiffFit,ID0000290,13241.000.000,192.168.1.162,1611659592,1611659608,1611659610,1611659621,1611659621,1611659621,1611659632,16,13,11
register_local,0_4,13540.000.000,192.168.1.4,1611661279,1611661280,1611661286,1611661293,1611661293,1611661293,1611661300,1,13,7
mDiffFit,ID0000441,13218.000.000,192.168.1.165,1611659461,1611659474,1611659477,1611659482,1611659482,1611659485,1611659493,13,8,11
mDiffFit,ID0000345,13396.000.000,192.168.1.165,1611660469,1611660495,1611660504,1611660506,1611660506,1611660509,1611660518,26,11,12
mAdd,ID0000470,13509.000.000,192.168.1.161,1611661080,1611661248,1611661278,1611661280,1611661280,1611661281,1611661286,168,32,6
mDiffFit,ID0000334,13352.000.000,192.168.1.166,1611660212,1611660256,1611660294,1611660307,1611660307,1611660308,1611660319,44,51,12
clean_up_local_level,2_3,13322.000.000,192.168.1.4,1611660038,1611660039,1611660053,1611660056,1611660056,1611660056,1611660071,1,17,15
mDiffFit,ID0000063,13304.000.000,192.168.1.165,1611659939,1611659955,1611659965,1611659966,1611659966,1611659968,1611659979,16,11,13
mAdd,ID0000156,13546.000.000,192.168.1.161,1611661316,1611661361,1611661383,1611661384,1611661384,1611661384,1611661389,45,23,5
mDiffFit,ID0000372,13405.000.000,192.168.1.166,1611660536,1611660550,1611660553,1611660566,1611660566,1611660567,1611660584,14,16,18
mDiffFit,ID0000412,13107.000.000,192.168.1.166,1611658324,1611658348,1611658349,1611658351,1611658351,1611658351,1611658356,24,3,5
mProject,ID0000315,13060.000.000,192.168.1.166,1611656877,1611658385,1611659938,1611659940,1611659940,1611659942,1611659953,1508,1555,13
clean_up_local_level,1_7,13541.000.000,192.168.1.4,1611661285,1611661290,1611661304,1611661305,1611661305,1611661305,1611661310,5,15,5
clean_up_local_level,6_3,13360.000.000,192.168.1.4,1611660254,1611660260,1611660274,1611660278,1611660278,1611660280,1611660293,6,18,15
mDiffFit,ID0000036,13412.000.000,192.168.1.166,1611660565,1611660588,1611660600,1611660610,1611660610,1611660611,1611660622,23,22,12
register_local,22_1,13450.000.000,192.168.1.4,1611660765,1611660769,1611660773,1611660787,1611660787,1611660789,1611660800,4,18,13
mDiffFit,ID0000240,13286.000.000,192.168.1.163,1611659837,1611659861,1611659865,1611659872,1611659872,1611659876,1611659890,24,11,18
mDiffFit,ID0000335,13432.000.000,192.168.1.163,1611660675,1611660694,1611660707,1611660720,1611660720,1611660721,1611660733,19,26,13
mDiffFit,ID0000380,13112.000.000,192.168.1.161,1611658342,1611658381,1611658384,1611658385,1611658385,1611658385,1611658390,39,4,5
register_local,23_1,13561.000.000,192.168.1.4,1611661478,1611661478,1611661480,1611661484,1611661484,1611661484,1611661489,0,6,5
mDiffFit,ID0000125,13148.000.000,192.168.1.164,1611658610,1611658630,1611658645,1611658649,1611658649,1611658649,1611658654,20,19,5
mProject,ID0000009,13052.000.000,192.168.1.165,1611656866,1611658101,1611659844,1611659858,1611659858,1611659859,1611659872,1235,1757,14
mDiffFit,ID0000044,13208.000.000,192.168.1.161,1611659390,1611659420,1611659428,1611659430,1611659430,1611659432,1611659442,30,10,12
mDiffFit,ID0000361,13258.000.000,192.168.1.161,1611659678,1611659696,1611659701,1611659708,1611659708,1611659711,1611659720,18,12,12
mBackground,ID0000310,13324.000.000,192.168.1.165,1611660051,1611660068,1611660120,1611660129,1611660129,1611660131,1611660147,17,61,18
mDiffFit,ID0000348,13126.000.000,192.168.1.162,1611658447,1611658488,1611658502,1611658506,1611658506,1611658507,1611658512,41,18,6
mDiffFit,ID0000053,13455.000.000,192.168.1.165,1611660782,1611660801,1611660804,1611660812,1611660812,1611660813,1611660824,19,11,12
mDiffFit,ID0000120,13104.000.000,192.168.1.166,1611658320,1611658332,1611658339,1611658345,1611658345,1611658347,1611658351,12,13,6
mDiffFit,ID0000110,13297.000.000,192.168.1.162,1611659900,1611659923,1611659929,1611659940,1611659940,1611659941,1611659953,23,17,13
mDiffFit,ID0000081,13385.000.000,192.168.1.166,1611660392,1611660437,1611660446,1611660455,1611660455,1611660458,1611660473,45,18,18
mDiffFit,ID0000447,13392.000.000,192.168.1.161,1611660438,1611660492,1611660503,1611660506,1611660506,1611660508,1611660518,54,14,12
register_local,0_1,13559.000.000,192.168.1.4,1611661456,1611661456,1611661458,1611661461,1611661461,1611661462,1611661467,0,5,6
mDiffFit,ID0000369,13253.000.000,192.168.1.161,1611659653,1611659672,1611659677,1611659683,1611659683,1611659685,1611659696,19,11,13
cleanup_montage,local_0,13568.000.000,192.168.1.4,1611661528,1611661529,1611661531,1611661534,1611661534,1611661534,1611661539,1,5,5
mDiffFit,ID0000073,13387.000.000,192.168.1.165,1611660404,1611660447,1611660458,1611660473,1611660473,1611660475,1611660485,43,26,12
mDiffFit,ID0000041,13477.000.000,192.168.1.166,1611660872,1611660891,1611660895,1611660901,1611660901,1611660901,1611660912,19,10,11
mDiffFit,ID0000403,13429.000.000,192.168.1.163,1611660650,1611660669,1611660673,1611660680,1611660680,1611660683,1611660693,19,11,13
