Job,ID,DagmanID,Node IP,SUBMIT,EXECUTE,JOB_TERMINATED,JOB_SUCCESS,POST_SCRIPT_STARTED,POST_SCRIPT_TERMINATED,POST_SCRIPT_SUCCESS,wait_time,exec_time,ps_time
mDiffFit,ID0000185,15070.000.000,192.168.1.168,1611705432,1611705447,1611705452,1611705464,1611705464,1611705465,1611705476,15,17,12
mDiffFit,ID0000020,15169.000.000,192.168.1.161,1611705970,1611705988,1611706014,1611706029,1611706029,1611706030,1611706043,18,41,14
mDiffFit,ID0000264,14849.000.000,192.168.1.165,1611704072,1611704136,1611704142,1611704144,1611704144,1611704146,1611704150,64,8,6
stage_in_local_local,3_0,14740.000.000,192.168.1.4,1611702333,1611702334,1611702710,1611702712,1611702712,1611702712,1611702717,1,378,5
mProject,ID0000009,14755.000.000,192.168.1.166,1611702645,1611702666,1611704523,1611704526,1611704526,1611704530,1611704539,21,1860,13
mDiffFit,ID0000047,15051.000.000,192.168.1.165,1611705327,1611705381,1611705386,1611705395,1611705395,1611705398,1611705408,54,14,13
mDiffFit,ID0000413,14904.000.000,192.168.1.165,1611704450,1611704481,1611704493,1611704496,1611704496,1611704499,1611704511,31,15,15
mBackground,ID0000463,15192.000.000,192.168.1.165,1611706108,1611706118,1611706143,1611706153,1611706153,1611706156,1611706167,10,35,14
mDiffFit,ID0000369,14863.000.000,192.168.1.165,1611704196,1611704238,1611704244,1611704259,1611704259,1611704260,1611704273,42,21,14
mDiffFit,ID0000210,15086.000.000,192.168.1.161,1611705514,1611705533,1611705535,1611705542,1611705542,1611705543,1611705554,19,9,12
mViewer,ID0000472,15283.000.000,192.168.1.165,1611706677,1611706710,1611706755,1611706757,1611706757,1611706757,1611706762,33,47,5
mDiffFit,ID0000428,15152.000.000,192.168.1.161,1611705875,1611705898,1611705903,1611705906,1611705906,1611705909,1611705921,23,8,15
mProject,ID0000014,14759.000.000,192.168.1.163,1611702651,1611702666,1611704463,1611704465,1611704465,1611704468,1611704478,15,1799,13
mDiffFit,ID0000121,15116.000.000,192.168.1.161,1611705671,1611705690,1611705696,1611705699,1611705699,1611705701,1611705709,19,9,10
create_dir_montage,local_0,14723.000.000,192.168.1.4,1611702294,1611702295,1611702297,1611702299,1611702299,1611702299,1611702304,1,4,5
mDiffFit,ID0000284,14805.000.000,192.168.1.169,1611703840,1611703897,1611703899,1611703899,1611703899,1611703899,1611703904,57,2,5
mProject,ID0000162,14757.000.000,192.168.1.166,1611702646,1611702666,1611703823,1611703829,1611703829,1611703830,1611703834,20,1163,5
mDiffFit,ID0000117,15119.000.000,192.168.1.165,1611705693,1611705706,1611705712,1611705721,1611705721,1611705723,1611705727,13,15,6
mProject,ID0000170,14774.000.000,192.168.1.167,1611702741,1611702748,1611703827,1611703829,1611703829,1611703829,1611703834,7,1081,5
mDiffFit,ID0000096,14989.000.000,192.168.1.169,1611704921,1611704938,1611704948,1611704952,1611704952,1611704953,1611704958,17,14,6
mDiffFit,ID0000106,14964.000.000,192.168.1.168,1611704789,1611704811,1611704812,1611704825,1611704825,1611704826,1611704839,22,14,14
mBackground,ID0000302,15133.000.000,192.168.1.168,1611705752,1611705787,1611705850,1611705851,1611705851,1611705855,1611705866,35,64,15
mDiffFit,ID0000044,15215.000.000,192.168.1.161,1611706250,1611706261,1611706263,1611706265,1611706265,1611706267,1611706277,11,4,12
register_local,1_0,15290.000.000,192.168.1.4,1611706762,1611706763,1611706764,1611706769,1611706769,1611706769,1611706774,1,6,5
mDiffFit,ID0000071,14936.000.000,192.168.1.165,1611704651,1611704671,1611704698,1611704705,1611704705,1611704708,1611704717,20,34,12
mDiffFit,ID0000282,15080.000.000,192.168.1.168,1611705487,1611705502,1611705518,1611705533,1611705533,1611705534,1611705542,15,31,9
mDiffFit,ID0000440,14924.000.000,192.168.1.165,1611704589,1611704602,1611704622,1611704630,1611704630,1611704632,1611704643,13,28,13
mDiffFit,ID0000417,14887.000.000,192.168.1.162,1611704359,1611704373,1611704387,1611704398,1611704398,1611704399,1611704411,14,25,13
clean_up_local_level,0_5,15232.000.000,192.168.1.4,1611706359,1611706361,1611706380,1611706381,1611706381,1611706381,1611706386,2,20,5
mViewer,ID0000471,15246.000.000,192.168.1.161,1611706410,1611706437,1611706483,1611706486,1611706486,1611706488,1611706495,27,49,9
mDiffFit,ID0000040,14867.000.000,192.168.1.168,1611704231,1611704252,1611704258,1611704259,1611704259,1611704264,1611704273,21,7,14
mDiffFit,ID0000426,15147.000.000,192.168.1.165,1611705842,1611705865,1611705875,1611705878,1611705878,1611705882,1611705892,23,13,14
stage_in_remote_local,2_4,14738.000.000,192.168.1.4,1611702328,1611702330,1611702333,1611702335,1611702335,1611702335,1611702340,2,5,5
mDiffFit,ID0000262,14851.000.000,192.168.1.162,1611704082,1611704171,1611704182,1611704189,1611704189,1611704190,1611704202,89,18,13
mImgtbl,ID0000469,15221.000.000,192.168.1.161,1611706272,1611706317,1611706320,1611706321,1611706321,1611706321,1611706326,45,4,5
mDiffFit,ID0000449,15029.000.000,192.168.1.161,1611705159,1611705221,1611705226,1611705227,1611705227,1611705229,1611705234,62,6,7
mDiffFit,ID0000278,14996.000.000,192.168.1.169,1611704964,1611704979,1611704984,1611704990,1611704990,1611704991,1611705003,15,11,13
register_local,2_1,15259.000.000,192.168.1.4,1611706513,1611706517,1611706520,1611706521,1611706521,1611706522,1611706528,4,4,7
mBackground,ID0000146,15247.000.000,192.168.1.161,1611706414,1611706441,1611706511,1611706515,1611706515,1611706518,1611706521,27,74,6
mDiffFit,ID0000405,15033.000.000,192.168.1.163,1611705165,1611705250,1611705263,1611705266,1611705266,1611705267,1611705273,85,16,7
mDiffFit,ID0000132,15224.000.000,192.168.1.165,1611706290,1611706307,1611706311,1611706315,1611706315,1611706316,1611706321,17,8,6
mDiffFit,ID0000085,15113.000.000,192.168.1.161,1611705644,1611705677,1611705699,1611705709,1611705709,1611705710,1611705721,33,32,12
mDiffFit,ID0000212,14840.000.000,192.168.1.162,1611704027,1611704096,1611704102,1611704109,1611704109,1611704113,1611704121,69,13,12
mDiffFit,ID0000081,14939.000.000,192.168.1.165,1611704663,1611704691,1611704694,1611704705,1611704705,1611704707,1611704717,28,14,12
stage_in_remote_local,0_0,14726.000.000,192.168.1.4,1611702310,1611702315,1611702318,1611702322,1611702322,1611702322,1611702328,5,7,6
mDiffFit,ID0000119,15110.000.000,192.168.1.168,1611705627,1611705670,1611705692,1611705699,1611705699,1611705701,1611705709,43,29,10
mDiffFit,ID0000069,15225.000.000,192.168.1.161,1611706299,1611706314,1611706318,1611706321,1611706321,1611706321,1611706326,15,7,5
stage_in_remote_local,1_0,14734.000.000,192.168.1.4,1611702322,1611702322,1611702324,1611702328,1611702328,1611702329,1611702335,0,6,7
mDiffFit,ID0000063,14979.000.000,192.168.1.161,1611704861,1611704880,1611704887,1611704889,1611704889,1611704891,1611704902,19,9,13
mDiffFit,ID0000045,14872.000.000,192.168.1.161,1611704271,1611704285,1611704288,1611704293,1611704293,1611704295,1611704299,14,8,6
mDiffFit,ID0000023,15184.000.000,192.168.1.161,1611706057,1611706075,1611706078,1611706090,1611706090,1611706090,1611706101,18,15,11
mDiffFit,ID0000424,15155.000.000,192.168.1.161,1611705887,1611705906,1611705914,1611705921,1611705921,1611705924,1611705935,19,15,14
mDiffFit,ID0000288,14823.000.000,192.168.1.169,1611703885,1611704008,1611704023,1611704035,1611704035,1611704036,1611704047,123,27,12
mProject,ID0000160,14775.000.000,192.168.1.162,1611702741,1611702748,1611703984,1611703991,1611703991,1611703993,1611703998,7,1243,7
mBackground,ID0000467,15197.000.000,192.168.1.165,1611706133,1611706165,1611706217,1611706223,1611706223,1611706224,1611706240,32,58,17
mProject,ID0000165,14777.000.000,192.168.1.162,1611702749,1611702764,1611703985,1611703991,1611703991,1611703993,1611703998,15,1227,7
mDiffFit,ID0000200,14822.000.000,192.168.1.169,1611703885,1611704001,1611704009,1611704010,1611704010,1611704013,1611704021,116,9,11
mDiffFit,ID0000358,14874.000.000,192.168.1.165,1611704289,1611704308,1611704315,1611704326,1611704326,1611704327,1611704332,19,18,6
mDiffFit,ID0000332,14896.000.000,192.168.1.168,1611704406,1611704437,1611704443,1611704451,1611704451,1611704455,1611704465,31,14,14
mDiffFit,ID0000050,15058.000.000,192.168.1.161,1611705349,1611705410,1611705427,1611705435,1611705435,1611705439,1611705450,61,25,15
mDiffFit,ID0000395,14926.000.000,192.168.1.169,1611704600,1611704617,1611704622,1611704630,1611704630,1611704632,1611704643,17,13,13
stage_in_remote_local,0_1,14725.000.000,192.168.1.4,1611702310,1611702315,1611702318,1611702322,1611702322,1611702322,1611702328,5,7,6
mDiffFit,ID0000255,14821.000.000,192.168.1.164,1611703884,1611703999,1611704003,1611704010,1611704010,1611704011,1611704021,115,11,11
mDiffFit,ID0000087,14987.000.000,192.168.1.165,1611704908,1611704923,1611704926,1611704929,1611704929,1611704931,1611704938,15,6,9
mDiffFit,ID0000407,15163.000.000,192.168.1.161,1611705933,1611705954,1611705959,1611705963,1611705963,1611705963,1611705970,21,9,7
register_local,15_1,15279.000.000,192.168.1.4,1611706670,1611706670,1611706672,1611706677,1611706677,1611706677,1611706684,0,7,7
mBackground,ID0000462,15193.000.000,192.168.1.161,1611706111,1611706122,1611706147,1611706153,1611706153,1611706156,1611706167,11,31,14
mDiffFit,ID0000211,14841.000.000,192.168.1.165,1611704030,1611704102,1611704110,1611704121,1611704121,1611704122,1611704132,72,19,11
mAdd,ID0000156,15271.000.000,192.168.1.161,1611706573,1611706636,1611706661,1611706665,1611706665,1611706666,1611706670,63,29,5
mDiffFit,ID0000052,15120.000.000,192.168.1.161,1611705697,1611705710,1611705716,1611705721,1611705721,1611705723,1611705727,13,11,6
mDiffFit,ID0000248,15008.000.000,192.168.1.161,1611705023,1611705041,1611705045,1611705054,1611705054,1611705055,1611705066,18,13,12
mBackground,ID0000145,15237.000.000,192.168.1.165,1611706394,1611706400,1611706431,1611706441,1611706441,1611706442,1611706454,6,41,13
mDiffFit,ID0000125,15213.000.000,192.168.1.165,1611706233,1611706253,1611706262,1611706265,1611706265,1611706267,1611706277,20,12,12
mDiffFit,ID0000070,14972.000.000,192.168.1.161,1611704836,1611704850,1611704851,1611704862,1611704862,1611704864,1611704876,14,12,14
clean_up_local_level,2_7,15214.000.000,192.168.1.4,1611706247,1611706249,1611706263,1611706265,1611706265,1611706268,1611706277,2,16,12
mBackground,ID0000305,15139.000.000,192.168.1.161,1611705788,1611705812,1611705864,1611705866,1611705866,1611705866,1611705878,24,54,12
mProject,ID0000172,14756.000.000,192.168.1.166,1611702645,1611702666,1611703815,1611703817,1611703817,1611703818,1611703823,21,1151,6
mProject,ID0000016,14751.000.000,192.168.1.161,1611702459,1611702474,1611704235,1611704238,1611704238,1611704240,1611704244,15,1764,6
stage_in_remote_local,1_4,14736.000.000,192.168.1.4,1611702328,1611702330,1611702333,1611702335,1611702335,1611702335,1611702340,2,5,5
mDiffFit,ID0000037,14965.000.000,192.168.1.165,1611704792,1611704811,1611704813,1611704825,1611704825,1611704826,1611704839,19,14,14
mDiffFit,ID0000114,15189.000.000,192.168.1.165,1611706087,1611706101,1611706107,1611706114,1611706114,1611706115,1611706126,14,13,12
register_local,4_4,15274.000.000,192.168.1.4,1611706605,1611706607,1611706611,1611706612,1611706612,1611706613,1611706620,2,5,8
mDiffFit,ID0000415,15149.000.000,192.168.1.161,1611705862,1611705873,1611705875,1611705878,1611705878,1611705883,1611705892,11,5,14
mDiffFit,ID0000339,14892.000.000,192.168.1.165,1611704383,1611704407,1611704414,1611704423,1611704423,1611704424,1611704437,24,16,14
mDiffFit,ID0000420,15022.000.000,192.168.1.165,1611705152,1611705229,1611705239,1611705241,1611705241,1611705243,1611705247,77,12,6
mDiffFit,ID0000075,15111.000.000,192.168.1.168,1611705631,1611705672,1611705690,1611705699,1611705699,1611705700,1611705709,41,27,10
mDiffFit,ID0000448,15024.000.000,192.168.1.165,1611705152,1611705229,1611705249,1611705254,1611705254,1611705255,1611705260,77,25,6
clean_up_local_level,0_6,15236.000.000,192.168.1.4,1611706391,1611706394,1611706409,1611706415,1611706415,1611706416,1611706427,3,21,12
stage_in_remote_local,0_2,14724.000.000,192.168.1.4,1611702310,1611702310,1611702314,1611702317,1611702317,1611702317,1611702322,0,7,5
mDiffFit,ID0000223,14817.000.000,192.168.1.164,1611703874,1611703965,1611703967,1611703971,1611703971,1611703973,1611703978,91,6,7
mDiffFit,ID0000066,14993.000.000,192.168.1.165,1611704936,1611704952,1611704954,1611704958,1611704958,1611704958,1611704965,16,6,7
mProject,ID0000319,14745.000.000,192.168.1.165,1611702452,1611702473,1611704072,1611704072,1611704072,1611704075,1611704084,21,1599,12
mDiffFit,ID0000389,14859.000.000,192.168.1.165,1611704131,1611704217,1611704245,1611704259,1611704259,1611704261,1611704273,86,42,14
mDiffFit,ID0000098,14943.000.000,192.168.1.169,1611704687,1611704707,1611704710,1611704717,1611704717,1611704718,1611704729,20,10,12
mBackground,ID0000304,15140.000.000,192.168.1.161,1611705792,1611705812,1611705866,1611705866,1611705866,1611705867,1611705878,20,54,12
mDiffFit,ID0000186,15073.000.000,192.168.1.168,1611705449,1611705464,1611705468,1611705476,1611705476,1611705481,1611705489,15,12,13
mDiffFit,ID0000346,14875.000.000,192.168.1.161,1611704289,1611704313,1611704326,1611704332,1611704332,1611704333,1611704348,24,19,16
mDiffFit,ID0000240,15016.000.000,192.168.1.165,1611705065,1611705083,1611705089,1611705095,1611705095,1611705096,1611705101,18,12,6
mDiffFit,ID0000393,15025.000.000,192.168.1.168,1611705158,1611705206,1611705210,1611705214,1611705214,1611705216,1611705221,48,8,7
mDiffFit,ID0000204,14838.000.000,192.168.1.169,1611704016,1611704096,1611704102,1611704109,1611704109,1611704112,1611704121,80,13,12
mProject,ID0000324,14752.000.000,192.168.1.161,1611702459,1611702474,1611704000,1611704010,1611704010,1611704010,1611704021,15,1536,11
mDiffFit,ID0000026,15174.000.000,192.168.1.165,1611705998,1611706014,1611706019,1611706029,1611706029,1611706032,1611706043,16,15,14
mBackground,ID0000465,15202.000.000,192.168.1.168,1611706161,1611706183,1611706235,1611706240,1611706240,1611706241,1611706254,22,57,14
mBackground,ID0000147,15245.000.000,192.168.1.168,1611706403,1611706426,1611706499,1611706506,1611706506,1611706508,1611706515,23,80,9
mDiffFit,ID0000439,14886.000.000,192.168.1.161,1611704355,1611704373,1611704388,1611704398,1611704398,1611704400,1611704411,18,25,13
mProject,ID0000015,14789.000.000,192.168.1.168,1611702762,1611704244,1611706011,1611706014,1611706014,1611706015,1611706029,1482,1770,15
mDiffFit,ID0000135,14934.000.000,192.168.1.169,1611704641,1611704659,1611704665,1611704667,1611704667,1611704668,1611704679,18,8,12
register_local,22_1,15212.000.000,192.168.1.4,1611706229,1611706236,1611706245,1611706254,1611706254,1611706254,1611706265,7,18,11
register_local,0_4,15269.000.000,192.168.1.4,1611706567,1611706567,1611706569,1611706573,1611706573,1611706573,1611706578,0,6,5
mDiffFit,ID0000176,15074.000.000,192.168.1.161,1611705458,1611705472,1611705474,1611705476,1611705476,1611705481,1611705489,14,4,13
mProject,ID0000010,14785.000.000,192.168.1.167,1611702756,1611703828,1611705533,1611705542,1611705542,1611705542,1611705554,1072,1714,12
mDiffFit,ID0000067,14976.000.000,192.168.1.165,1611704858,1611704880,1611704888,1611704889,1611704889,1611704892,1611704902,22,9,13
mDiffFit,ID0000360,15094.000.000,192.168.1.165,1611705549,1611705572,1611705589,1611705595,1611705595,1611705600,1611705610,23,23,15
mDiffFit,ID0000375,15106.000.000,192.168.1.168,1611705609,1611705652,1611705684,1611705699,1611705699,1611705699,1611705709,43,47,10
mDiffFit,ID0000046,15060.000.000,192.168.1.161,1611705362,1611705412,1611705439,1611705450,1611705450,1611705452,1611705464,50,38,14
mBackground,ID0000306,15138.000.000,192.168.1.165,1611705779,1611705804,1611705849,1611705851,1611705851,1611705853,1611705866,25,47,15
mDiffFit,ID0000336,14903.000.000,192.168.1.165,1611704446,1611704481,1611704492,1611704496,1611704496,1611704498,1611704511,35,15,15
mDiffFit,ID0000065,14978.000.000,192.168.1.168,1611704860,1611704880,1611704888,1611704889,1611704889,1611704892,1611704902,20,9,13
mDiffFit,ID0000110,14949.000.000,192.168.1.165,1611704724,1611704744,1611704748,1611704754,1611704754,1611704757,1611704767,20,10,13
mDiffFit,ID0000371,14864.000.000,192.168.1.161,1611704201,1611704246,1611704250,1611704259,1611704259,1611704263,1611704273,45,13,14
mBgModel,ID0000138,15234.000.000,192.168.1.165,1611706363,1611706367,1611706375,1611706381,1611706381,1611706381,1611706386,4,14,5
clean_up_local_level,0_8,15270.000.000,192.168.1.4,1611706572,1611706573,1611706581,1611706583,1611706583,1611706583,1611706588,1,10,5
register_local,4_0,15048.000.000,192.168.1.4,1611705324,1611705325,1611705329,1611705340,1611705340,1611705340,1611705352,1,15,12
register_local,3_0,14952.000.000,192.168.1.4,1611704735,1611704741,1611704751,1611704754,1611704754,1611704758,1611704767,6,13,13
mDiffFit,ID0000254,14802.000.000,192.168.1.169,1611703840,1611703884,1611703887,1611703893,1611703893,1611703894,1611703899,44,9,6
mDiffFit,ID0000277,14797.000.000,192.168.1.169,1611703829,1611703852,1611703861,1611703869,1611703869,1611703869,1611703876,23,17,7
mDiffFit,ID0000088,14958.000.000,192.168.1.165,1611704753,1611704782,1611704788,1611704795,1611704795,1611704798,1611704811,29,13,16
mDiffFit,ID0000252,15082.000.000,192.168.1.161,1611705497,1611705513,1611705534,1611705542,1611705542,1611705543,1611705554,16,29,12
mDiffFit,ID0000183,15081.000.000,192.168.1.168,1611705489,1611705502,1611705505,1611705516,1611705516,1611705518,1611705533,13,14,17
clean_up_local_level,2_3,15180.000.000,192.168.1.4,1611706036,1611706042,1611706054,1611706059,1611706059,1611706061,1611706076,6,17,17
mProject,ID0000007,14773.000.000,192.168.1.167,1611702741,1611702748,1611704521,1611704526,1611704526,1611704529,1611704539,7,1778,13
mDiffFit,ID0000334,14894.000.000,192.168.1.165,1611704394,1611704412,1611704439,1611704451,1611704451,1611704453,1611704465,18,39,14
mDiffFit,ID0000281,15089.000.000,192.168.1.165,1611705540,1611705557,1611705587,1611705595,1611705595,1611705600,1611705610,17,38,15
stage_in_local_local,1_0,14735.000.000,192.168.1.4,1611702327,1611702328,1611702439,1611702441,1611702441,1611702441,1611702446,1,113,5
mDiffFit,ID0000231,14830.000.000,192.168.1.165,1611703941,1611704060,1611704076,1611704084,1611704084,1611704086,1611704096,119,24,12
mBackground,ID0000298,15129.000.000,192.168.1.165,1611705743,1611705753,1611705784,1611705795,1611705795,1611705797,1611705812,10,42,17
register_local,20_1,15207.000.000,192.168.1.4,1611706190,1611706194,1611706204,1611706223,1611706223,1611706223,1611706240,4,29,17
mDiffFit,ID0000041,14990.000.000,192.168.1.168,1611704924,1611704941,1611704945,1611704952,1611704952,1611704953,1611704958,17,11,6
mDiffFit,ID0000398,15160.000.000,192.168.1.161,1611705914,1611705935,1611705959,1611705963,1611705963,1611705963,1611705970,21,28,7
mDiffFit,ID0000178,15062.000.000,192.168.1.168,1611705374,1611705406,1611705426,1611705435,1611705435,1611705438,1611705450,32,29,15
mDiffFit,ID0000216,14814.000.000,192.168.1.169,1611703868,1611703944,1611703945,1611703950,1611703950,1611703950,1611703955,76,6,5
mDiffFit,ID0000351,14883.000.000,192.168.1.165,1611704324,1611704356,1611704361,1611704373,1611704373,1611704373,1611704384,32,17,11
register_local,0_3,15249.000.000,192.168.1.4,1611706424,1611706427,1611706432,1611706441,1611706441,1611706443,1611706454,3,14,13
register_local,5_1,15277.000.000,192.168.1.4,1611706648,1611706649,1611706651,1611706654,1611706654,1611706654,1611706660,1,5,6
mDiffFit,ID0000100,14942.000.000,192.168.1.168,1611704678,1611704694,1611704696,1611704705,1611704705,1611704707,1611704717,16,11,12
mDiffFit,ID0000383,15097.000.000,192.168.1.161,1611705566,1611705588,1611705600,1611705610,1611705610,1611705610,1611705621,22,22,11
register_local,6_1,15287.000.000,192.168.1.4,1611706730,1611706730,1611706732,1611706735,1611706735,1611706735,1611706741,0,5,6
register_local,3_4,15275.000.000,192.168.1.4,1611706620,1611706622,1611706628,1611706631,1611706631,1611706632,1611706638,2,9,7
mProject,ID0000004,14770.000.000,192.168.1.164,1611702730,1611702746,1611704577,1611704580,1611704580,1611704583,1611704591,16,1834,11
mDiffFit,ID0000128,14983.000.000,192.168.1.168,1611704883,1611704903,1611704906,1611704914,1611704914,1611704915,1611704929,20,11,15
mDiffFit,ID0000091,14870.000.000,192.168.1.162,1611704256,1611704272,1611704276,1611704280,1611704280,1611704281,1611704293,16,8,13
register_local,28_1,15117.000.000,192.168.1.4,1611705679,1611705682,1611705688,1611705699,1611705699,1611705699,1611705709,3,17,10
mDiffFit,ID0000441,14914.000.000,192.168.1.161,1611704525,1611704553,1611704558,1611704568,1611704568,1611704571,1611704580,28,15,12
mDiffFit,ID0000214,14839.000.000,192.168.1.169,1611704019,1611704096,1611704101,1611704109,1611704109,1611704111,1611704121,77,13,12
mDiffFit,ID0000073,14968.000.000,192.168.1.168,1611704817,1611704831,1611704839,1611704850,1611704850,1611704851,1611704862,14,19,12
mDiffFit,ID0000419,14878.000.000,192.168.1.165,1611704307,1611704338,1611704345,1611704348,1611704348,1611704349,1611704361,31,10,13
mDiffFit,ID0000292,15004.000.000,192.168.1.168,1611705011,1611705025,1611705030,1611705042,1611705042,1611705043,1611705054,14,17,12
stage_in_remote_local,0_3,14732.000.000,192.168.1.4,1611702316,1611702318,1611702323,1611702328,1611702328,1611702329,1611702335,2,10,7
stage_in_local_local,4_0,14742.000.000,192.168.1.4,1611702334,1611702335,1611702632,1611702634,1611702634,1611702635,1611702639,1,299,5
mDiffFit,ID0000410,14918.000.000,192.168.1.165,1611704550,1611704570,1611704581,1611704591,1611704591,1611704593,1611704604,20,21,13
mBackground,ID0000148,15244.000.000,192.168.1.168,1611706402,1611706426,1611706473,1611706478,1611706478,1611706479,1611706486,24,52,8
mDiffFit,ID0000111,14984.000.000,192.168.1.165,1611704889,1611704904,1611704907,1611704914,1611704914,1611704916,1611704929,15,10,15
mDiffFit,ID0000031,15176.000.000,192.168.1.165,1611706008,1611706039,1611706044,1611706059,1611706059,1611706060,1611706076,31,20,17
mProject,ID0000315,14772.000.000,192.168.1.167,1611702741,1611702748,1611704346,1611704348,1611704348,1611704350,1611704361,7,1600,13
mDiffFit,ID0000136,15217.000.000,192.168.1.165,1611706262,1611706280,1611706295,1611706301,1611706301,1611706303,1611706309,18,21,8
mDiffFit,ID0000180,15072.000.000,192.168.1.165,1611705447,1611705463,1611705467,1611705476,1611705476,1611705479,1611705489,16,13,13
register_local,27_1,15216.000.000,192.168.1.4,1611706260,1611706261,1611706265,1611706277,1611706277,1611706279,1611706292,1,16,15
mDiffFit,ID0000126,14871.000.000,192.168.1.165,1611704266,1611704279,1611704288,1611704293,1611704293,1611704295,1611704299,13,14,6
mDiffFit,ID0000267,15091.000.000,192.168.1.161,1611705541,1611705567,1611705572,1611705583,1611705583,1611705584,1611705595,26,16,12
mDiffFit,ID0000036,14941.000.000,192.168.1.165,1611704673,1611704694,1611704717,1611704729,1611704729,1611704729,1611704745,21,35,16
mDiffFit,ID0000373,15098.000.000,192.168.1.161,1611705576,1611705588,1611705601,1611705610,1611705610,1611705610,1611705621,12,22,11
mDiffFit,ID0000384,15102.000.000,192.168.1.165,1611705594,1611705652,1611705663,1611705672,1611705672,1611705673,1611705685,58,20,13
mProject,ID0000171,14765.000.000,192.168.1.169,1611702724,1611702745,1611703851,1611703857,1611703857,1611703858,1611703869,21,1112,12
mProject,ID0000164,14746.000.000,192.168.1.165,1611702453,1611702473,1611703572,1611703573,1611703573,1611703573,1611703578,20,1100,5
mDiffFit,ID0000174,15069.000.000,192.168.1.161,1611705429,1611705446,1611705466,1611705476,1611705476,1611705479,1611705489,17,30,13
mProject,ID0000326,14762.000.000,192.168.1.163,1611702723,1611702724,1611704388,1611704398,1611704398,1611704400,1611704411,1,1674,13
mDiffFit,ID0000401,15043.000.000,192.168.1.166,1611705200,1611705293,1611705295,1611705297,1611705297,1611705297,1611705302,93,4,5
mDiffFit,ID0000224,14816.000.000,192.168.1.169,1611703874,1611703967,1611703968,1611703971,1611703971,1611703974,1611703978,93,4,7
register_local,12_1,15125.000.000,192.168.1.4,1611705720,1611705724,1611705726,1611705727,1611705727,1611705727,1611705732,4,3,5
mDiffFit,ID0000099,15218.000.000,192.168.1.165,1611706262,1611706280,1611706291,1611706292,1611706292,1611706292,1611706301,18,12,9
mProject,ID0000321,14769.000.000,192.168.1.164,1611702730,1611702746,1611704373,1611704384,1611704384,1611704385,1611704398,16,1638,14
mDiffFit,ID0000127,14992.000.000,192.168.1.165,1611704926,1611704946,1611704952,1611704958,1611704958,1611704958,1611704965,20,12,7
mProject,ID0000168,14787.000.000,192.168.1.164,1611702762,1611704232,1611705340,1611705352,1611705352,1611705352,1611705363,1470,1120,11
mDiffFit,ID0000027,15179.000.000,192.168.1.161,1611706026,1611706064,1611706076,1611706090,1611706090,1611706090,1611706101,38,26,11
mDiffFit,ID0000391,14916.000.000,192.168.1.168,1611704538,1611704558,1611704568,1611704580,1611704580,1611704581,1611704591,20,22,11
stage_in_remote_local,1_1,14733.000.000,192.168.1.4,1611702316,1611702318,1611702321,1611702322,1611702322,1611702322,1611702328,2,4,6
clean_up_local_level,6_3,15165.000.000,192.168.1.4,1611705968,1611705969,1611705980,1611705988,1611705988,1611705988,1611705999,1,19,11
mDiffFit,ID0000443,14912.000.000,192.168.1.161,1611704506,1611704536,1611704561,1611704568,1611704568,1611704572,1611704580,30,32,12
mBackground,ID0000460,15206.000.000,192.168.1.165,1611706187,1611706218,1611706253,1611706254,1611706254,1611706254,1611706265,31,36,11
mProject,ID0000001,14786.000.000,192.168.1.162,1611702761,1611704232,1611705957,1611705957,1611705957,1611705958,1611705963,1471,1725,6
mDiffFit,ID0000283,15079.000.000,192.168.1.165,1611705484,1611705499,1611705507,1611705516,1611705516,1611705519,1611705533,15,17,17
mDiffFit,ID0000064,15123.000.000,192.168.1.161,1611705707,1611705722,1611705724,1611705727,1611705727,1611705727,1611705732,15,5,5
register_local,3_1,15278.000.000,192.168.1.4,1611706660,1611706660,1611706663,1611706665,1611706665,1611706665,1611706670,0,5,5
register_local,29_1,15112.000.000,192.168.1.4,1611705640,1611705643,1611705653,1611705660,1611705660,1611705661,1611705672,3,17,12
register_local,31_1,15231.000.000,192.168.1.4,1611706339,1611706344,1611706351,1611706352,1611706352,1611706353,1611706364,5,8,12
mBackground,ID0000301,15134.000.000,192.168.1.168,1611705754,1611705787,1611705848,1611705851,1611705851,1611705853,1611705866,33,64,15
mProject,ID0000322,14760.000.000,192.168.1.163,1611702651,1611702666,1611704288,1611704293,1611704293,1611704296,1611704299,15,1627,6
register_local,17_1,15146.000.000,192.168.1.4,1611705837,1611705841,1611705850,1611705851,1611705851,1611705855,1611705866,4,10,15
mDiffFit,ID0000274,14795.000.000,192.168.1.166,1611703786,1611703807,1611703810,1611703812,1611703812,1611703812,1611703817,21,5,5
mViewer,ID0000314,15200.000.000,192.168.1.161,1611706148,1611706162,1611706196,1611706205,1611706205,1611706207,1611706223,14,43,18
mDiffFit,ID0000249,14847.000.000,192.168.1.162,1611704057,1611704135,1611704166,1611704171,1611704171,1611704171,1611704176,78,36,5
mDiffFit,ID0000182,15066.000.000,192.168.1.165,1611705406,1611705426,1611705435,1611705450,1611705450,1611705451,1611705464,20,24,14
mDiffFit,ID0000396,15045.000.000,192.168.1.167,1611705213,1611705292,1611705304,1611705307,1611705307,1611705308,1611705313,79,15,6
mDiffFit,ID0000191,14810.000.000,192.168.1.169,1611703849,1611703934,1611703945,1611703950,1611703950,1611703950,1611703955,85,16,5
mDiffFit,ID0000275,14804.000.000,192.168.1.169,1611703840,1611703894,1611703904,1611703904,1611703904,1611703904,1611703909,54,10,5
mDiffFit,ID0000430,14890.000.000,192.168.1.162,1611704379,1611704402,1611704423,1611704437,1611704437,1611704438,1611704451,23,35,14
mBackground,ID0000464,15190.000.000,192.168.1.165,1611706096,1611706107,1611706128,1611706141,1611706141,1611706142,1611706153,11,34,12
register_local,7_1,15256.000.000,192.168.1.4,1611706485,1611706488,1611706498,1611706506,1611706506,1611706508,1611706515,3,18,9
clean_up_local_level,9_3,14994.000.000,192.168.1.4,1611704964,1611704964,1611704971,1611704978,1611704978,1611704979,1611704990,0,14,12
mDiffFit,ID0000056,15053.000.000,192.168.1.165,1611705333,1611705381,1611705385,1611705395,1611705395,1611705398,1611705408,48,14,13
register_local,0_0,15289.000.000,192.168.1.4,1611706751,1611706752,1611706754,1611706757,1611706757,1611706757,1611706762,1,5,5
mDiffFit,ID0000230,14850.000.000,192.168.1.165,1611704079,1611704160,1611704179,1611704182,1611704182,1611704184,1611704189,81,22,7
mDiffFit,ID0000021,15173.000.000,192.168.1.161,1611705997,1611706016,1611706044,1611706059,1611706059,1611706060,1611706076,19,43,17
mDiffFit,ID0000387,14881.000.000,192.168.1.161,1611704320,1611704345,1611704349,1611704361,1611704361,1611704362,1611704373,25,16,12
mDiffFit,ID0000235,14811.000.000,192.168.1.169,1611703857,1611703934,1611703936,1611703944,1611703944,1611703945,1611703950,77,10,6
mDiffFit,ID0000077,14986.000.000,192.168.1.169,1611704900,1611704916,1611704920,1611704929,1611704929,1611704931,1611704938,16,13,9
mBackground,ID0000153,15242.000.000,192.168.1.168,1611706402,1611706426,1611706502,1611706506,1611706506,1611706509,1611706515,24,80,9
mDiffFit,ID0000105,14970.000.000,192.168.1.161,1611704824,1611704838,1611704841,1611704850,1611704850,1611704850,1611704862,14,12,12
mDiffFit,ID0000436,14910.000.000,192.168.1.168,1611704490,1611704521,1611704541,1611704551,1611704551,1611704553,1611704568,31,30,17
mDiffFit,ID0000348,14873.000.000,192.168.1.169,1611704288,1611704308,1611704317,1611704326,1611704326,1611704328,1611704332,20,18,6
mDiffFit,ID0000245,15014.000.000,192.168.1.161,1611705061,1611705069,1611705072,1611705083,1611705083,1611705086,1611705089,8,14,6
mDiffFit,ID0000055,15059.000.000,192.168.1.161,1611705359,1611705410,1611705421,1611705435,1611705435,1611705437,1611705450,51,25,15
mDiffFit,ID0000350,14908.000.000,192.168.1.165,1611704477,1611704536,1611704557,1611704568,1611704568,1611704570,1611704580,59,32,12
clean_up_local_level,7_3,15061.000.000,192.168.1.4,1611705369,1611705373,1611705388,1611705395,1611705395,1611705399,1611705408,4,22,13
mDiffFit,ID0000129,15219.000.000,192.168.1.161,1611706263,1611706284,1611706297,1611706301,1611706301,1611706305,1611706309,21,17,8
mDiffFit,ID0000404,15034.000.000,192.168.1.163,1611705165,1611705281,1611705286,1611705291,1611705291,1611705293,1611705297,116,10,6
mDiffFit,ID0000250,14832.000.000,192.168.1.169,1611703944,1611704061,1611704068,1611704072,1611704072,1611704075,1611704084,117,11,12
mBackground,ID0000309,15141.000.000,192.168.1.161,1611705802,1611705827,1611705866,1611705878,1611705878,1611705880,1611705892,25,51,14
mDiffFit,ID0000280,15085.000.000,192.168.1.161,1611705511,1611705529,1611705534,1611705542,1611705542,1611705543,1611705554,18,13,12
mDiffFit,ID0000246,15017.000.000,192.168.1.161,1611705073,1611705086,1611705091,1611705095,1611705095,1611705096,1611705101,13,9,6
mDiffFit,ID0000355,14917.000.000,192.168.1.165,1611704546,1611704567,1611704572,1611704580,1611704580,1611704582,1611704591,21,13,11
mDiffFit,ID0000229,14808.000.000,192.168.1.169,1611703846,1611703921,1611703923,1611703933,1611703933,1611703934,1611703944,75,12,11
register_local,0_5,15272.000.000,192.168.1.4,1611706578,1611706582,1611706584,1611706588,1611706588,1611706589,1611706593,4,6,5
mDiffFit,ID0000378,15099.000.000,192.168.1.165,1611705578,1611705599,1611705633,1611705649,1611705649,1611705649,1611705660,21,50,11
mProject,ID0000169,14749.000.000,192.168.1.168,1611702458,1611702474,1611703604,1611703608,1611703608,1611703608,1611703613,16,1134,5
mProject,ID0000159,14750.000.000,192.168.1.168,1611702459,1611702474,1611703587,1611703588,1611703588,1611703588,1611703593,15,1114,5
mDiffFit,ID0000179,15067.000.000,192.168.1.161,1611705417,1611705440,1611705447,1611705450,1611705450,1611705452,1611705464,23,10,14
mDiffFit,ID0000025,15167.000.000,192.168.1.161,1611705969,1611705988,1611705992,1611705999,1611705999,1611706002,1611706014,19,11,15
mDiffFit,ID0000374,15103.000.000,192.168.1.161,1611705604,1611705662,1611705674,1611705685,1611705685,1611705686,1611705699,58,23,14
mProject,ID0000329,14744.000.000,192.168.1.165,1611702451,1611702453,1611704008,1611704010,1611704010,1611704012,1611704021,2,1557,11
mDiffFit,ID0000434,14857.000.000,192.168.1.169,1611704120,1611704202,1611704238,1611704244,1611704244,1611704246,1611704259,82,42,15
mProject,ID0000167,14758.000.000,192.168.1.166,1611702651,1611702666,1611703772,1611703774,1611703774,1611703775,1611703780,15,1108,6
mDiffFit,ID0000247,15009.000.000,192.168.1.168,1611705026,1611705044,1611705048,1611705054,1611705054,1611705055,1611705066,18,10,12
mImgtbl,ID0000155,15265.000.000,192.168.1.166,1611706534,1611706559,1611706561,1611706561,1611706561,1611706562,1611706567,25,2,6
mDiffFit,ID0000194,14853.000.000,192.168.1.165,1611704095,1611704190,1611704205,1611704218,1611704218,1611704219,1611704224,95,28,6
stage_in_remote_local,0_5,14730.000.000,192.168.1.4,1611702316,1611702318,1611702323,1611702328,1611702328,1611702329,1611702335,2,10,7
mDiffFit,ID0000095,14944.000.000,192.168.1.165,1611704690,1611704710,1611704728,1611704729,1611704729,1611704729,1611704745,20,19,16
mConcatFit,ID0000137,15230.000.000,192.168.1.165,1611706333,1611706334,1611706344,1611706347,1611706347,1611706348,1611706352,1,13,5
stage_out_local_local,0_7,15292.000.000,192.168.1.4,1611706768,1611706773,1611706777,1611706779,1611706779,1611706779,1611706784,5,6,5
mBackground,ID0000456,15198.000.000,192.168.1.168,1611706135,1611706159,1611706221,1611706223,1611706223,1611706227,1611706240,24,64,17
mBackground,ID0000144,15238.000.000,192.168.1.161,1611706395,1611706400,1611706428,1611706441,1611706441,1611706442,1611706454,5,41,13
register_local,10_1,15087.000.000,192.168.1.4,1611705524,1611705529,1611705537,1611705542,1611705542,1611705545,1611705554,5,13,12
mDiffFit,ID0000392,14861.000.000,192.168.1.164,1611704161,1611704220,1611704224,1611704232,1611704232,1611704233,1611704238,59,12,6
mDiffFit,ID0000043,14933.000.000,192.168.1.168,1611704637,1611704653,1611704657,1611704667,1611704667,1611704668,1611704679,16,14,12
mDiffFit,ID0000447,14920.000.000,192.168.1.165,1611704565,1611704579,1611704583,1611704591,1611704591,1611704593,1611704604,14,12,13
mDiffFit,ID0000333,15101.000.000,192.168.1.165,1611705590,1611705644,1611705655,1611705660,1611705660,1611705661,1611705672,54,16,12
stage_in_local_local,0_0,14727.000.000,192.168.1.4,1611702310,1611702315,1611702738,1611702742,1611702742,1611702742,1611702749,5,427,7
mDiffFit,ID0000347,15105.000.000,192.168.1.161,1611705608,1611705663,1611705677,1611705685,1611705685,1611705687,1611705699,55,22,14
mDiffFit,ID0000108,14963.000.000,192.168.1.161,1611704780,1611704808,1611704811,1611704825,1611704825,1611704826,1611704839,28,17,14
mDiffFit,ID0000394,14858.000.000,192.168.1.162,1611704128,1611704206,1611704220,1611704224,1611704224,1611704225,1611704232,78,18,8
mProject,ID0000325,14771.000.000,192.168.1.167,1611702740,1611702748,1611704319,1611704326,1611704326,1611704329,1611704332,8,1578,6
mDiffFit,ID0000386,14906.000.000,192.168.1.161,1611704464,1611704498,1611704509,1611704511,1611704511,1611704513,1611704526,34,13,15
mDiffFit,ID0000366,14866.000.000,192.168.1.162,1611704214,1611704250,1611704255,1611704259,1611704259,1611704264,1611704273,36,9,14
mBackground,ID0000149,15243.000.000,192.168.1.168,1611706402,1611706426,1611706503,1611706506,1611706506,1611706510,1611706515,24,80,9
mDiffFit,ID0000101,14967.000.000,192.168.1.165,1611704809,1611704822,1611704826,1611704839,1611704839,1611704839,1611704850,13,17,11
register_local,2_0,14980.000.000,192.168.1.4,1611704870,1611704876,1611704882,1611704889,1611704889,1611704891,1611704902,6,13,13
mBackground,ID0000139,15248.000.000,192.168.1.161,1611706421,1611706441,1611706510,1611706515,1611706515,1611706517,1611706521,20,74,6
mBackground,ID0000300,15136.000.000,192.168.1.161,1611705762,1611705781,1611705816,1611705830,1611705830,1611705831,1611705851,19,49,21
mDiffFit,ID0000345,14923.000.000,192.168.1.165,1611704586,1611704602,1611704604,1611704615,1611704615,1611704617,1611704630,16,13,15
mBackground,ID0000453,15191.000.000,192.168.1.165,1611706101,1611706109,1611706141,1611706153,1611706153,1611706155,1611706167,8,44,14
mDiffFit,ID0000192,15013.000.000,192.168.1.169,1611705052,1611705066,1611705083,1611705089,1611705089,1611705090,1611705095,14,23,6
mDiffFit,ID0000377,15150.000.000,192.168.1.165,1611705872,1611705893,1611705897,1611705906,1611705906,1611705908,1611705921,21,13,15
clean_up_local_level,9_7,15266.000.000,192.168.1.4,1611706542,1611706544,1611706559,1611706561,1611706561,1611706562,1611706567,2,17,6
mDiffFit,ID0000331,14899.000.000,192.168.1.169,1611704418,1611704445,1611704468,1611704478,1611704478,1611704479,1611704496,27,33,18
mDiffFit,ID0000406,14902.000.000,192.168.1.168,1611704444,1611704468,1611704493,1611704496,1611704496,1611704499,1611704511,24,28,15
mDiffFit,ID0000273,15078.000.000,192.168.1.161,1611705475,1611705488,1611705505,1611705516,1611705516,1611705518,1611705533,13,28,17
mDiffFit,ID0000207,14846.000.000,192.168.1.169,1611704054,1611704138,1611704156,1611704162,1611704162,1611704163,1611704171,84,24,9
clean_up_local_level,0_10,15291.000.000,192.168.1.4,1611706768,1611706768,1611706783,1611706784,1611706784,1611706784,1611706790,0,16,6
mDiffFit,ID0000381,15095.000.000,192.168.1.165,1611705553,1611705578,1611705586,1611705595,1611705595,1611705599,1611705610,25,17,15
mBackground,ID0000308,15142.000.000,192.168.1.166,1611705805,1611705826,1611705865,1611705866,1611705866,1611705867,1611705878,21,40,12
mBackground,ID0000303,15132.000.000,192.168.1.165,1611705750,1611705781,1611705826,1611705830,1611705830,1611705832,1611705851,31,49,21
mDiffFit,ID0000201,14800.000.000,192.168.1.169,1611703829,1611703869,1611703871,1611703876,1611703876,1611703877,1611703885,40,7,9
register_local,25_1,15047.000.000,192.168.1.4,1611705272,1611705276,1611705285,1611705291,1611705291,1611705292,1611705297,4,15,6
mDiffFit,ID0000120,15209.000.000,192.168.1.161,1611706204,1611706240,1611706253,1611706254,1611706254,1611706254,1611706265,36,14,11
mDiffFit,ID0000187,15065.000.000,192.168.1.165,1611705403,1611705426,1611705434,1611705435,1611705435,1611705440,1611705450,23,9,15
mDiffFit,ID0000238,14995.000.000,192.168.1.168,1611704964,1611704979,1611704985,1611704990,1611704990,1611704992,1611705003,15,11,13
mDiffFit,ID0000220,14831.000.000,192.168.1.161,1611703943,1611704058,1611704063,1611704072,1611704072,1611704073,1611704084,115,14,12
mDiffFit,ID0000042,14961.000.000,192.168.1.161,1611704774,1611704803,1611704811,1611704825,1611704825,1611704826,1611704839,29,22,14
mDiffFit,ID0000256,14798.000.000,192.168.1.169,1611703829,1611703857,1611703859,1611703869,1611703869,1611703869,1611703876,28,12,7
mProject,ID0000318,14782.000.000,192.168.1.166,1611702755,1611703819,1611705412,1611705422,1611705422,1611705423,1611705435,1064,1603,13
mDiffFit,ID0000213,14843.000.000,192.168.1.162,1611704042,1611704133,1611704137,1611704138,1611704138,1611704139,1611704144,91,5,6
mBackground,ID0000468,15196.000.000,192.168.1.165,1611706125,1611706162,1611706194,1611706205,1611706205,1611706206,1611706223,37,43,18
mDiffFit,ID0000356,14876.000.000,192.168.1.162,1611704290,1611704313,1611704316,1611704326,1611704326,1611704328,1611704332,23,13,6
mDiffFit,ID0000286,14799.000.000,192.168.1.169,1611703829,1611703867,1611703877,1611703885,1611703885,1611703886,1611703893,38,18,8
mProject,ID0000166,14767.000.000,192.168.1.164,1611702729,1611702745,1611703913,1611703914,1611703914,1611703915,1611703920,16,1169,6
mProject,ID0000011,14747.000.000,192.168.1.168,1611702453,1611702474,1611704212,1611704218,1611704218,1611704220,1611704224,21,1744,6
mDiffFit,ID0000051,15057.000.000,192.168.1.168,1611705346,1611705377,1611705383,1611705395,1611705395,1611705397,1611705408,31,18,13
mDiffFit,ID0000341,14915.000.000,192.168.1.169,1611704534,1611704558,1611704567,1611704580,1611704580,1611704580,1611704591,24,22,11
mDiffFit,ID0000258,14856.000.000,192.168.1.161,1611704116,1611704206,1611704213,1611704218,1611704218,1611704220,1611704224,90,12,6
mDiffFit,ID0000268,14828.000.000,192.168.1.162,1611703928,1611704031,1611704036,1611704047,1611704047,1611704049,1611704060,103,16,13
mDiffFit,ID0000090,15211.000.000,192.168.1.161,1611706215,1611706242,1611706252,1611706254,1611706254,1611706254,1611706265,27,12,11
mBgModel,ID0000452,15182.000.000,192.168.1.165,1611706050,1611706055,1611706071,1611706076,1611706076,1611706076,1611706090,5,21,14
mDiffFit,ID0000203,14844.000.000,192.168.1.161,1611704044,1611704132,1611704149,1611704150,1611704150,1611704152,1611704162,88,18,12
mDiffFit,ID0000122,14985.000.000,192.168.1.165,1611704896,1611704910,1611704931,1611704938,1611704938,1611704941,1611704946,14,28,8
mProject,ID0000161,14766.000.000,192.168.1.169,1611702724,1611702745,1611703843,1611703850,1611703850,1611703852,1611703857,21,1105,7
mDiffFit,ID0000017,15175.000.000,192.168.1.161,1611706005,1611706038,1611706055,1611706059,1611706059,1611706061,1611706076,33,21,17
mDiffFit,ID0000089,14931.000.000,192.168.1.165,1611704623,1611704646,1611704650,1611704656,1611704656,1611704657,1611704667,23,10,11
mDiffFit,ID0000335,15037.000.000,192.168.1.169,1611705173,1611705276,1611705300,1611705302,1611705302,1611705303,1611705307,103,26,5
register_local,33_1,15284.000.000,192.168.1.4,1611706683,1611706688,1611706695,1611706700,1611706700,1611706701,1611706707,5,12,7
mDiffFit,ID0000251,14794.000.000,192.168.1.166,1611703785,1611703795,1611703802,1611703807,1611703807,1611703807,1611703812,10,12,5
mDiffFit,ID0000103,14966.000.000,192.168.1.169,1611704805,1611704822,1611704838,1611704839,1611704839,1611704840,1611704850,17,17,11
mDiffFit,ID0000263,14854.000.000,192.168.1.169,1611704103,1611704186,1611704195,1611704202,1611704202,1611704204,1611704218,83,16,16
mDiffFit,ID0000061,14982.000.000,192.168.1.161,1611704882,1611704902,1611704915,1611704929,1611704929,1611704930,1611704938,20,27,9
mDiffFit,ID0000343,15028.000.000,192.168.1.161,1611705159,1611705221,1611705228,1611705234,1611705234,1611705237,1611705241,62,13,7
mDiffFit,ID0000206,14837.000.000,192.168.1.164,1611704009,1611704087,1611704104,1611704109,1611704109,1611704113,1611704121,78,22,12
mDiffFit,ID0000188,15064.000.000,192.168.1.168,1611705394,1611705418,1611705425,1611705435,1611705435,1611705437,1611705450,24,17,15
mDiffFit,ID0000349,15044.000.000,192.168.1.168,1611705203,1611705276,1611705297,1611705302,1611705302,1611705302,1611705307,73,26,5
mDiffFit,ID0000195,14833.000.000,192.168.1.162,1611703944,1611704063,1611704072,1611704084,1611704084,1611704085,1611704096,119,21,12
mDiffFit,ID0000287,14999.000.000,192.168.1.161,1611704973,1611704990,1611705005,1611705014,1611705014,1611705014,1611705027,17,24,13
mDiffFit,ID0000337,14893.000.000,192.168.1.169,1611704392,1611704411,1611704417,1611704423,1611704423,1611704426,1611704437,19,12,14
mDiffFit,ID0000222,15090.000.000,192.168.1.161,1611705540,1611705567,1611705572,1611705583,1611705583,1611705585,1611705595,27,16,12
mProject,ID0000327,14753.000.000,192.168.1.161,1611702644,1611702645,1611704140,1611704144,1611704144,1611704145,1611704150,1,1499,6
register_local,0_6,15286.000.000,192.168.1.4,1611706719,1611706720,1611706721,1611706724,1611706724,1611706725,1611706730,1,4,6
mDiffFit,ID0000444,14928.000.000,192.168.1.165,1611704604,1611704625,1611704646,1611704656,1611704656,1611704657,1611704667,21,31,11
clean_up_local_level,0_7,15268.000.000,192.168.1.4,1611706554,1611706557,1611706575,1611706578,1611706578,1611706578,1611706583,3,21,5
mDiffFit,ID0000024,15168.000.000,192.168.1.165,1611705970,1611705988,1611705990,1611705999,1611705999,1611706001,1611706014,18,11,15
mBackground,ID0000307,15137.000.000,192.168.1.165,1611705775,1611705798,1611705850,1611705851,1611705851,1611705854,1611705866,23,53,15
mDiffFit,ID0000060,14971.000.000,192.168.1.165,1611704832,1611704850,1611704852,1611704862,1611704862,1611704864,1611704876,18,12,14
mDiffFit,ID0000221,14818.000.000,192.168.1.164,1611703875,1611703980,1611703983,1611703985,1611703985,1611703986,1611703991,105,5,6
mDiffFit,ID0000112,14954.000.000,192.168.1.168,1611704751,1611704767,1611704786,1611704795,1611704795,1611704798,1611704811,16,28,16
mDiffFit,ID0000379,15100.000.000,192.168.1.161,1611705580,1611705599,1611705607,1611705610,1611705610,1611705611,1611705621,19,11,11
register_local,35_1,15263.000.000,192.168.1.4,1611706527,1611706528,1611706530,1611706534,1611706534,1611706535,1611706547,1,6,13
mBackground,ID0000466,15201.000.000,192.168.1.165,1611706151,1611706166,1611706222,1611706240,1611706240,1611706241,1611706254,15,74,14
mBackground,ID0000296,15131.000.000,192.168.1.165,1611705743,1611705781,1611705828,1611705830,1611705830,1611705833,1611705851,38,49,21
mDiffFit,ID0000097,14960.000.000,192.168.1.169,1611704766,1611704788,1611704795,1611704811,1611704811,1611704811,1611704825,22,23,14
mProject,ID0000005,14761.000.000,192.168.1.163,1611702651,1611702666,1611704488,1611704496,1611704496,1611704497,1611704511,15,1830,15
mBgModel,ID0000295,15124.000.000,192.168.1.161,1611705717,1611705722,1611705731,1611705732,1611705732,1611705732,1611705737,5,10,5
mProject,ID0000317,14754.000.000,192.168.1.161,1611702644,1611702645,1611704176,1611704182,1611704182,1611704184,1611704189,1,1537,7
mDiffFit,ID0000080,15188.000.000,192.168.1.161,1611706084,1611706104,1611706110,1611706114,1611706114,1611706117,1611706126,20,10,12
mConcatFit,ID0000451,15172.000.000,192.168.1.165,1611705994,1611706005,1611706018,1611706029,1611706029,1611706031,1611706043,11,24,14
mDiffFit,ID0000068,14975.000.000,192.168.1.169,1611704856,1611704875,1611704879,1611704889,1611704889,1611704890,1611704902,19,14,13
mDiffFit,ID0000293,14997.000.000,192.168.1.165,1611704965,1611704990,1611705007,1611705014,1611705014,1611705014,1611705027,25,24,13
mDiffFit,ID0000265,15003.000.000,192.168.1.169,1611705001,1611705012,1611705014,1611705027,1611705027,1611705029,1611705042,11,15,15
stage_in_remote_local,0_4,14731.000.000,192.168.1.4,1611702316,1611702318,1611702321,1611702322,1611702322,1611702322,1611702328,2,4,6
register_local,0_1,15227.000.000,192.168.1.4,1611706326,1611706327,1611706329,1611706333,1611706333,1611706333,1611706341,1,6,8
mBackground,ID0000142,15241.000.000,192.168.1.165,1611706401,1611706426,1611706482,1611706486,1611706486,1611706488,1611706495,25,60,9
stage_in_remote_local,3_4,14741.000.000,192.168.1.4,1611702334,1611702334,1611702337,1611702340,1611702340,1611702340,1611702345,0,6,5
mDiffFit,ID0000365,15151.000.000,192.168.1.161,1611705874,1611705898,1611705904,1611705906,1611705906,1611705909,1611705921,24,8,15
mBackground,ID0000150,15254.000.000,192.168.1.166,1611706453,1611706488,1611706518,1611706521,1611706521,1611706522,1611706528,35,33,7
mDiffFit,ID0000084,14948.000.000,192.168.1.169,1611704715,1611704727,1611704744,1611704745,1611704745,1611704745,1611704754,12,18,9
register_local,0_2,15233.000.000,192.168.1.4,1611706361,1611706367,1611706372,1611706375,1611706375,1611706375,1611706381,6,8,6
mDiffFit,ID0000175,15071.000.000,192.168.1.161,1611705444,1611705460,1611705464,1611705476,1611705476,1611705478,1611705489,16,16,13
clean_up_local_level,6_7,15257.000.000,192.168.1.4,1611706493,1611706498,1611706511,1611706515,1611706515,1611706517,1611706521,5,17,6
clean_up_local_level,1_7,15264.000.000,192.168.1.4,1611706534,1611706534,1611706547,1611706555,1611706555,1611706556,1611706561,0,21,6
mProject,ID0000006,14743.000.000,192.168.1.165,1611702451,1611702453,1611704234,1611704238,1611704238,1611704239,1611704244,2,1785,6
mDiffFit,ID0000435,14921.000.000,192.168.1.168,1611704574,1611704587,1611704590,1611704591,1611704591,1611704594,1611704604,13,4,13
mDiffFit,ID0000198,14793.000.000,192.168.1.166,1611703619,1611703788,1611703790,1611703792,1611703792,1611703792,1611703797,169,4,5
mDiffFit,ID0000357,15031.000.000,192.168.1.166,1611705165,1611705198,1611705208,1611705214,1611705214,1611705216,1611705221,33,16,7
mDiffFit,ID0000239,15011.000.000,192.168.1.165,1611705040,1611705054,1611705070,1611705083,1611705083,1611705086,1611705089,14,29,6
clean_up_local_level,4_7,15258.000.000,192.168.1.4,1611706504,1611706509,1611706523,1611706528,1611706528,1611706528,1611706534,5,19,6
mDiffFit,ID0000078,14956.000.000,192.168.1.165,1611704752,1611704778,1611704785,1611704795,1611704795,1611704798,1611704811,26,17,16
mDiffFit,ID0000285,14825.000.000,192.168.1.169,1611703892,1611704029,1611704036,1611704047,1611704047,1611704049,1611704060,137,18,13
mDiffFit,ID0000241,15019.000.000,192.168.1.169,1611705081,1611705094,1611705099,1611705101,1611705101,1611705101,1611705106,13,7,5
clean_up_local_level,0_11,15293.000.000,192.168.1.4,1611706789,1611706789,1611706798,1611706800,1611706800,1611706801,1611706805,0,11,5
mDiffFit,ID0000397,15040.000.000,192.168.1.164,1611705184,1611705276,1611705284,1611705285,1611705285,1611705286,1611705291,92,9,6
mDiffFit,ID0000018,15183.000.000,192.168.1.165,1611706053,1611706071,1611706076,1611706090,1611706090,1611706090,1611706101,18,19,11
mDiffFit,ID0000261,14852.000.000,192.168.1.164,1611704092,1611704172,1611704190,1611704202,1611704202,1611704203,1611704218,80,30,16
mProject,ID0000158,14788.000.000,192.168.1.161,1611702762,1611704238,1611705320,1611705327,1611705327,1611705327,1611705340,1476,1089,13
mDiffFit,ID0000445,15021.000.000,192.168.1.165,1611705151,1611705227,1611705246,1611705247,1611705247,1611705248,1611705254,76,20,7
register_local,14_1,15148.000.000,192.168.1.4,1611705858,1611705861,1611705867,1611705878,1611705878,1611705881,1611705892,3,17,14
mBackground,ID0000154,15239.000.000,192.168.1.165,1611706395,1611706426,1611706472,1611706478,1611706478,1611706479,1611706486,31,52,8
mDiffFit,ID0000109,15109.000.000,192.168.1.165,1611705621,1611705662,1611705687,1611705699,1611705699,1611705699,1611705709,41,37,10
mDiffFit,ID0000411,14905.000.000,192.168.1.161,1611704460,1611704498,1611704510,1611704526,1611704526,1611704528,1611704539,38,28,13
mDiffFit,ID0000414,14930.000.000,192.168.1.169,1611704613,1611704639,1611704643,1611704656,1611704656,1611704656,1611704667,26,17,11
mDiffFit,ID0000038,14950.000.000,192.168.1.165,1611704728,1611704744,1611704747,1611704754,1611704754,1611704756,1611704767,16,10,13
mDiffFit,ID0000083,14969.000.000,192.168.1.165,1611704820,1611704838,1611704843,1611704850,1611704850,1611704851,1611704862,18,12,12
mDiffFit,ID0000422,14922.000.000,192.168.1.169,1611704578,1611704590,1611704592,1611704604,1611704604,1611704604,1611704615,12,14,11
mDiffFit,ID0000196,14796.000.000,192.168.1.166,1611703787,1611703816,1611703821,1611703823,1611703823,1611703824,1611703829,29,7,6
mProject,ID0000330,14776.000.000,192.168.1.162,1611702748,1611702764,1611704441,1611704451,1611704451,1611704454,1611704465,16,1687,14
register_local,26_1,15107.000.000,192.168.1.4,1611705616,1611705618,1611705623,1611705633,1611705633,1611705634,1611705649,2,15,16
mViewer,ID0000157,15282.000.000,192.168.1.161,1611706676,1611706679,1611706705,1611706708,1611706708,1611706709,1611706714,3,29,6
mDiffFit,ID0000388,15153.000.000,192.168.1.165,1611705875,1611705896,1611705911,1611705921,1611705921,1611705923,1611705935,21,25,14
mDiffFit,ID0000208,14845.000.000,192.168.1.169,1611704046,1611704138,1611704143,1611704150,1611704150,1611704151,1611704162,92,12,12
register_local,4_1,15276.000.000,192.168.1.4,1611706638,1611706638,1611706640,1611706643,1611706643,1611706643,1611706649,0,5,6
mDiffFit,ID0000193,14791.000.000,192.168.1.168,1611703598,1611703610,1611703616,1611703619,1611703619,1611703619,1611703624,12,9,5
mBackground,ID0000457,15195.000.000,192.168.1.165,1611706124,1611706140,1611706173,1611706178,1611706178,1611706180,1611706192,16,38,14
mDiffFit,ID0000244,15012.000.000,192.168.1.168,1611705049,1611705062,1611705067,1611705083,1611705083,1611705084,1611705089,13,21,6
mDiffFit,ID0000352,15162.000.000,192.168.1.165,1611705929,1611705947,1611705951,1611705957,1611705957,1611705958,1611705963,18,10,6
mDiffFit,ID0000134,15208.000.000,192.168.1.161,1611706199,1611706232,1611706254,1611706265,1611706265,1611706266,1611706277,33,33,12
mBackground,ID0000461,15194.000.000,192.168.1.161,1611706121,1611706137,1611706166,1611706167,1611706167,1611706167,1611706178,16,30,11
DAGMAN,,14722.0,,1611702290,,,,,,1611706821,,,
mDiffFit,ID0000054,15055.000.000,192.168.1.168,1611705336,1611705377,1611705382,1611705383,1611705383,1611705385,1611705395,41,6,12
mDiffFit,ID0000361,14865.000.000,192.168.1.161,1611704209,1611704246,1611704249,1611704259,1611704259,1611704262,1611704273,37,13,14
mDiffFit,ID0000202,15000.000.000,192.168.1.169,1611704977,1611705001,1611705004,1611705014,1611705014,1611705014,1611705027,24,13,13
mBackground,ID0000299,15127.000.000,192.168.1.165,1611705742,1611705751,1611705783,1611705795,1611705795,1611705796,1611705812,9,44,17
mDiffFit,ID0000416,14882.000.000,192.168.1.161,1611704323,1611704347,1611704350,1611704361,1611704361,1611704362,1611704373,24,14,12
mDiffFit,ID0000177,15063.000.000,192.168.1.165,1611705389,1611705418,1611705438,1611705450,1611705450,1611705451,1611705464,29,32,14
mDiffFit,ID0000291,14819.000.000,192.168.1.169,1611703876,1611703982,1611703992,1611703998,1611703998,1611703999,1611704010,106,16,12
mDiffFit,ID0000092,14962.000.000,192.168.1.161,1611704777,1611704808,1611704825,1611704839,1611704839,1611704839,1611704850,31,31,11
mDiffFit,ID0000133,14957.000.000,192.168.1.161,1611704753,1611704771,1611704779,1611704782,1611704782,1611704783,1611704795,18,11,13
stage_in_local_local,2_0,14737.000.000,192.168.1.4,1611702328,1611702330,1611702727,1611702730,1611702730,1611702730,1611702735,2,400,5
mProject,ID0000316,14763.000.000,192.168.1.169,1611702723,1611702724,1611704270,1611704273,1611704273,1611704275,1611704280,1,1549,7
register_local,21_1,15187.000.000,192.168.1.4,1611706082,1611706090,1611706096,1611706101,1611706101,1611706103,1611706114,8,11,13
mDiffFit,ID0000400,15038.000.000,192.168.1.169,1611705174,1611705276,1611705300,1611705302,1611705302,1611705303,1611705307,102,26,5
mDiffFit,ID0000131,14959.000.000,192.168.1.165,1611704762,1611704782,1611704799,1611704811,1611704811,1611704811,1611704825,20,29,14
mDiffFit,ID0000276,14824.000.000,192.168.1.164,1611703885,1611704021,1611704037,1611704047,1611704047,1611704050,1611704060,136,26,13
mDiffFit,ID0000408,14901.000.000,192.168.1.161,1611704434,1611704467,1611704509,1611704511,1611704511,1611704513,1611704526,33,44,15
register_local,32_1,15235.000.000,192.168.1.4,1611706380,1611706381,1611706383,1611706386,1611706386,1611706386,1611706396,1,5,10
mDiffFit,ID0000113,14946.000.000,192.168.1.161,1611704703,1611704717,1611704728,1611704729,1611704729,1611704729,1611704745,14,12,16
mDiffFit,ID0000368,14911.000.000,192.168.1.165,1611704503,1611704539,1611704545,1611704551,1611704551,1611704553,1611704568,36,12,17
stage_in_remote_local,2_1,14739.000.000,192.168.1.4,1611702328,1611702330,1611702333,1611702335,1611702335,1611702335,1611702340,2,5,5
register_local,18_1,15178.000.000,192.168.1.4,1611706022,1611706025,1611706035,1611706043,1611706043,1611706044,1611706059,3,18,16
clean_up_local_level,3_7,15261.000.000,192.168.1.4,1611706526,1611706527,1611706538,1611706547,1611706547,1611706548,1611706555,1,20,8
mDiffFit,ID0000217,15018.000.000,192.168.1.165,1611705076,1611705093,1611705095,1611705095,1611705095,1611705096,1611705101,17,2,6
clean_up_local_level,5_3,15020.000.000,192.168.1.4,1611705151,1611705151,1611705162,1611705166,1611705166,1611705166,1611705177,0,15,11
mDiffFit,ID0000423,15154.000.000,192.168.1.166,1611705878,1611705896,1611705910,1611705921,1611705921,1611705923,1611705935,18,25,14
mBackground,ID0000140,15252.000.000,192.168.1.166,1611706439,1611706478,1611706518,1611706521,1611706521,1611706522,1611706528,39,43,7
mDiffFit,ID0000053,15056.000.000,192.168.1.168,1611705338,1611705377,1611705382,1611705383,1611705383,1611705386,1611705395,39,6,12
mDiffFit,ID0000019,15186.000.000,192.168.1.165,1611706073,1611706090,1611706093,1611706101,1611706101,1611706103,1611706114,17,11,13
mDiffFit,ID0000074,14947.000.000,192.168.1.168,1611704712,1611704727,1611704745,1611704754,1611704754,1611704755,1611704767,15,27,13
mDiffFit,ID0000048,15050.000.000,192.168.1.161,1611705326,1611705350,1611705363,1611705383,1611705383,1611705384,1611705395,24,33,12
mDiffFit,ID0000403,15035.000.000,192.168.1.163,1611705171,1611705285,1611705288,1611705291,1611705291,1611705293,1611705297,114,6,6
mDiffFit,ID0000342,14897.000.000,192.168.1.161,1611704408,1611704451,1611704458,1611704465,1611704465,1611704467,1611704478,43,14,13
mProject,ID0000173,14783.000.000,192.168.1.166,1611702755,1611703822,1611704951,1611704952,1611704952,1611704954,1611704958,1067,1130,6
mBackground,ID0000458,15205.000.000,192.168.1.165,1611706174,1611706194,1611706242,1611706254,1611706254,1611706254,1611706265,20,60,11
mBackground,ID0000151,15253.000.000,192.168.1.166,1611706449,1611706478,1611706517,1611706521,1611706521,1611706521,1611706528,29,43,7
mDiffFit,ID0000236,14820.000.000,192.168.1.169,1611703884,1611703982,1611703986,1611703991,1611703991,1611703994,1611703998,98,9,7
mDiffFit,ID0000232,14807.000.000,192.168.1.169,1611703846,1611703911,1611703923,1611703933,1611703933,1611703934,1611703944,65,22,11
mDiffFit,ID0000029,15166.000.000,192.168.1.165,1611705969,1611705988,1611705990,1611705999,1611705999,1611706000,1611706014,19,11,15
clean_up_local_level,5_7,15260.000.000,192.168.1.4,1611706521,1611706522,1611706532,1611706534,1611706534,1611706535,1611706547,1,12,13
clean_up_local_level,0_9,15280.000.000,192.168.1.4,1611706675,1611706675,1611706693,1611706695,1611706695,1611706695,1611706700,0,20,5
mDiffFit,ID0000253,14792.000.000,192.168.1.166,1611703618,1611703777,1611703783,1611703787,1611703787,1611703787,1611703792,159,10,5
mDiffFit,ID0000039,15115.000.000,192.168.1.165,1611705667,1611705687,1611705691,1611705699,1611705699,1611705700,1611705709,20,12,10
mDiffFit,ID0000402,15036.000.000,192.168.1.163,1611705173,1611705285,1611705289,1611705291,1611705291,1611705294,1611705297,112,6,6
mDiffFit,ID0000431,14913.000.000,192.168.1.161,1611704518,1611704548,1611704554,1611704568,1611704568,1611704569,1611704580,30,20,12
mDiffFit,ID0000118,15122.000.000,192.168.1.165,1611705704,1611705722,1611705727,1611705727,1611705727,1611705728,1611705732,18,5,5
mDiffFit,ID0000257,14998.000.000,192.168.1.165,1611704965,1611704990,1611704994,1611705003,1611705003,1611705004,1611705014,25,13,11
mDiffFit,ID0000429,15159.000.000,192.168.1.161,1611705905,1611705923,1611705934,1611705935,1611705935,1611705936,1611705943,18,12,8
mDiffFit,ID0000438,15027.000.000,192.168.1.161,1611705158,1611705221,1611705237,1611705241,1611705241,1611705242,1611705247,63,20,6
mDiffFit,ID0000076,14937.000.000,192.168.1.168,1611704655,1611704672,1611704677,1611704679,1611704679,1611704682,1611704691,17,7,12
mDiffFit,ID0000382,15093.000.000,192.168.1.165,1611705542,1611705574,1611705582,1611705583,1611705583,1611705585,1611705595,32,9,12
mDiffFit,ID0000028,15185.000.000,192.168.1.165,1611706067,1611706089,1611706093,1611706101,1611706101,1611706102,1611706114,22,12,13
mDiffFit,ID0000367,14889.000.000,192.168.1.165,1611704372,1611704385,1611704388,1611704398,1611704398,1611704401,1611704411,13,13,13
mDiffFit,ID0000427,15145.000.000,192.168.1.161,1611705821,1611705851,1611705866,1611705866,1611705866,1611705867,1611705878,30,15,12
stage_out_local_local,0_6,15281.000.000,192.168.1.4,1611706675,1611706676,1611706696,1611706700,1611706700,1611706701,1611706707,1,24,7
mDiffFit,ID0000442,15030.000.000,192.168.1.166,1611705164,1611705236,1611705241,1611705247,1611705247,1611705247,1611705254,72,11,7
mDiffFit,ID0000035,14869.000.000,192.168.1.169,1611704253,1611704272,1611704287,1611704293,1611704293,1611704294,1611704299,19,21,6
mDiffFit,ID0000450,14925.000.000,192.168.1.168,1611704590,1611704602,1611704618,1611704630,1611704630,1611704631,1611704643,12,28,13
mDiffFit,ID0000370,15023.000.000,192.168.1.165,1611705152,1611705229,1611705240,1611705241,1611705241,1611705244,1611705247,77,12,6
mDiffFit,ID0000354,14891.000.000,192.168.1.161,1611704381,1611704407,1611704414,1611704423,1611704423,1611704425,1611704437,26,16,14
mAdd,ID0000313,15170.000.000,192.168.1.161,1611705977,1611706076,1611706123,1611706126,1611706126,1611706127,1611706141,99,50,15
register_local,9_1,15226.000.000,192.168.1.4,1611706308,1611706314,1611706320,1611706321,1611706321,1611706321,1611706326,6,7,5
mDiffFit,ID0000390,14885.000.000,192.168.1.169,1611704348,1611704361,1611704363,1611704373,1611704373,1611704373,1611704384,13,12,11
mDiffFit,ID0000353,14877.000.000,192.168.1.161,1611704292,1611704315,1611704320,1611704326,1611704326,1611704330,1611704332,23,11,6
mDiffFit,ID0000399,15039.000.000,192.168.1.169,1611705176,1611705276,1611705303,1611705307,1611705307,1611705308,1611705313,100,31,6
mDiffFit,ID0000363,14907.000.000,192.168.1.169,1611704473,1611704512,1611704529,1611704539,1611704539,1611704540,1611704551,39,27,12
mDiffFit,ID0000082,14940.000.000,192.168.1.161,1611704665,1611704688,1611704701,1611704705,1611704705,1611704708,1611704717,23,17,12
mDiffFit,ID0000226,14815.000.000,192.168.1.169,1611703874,1611703966,1611703968,1611703971,1611703971,1611703974,1611703978,92,5,7
mDiffFit,ID0000218,14813.000.000,192.168.1.164,1611703865,1611703944,1611703950,1611703955,1611703955,1611703955,1611703960,79,11,5
mDiffFit,ID0000115,14951.000.000,192.168.1.165,1611704728,1611704744,1611704748,1611704754,1611704754,1611704757,1611704767,16,10,13
mDiffFit,ID0000228,15007.000.000,192.168.1.169,1611705020,1611705037,1611705052,1611705054,1611705054,1611705055,1611705066,17,17,12
mDiffFit,ID0000338,15156.000.000,192.168.1.165,1611705891,1611705918,1611705924,1611705935,1611705935,1611705935,1611705943,27,17,8
mDiffFit,ID0000033,14977.000.000,192.168.1.165,1611704859,1611704880,1611704889,1611704889,1611704889,1611704893,1611704902,21,9,13
mBackground,ID0000297,15130.000.000,192.168.1.161,1611705743,1611705753,1611705794,1611705795,1611705795,1611705798,1611705812,10,42,17
stage_in_remote_local,0_7,14728.000.000,192.168.1.4,1611702311,1611702315,1611702317,1611702322,1611702322,1611702322,1611702328,4,7,6
mDiffFit,ID0000412,15032.000.000,192.168.1.166,1611705165,1611705229,1611705238,1611705241,1611705241,1611705243,1611705247,64,12,6
mProject,ID0000003,14780.000.000,192.168.1.168,1611702749,1611703587,1611705312,1611705313,1611705313,1611705314,1611705319,838,1726,6
mDiffFit,ID0000340,14898.000.000,192.168.1.161,1611704411,1611704451,1611704459,1611704465,1611704465,1611704468,1611704478,40,14,13
register_local,1_4,15267.000.000,192.168.1.4,1611706545,1611706548,1611706555,1611706561,1611706561,1611706562,1611706567,3,13,6
clean_up_local_level,4_3,14919.000.000,192.168.1.4,1611704559,1611704563,1611704577,1611704580,1611704580,1611704584,1611704591,4,17,11
mDiffFit,ID0000199,14803.000.000,192.168.1.169,1611703840,1611703886,1611703889,1611703893,1611703893,1611703895,1611703899,46,7,6
register_local,0_7,15294.000.000,192.168.1.4,1611706789,1611706796,1611706798,1611706800,1611706800,1611706801,1611706805,7,4,5
mBackground,ID0000152,15251.000.000,192.168.1.161,1611706436,1611706450,1611706510,1611706515,1611706515,1611706517,1611706521,14,65,6
mDiffFit,ID0000190,14812.000.000,192.168.1.164,1611703863,1611703934,1611703935,1611703944,1611703944,1611703945,1611703950,71,10,6
mDiffFit,ID0000344,14895.000.000,192.168.1.165,1611704397,1611704424,1611704436,1611704451,1611704451,1611704453,1611704465,27,27,14
mDiffFit,ID0000437,14888.000.000,192.168.1.169,1611704368,1611704387,1611704388,1611704398,1611704398,1611704403,1611704411,19,11,13
mDiffFit,ID0000062,14981.000.000,192.168.1.169,1611704872,1611704889,1611704903,1611704914,1611704914,1611704915,1611704929,17,25,15
mDiffFit,ID0000107,15222.000.000,192.168.1.165,1611706276,1611706291,1611706296,1611706301,1611706301,1611706304,1611706309,15,10,8
register_local,30_1,15171.000.000,192.168.1.4,1611705980,1611705984,1611705992,1611705999,1611705999,1611706001,1611706014,4,15,15
mDiffFit,ID0000205,15015.000.000,192.168.1.168,1611705062,1611705083,1611705095,1611705095,1611705095,1611705096,1611705101,21,12,6
mBackground,ID0000141,15250.000.000,192.168.1.165,1611706433,1611706456,1611706506,1611706515,1611706515,1611706516,1611706521,23,59,6
mBackground,ID0000455,15199.000.000,192.168.1.168,1611706138,1611706159,1611706218,1611706223,1611706223,1611706226,1611706240,21,64,17
mDiffFit,ID0000271,14834.000.000,192.168.1.164,1611703944,1611704061,1611704065,1611704072,1611704072,1611704073,1611704084,117,11,12
mProject,ID0000012,14778.000.000,192.168.1.162,1611702749,1611702764,1611704627,1611704630,1611704630,1611704634,1611704643,15,1866,13
mDiffFit,ID0000376,15092.000.000,192.168.1.161,1611705541,1611705567,1611705585,1611705595,1611705595,1611705599,1611705610,26,28,15
mDiffFit,ID0000022,15177.000.000,192.168.1.165,1611706012,1611706039,1611706045,1611706059,1611706059,1611706060,1611706076,27,20,17
register_local,1_1,15288.000.000,192.168.1.4,1611706740,1611706741,1611706743,1611706746,1611706746,1611706746,1611706751,1,5,5
mProject,ID0000163,14784.000.000,192.168.1.166,1611702755,1611703827,1611705001,1611705003,1611705003,1611705005,1611705014,1072,1176,11
mProject,ID0000013,14768.000.000,192.168.1.164,1611702730,1611702746,1611704524,1611704526,1611704526,1611704531,1611704539,16,1780,13
mDiffFit,ID0000189,14842.000.000,192.168.1.165,1611704033,1611704102,1611704135,1611704138,1611704138,1611704139,1611704144,69,36,6
mDiffFit,ID0000446,14860.000.000,192.168.1.162,1611704157,1611704218,1611704223,1611704224,1611704224,1611704225,1611704232,61,6,8
mDiffFit,ID0000425,15161.000.000,192.168.1.165,1611705919,1611705937,1611705948,1611705951,1611705951,1611705952,1611705957,18,14,6
clean_up_local_level,3_3,14884.000.000,192.168.1.4,1611704340,1611704344,1611704358,1611704361,1611704361,1611704363,1611704373,4,17,12
register_local,11_1,15164.000.000,192.168.1.4,1611705941,1611705947,1611705956,1611705957,1611705957,1611705958,1611705963,6,10,6
clean_up_local_level,7_7,15262.000.000,192.168.1.4,1611706527,1611706527,1611706539,1611706547,1611706547,1611706548,1611706555,0,20,8
mBackground,ID0000310,15128.000.000,192.168.1.161,1611705742,1611705753,1611705795,1611705812,1611705812,1611705813,1611705830,11,59,18
mDiffFit,ID0000057,15220.000.000,192.168.1.161,1611706264,1611706288,1611706294,1611706301,1611706301,1611706302,1611706309,24,13,8
mDiffFit,ID0000124,14932.000.000,192.168.1.165,1611704627,1611704647,1611704669,1611704679,1611704679,1611704680,1611704691,20,32,12
mDiffFit,ID0000243,15077.000.000,192.168.1.161,1611705474,1611705488,1611705503,1611705516,1611705516,1611705517,1611705533,14,28,17
mBackground,ID0000311,15135.000.000,192.168.1.168,1611705759,1611705787,1611705851,1611705866,1611705866,1611705866,1611705878,28,79,12
mDiffFit,ID0000227,15005.000.000,192.168.1.165,1611705013,1611705029,1611705034,1611705042,1611705042,1611705044,1611705054,16,13,12
mDiffFit,ID0000385,15041.000.000,192.168.1.164,1611705187,1611705276,1611705300,1611705302,1611705302,1611705302,1611705307,89,26,5
register_local,19_1,15223.000.000,192.168.1.4,1611706287,1611706290,1611706297,1611706301,1611706301,1611706304,1611706309,3,11,8
mDiffFit,ID0000418,14909.000.000,192.168.1.165,1611704485,1611704533,1611704553,1611704568,1611704568,1611704569,1611704580,48,35,12
mDiffFit,ID0000104,14991.000.000,192.168.1.161,1611704925,1611704941,1611704952,1611704958,1611704958,1611704958,1611704965,16,17,7
mDiffFit,ID0000209,14836.000.000,192.168.1.161,1611704005,1611704094,1611704099,1611704109,1611704109,1611704110,1611704121,89,15,12
register_local,13_1,15143.000.000,192.168.1.4,1611705808,1611705812,1611705821,1611705830,1611705830,1611705832,1611705851,4,18,21
mDiffFit,ID0000184,15068.000.000,192.168.1.168,1611705419,1611705442,1611705448,1611705450,1611705450,1611705453,1611705464,23,8,14
mDiffFit,ID0000093,14953.000.000,192.168.1.161,1611704738,1611704751,1611704752,1611704754,1611704754,1611704759,1611704767,13,3,13
mDiffFit,ID0000279,15083.000.000,192.168.1.165,1611705500,1611705516,1611705533,1611705533,1611705533,1611705534,1611705542,16,17,9
mDiffFit,ID0000123,14955.000.000,192.168.1.169,1611704752,1611704768,1611704773,1611704782,1611704782,1611704783,1611704795,16,14,13
mDiffFit,ID0000219,14855.000.000,192.168.1.161,1611704105,1611704206,1611704227,1611704232,1611704232,1611704234,1611704238,101,26,6
mDiffFit,ID0000260,15088.000.000,192.168.1.165,1611705530,1611705539,1611705556,1611705568,1611705568,1611705570,1611705583,9,29,15
mDiffFit,ID0000215,15002.000.000,192.168.1.165,1611704997,1611705008,1611705012,1611705014,1611705014,1611705015,1611705027,11,6,13
register_local,8_1,15255.000.000,192.168.1.4,1611706461,1611706467,1611706475,1611706478,1611706478,1611706480,1611706486,6,11,8
mDiffFit,ID0000225,14826.000.000,192.168.1.161,1611703892,1611704031,1611704035,1611704047,1611704047,1611704048,1611704060,139,16,13
mDiffFit,ID0000364,14879.000.000,192.168.1.162,1611704311,1611704334,1611704347,1611704348,1611704348,1611704351,1611704361,23,14,13
mDiffFit,ID0000380,15104.000.000,192.168.1.161,1611705606,1611705663,1611705675,1611705685,1611705685,1611705687,1611705699,57,22,14
mDiffFit,ID0000266,14829.000.000,192.168.1.169,1611703931,1611704035,1611704067,1611704072,1611704072,1611704074,1611704084,104,37,12
register_local,34_1,15285.000.000,192.168.1.4,1611706706,1611706710,1611706712,1611706714,1611706714,1611706714,1611706719,4,4,5
mDiffFit,ID0000032,15054.000.000,192.168.1.165,1611705336,1611705381,1611705401,1611705408,1611705408,1611705410,1611705422,45,27,14
mAdd,ID0000470,15229.000.000,192.168.1.161,1611706332,1611706371,1611706394,1611706396,1611706396,1611706396,1611706403,39,25,7
mProject,ID0000320,14779.000.000,192.168.1.165,1611702749,1611703573,1611705138,1611705141,1611705141,1611705142,1611705146,824,1568,5
mDiffFit,ID0000421,14880.000.000,192.168.1.169,1611704319,1611704341,1611704347,1611704348,1611704348,1611704351,1611704361,22,7,13
mDiffFit,ID0000237,14806.000.000,192.168.1.169,1611703846,1611703905,1611703910,1611703914,1611703914,1611703915,1611703920,59,9,6
register_local,2_4,15273.000.000,192.168.1.4,1611706593,1611706593,1611706596,1611706598,1611706598,1611706599,1611706606,0,5,8
mProject,ID0000323,14790.000.000,192.168.1.169,1611702762,1611704245,1611705790,1611705795,1611705795,1611705797,1611705812,1483,1550,17
mDiffFit,ID0000058,15052.000.000,192.168.1.165,1611705327,1611705381,1611705388,1611705395,1611705395,1611705400,1611705408,54,14,13
clean_up_local_level,8_7,15157.000.000,192.168.1.4,1611705899,1611705901,1611705915,1611705921,1611705921,1611705925,1611705935,2,20,14
register_local,16_1,15126.000.000,192.168.1.4,1611705732,1611705733,1611705735,1611705737,1611705737,1611705737,1611705743,1,4,6
mDiffFit,ID0000072,14945.000.000,192.168.1.165,1611704699,1611704717,1611704722,1611704729,1611704729,1611704729,1611704745,18,12,16
mProject,ID0000328,14781.000.000,192.168.1.168,1611702755,1611703617,1611705137,1611705141,1611705141,1611705141,1611705146,862,1524,5
mDiffFit,ID0000130,14988.000.000,192.168.1.165,1611704912,1611704924,1611704943,1611704946,1611704946,1611704947,1611704952,12,22,6
mDiffFit,ID0000094,15118.000.000,192.168.1.161,1611705682,1611705697,1611705711,1611705721,1611705721,1611705722,1611705727,15,24,6
mDiffFit,ID0000116,15114.000.000,192.168.1.165,1611705657,1611705678,1611705697,1611705699,1611705699,1611705702,1611705709,21,21,10
mDiffFit,ID0000059,14974.000.000,192.168.1.168,1611704848,1611704857,1611704860,1611704862,1611704862,1611704866,1611704876,9,5,14
clean_up_local_level,0_4,15228.000.000,192.168.1.4,1611706332,1611706332,1611706341,1611706347,1611706347,1611706347,1611706352,0,15,5
mDiffFit,ID0000181,15075.000.000,192.168.1.168,1611705461,1611705474,1611705477,1611705489,1611705489,1611705490,1611705502,13,15,13
mDiffFit,ID0000079,14935.000.000,192.168.1.165,1611704642,1611704665,1611704671,1611704679,1611704679,1611704681,1611704691,23,14,12
mDiffFit,ID0000362,15042.000.000,192.168.1.164,1611705189,1611705276,1611705296,1611705297,1611705297,1611705297,1611705302,87,21,5
mDiffFit,ID0000197,15084.000.000,192.168.1.165,1611705508,1611705520,1611705529,1611705533,1611705533,1611705533,1611705542,12,13,9
mDiffFit,ID0000409,14900.000.000,192.168.1.165,1611704431,1611704463,1611704498,1611704511,1611704511,1611704512,1611704526,32,48,15
register_local,23_1,15046.000.000,192.168.1.4,1611705253,1611705256,1611705264,1611705266,1611705266,1611705268,1611705273,3,10,7
mDiffFit,ID0000432,14862.000.000,192.168.1.169,1611704170,1611704229,1611704247,1611704259,1611704259,1611704261,1611704273,59,30,14
mDiffFit,ID0000086,14868.000.000,192.168.1.161,1611704251,1611704261,1611704273,1611704280,1611704280,1611704281,1611704293,10,19,13
mDiffFit,ID0000272,15006.000.000,192.168.1.165,1611705013,1611705033,1611705039,1611705042,1611705042,1611705044,1611705054,20,9,12
mDiffFit,ID0000259,14848.000.000,192.168.1.164,1611704060,1611704135,1611704141,1611704144,1611704144,1611704145,1611704150,75,9,6
mDiffFit,ID0000433,15026.000.000,192.168.1.168,1611705158,1611705206,1611705227,1611705234,1611705234,1611705236,1611705241,48,28,7
mImgtbl,ID0000312,15158.000.000,192.168.1.161,1611705902,1611705957,1611705960,1611705963,1611705963,1611705963,1611705970,55,6,7
mDiffFit,ID0000270,14835.000.000,192.168.1.162,1611703949,1611704072,1611704098,1611704109,1611704109,1611704110,1611704121,123,37,12
mDiffFit,ID0000034,14938.000.000,192.168.1.169,1611704661,1611704681,1611704694,1611704705,1611704705,1611704706,1611704717,20,24,12
mDiffFit,ID0000289,14801.000.000,192.168.1.169,1611703839,1611703877,1611703879,1611703885,1611703885,1611703887,1611703893,38,8,8
clean_up_local_level,0_3,15181.000.000,192.168.1.4,1611706042,1611706049,1611706064,1611706076,1611706076,1611706076,1611706090,7,27,14
mDiffFit,ID0000269,14827.000.000,192.168.1.162,1611703926,1611704031,1611704052,1611704060,1611704060,1611704061,1611704072,105,29,12
mProject,ID0000002,14748.000.000,192.168.1.168,1611702458,1611702474,1611704211,1611704218,1611704218,1611704219,1611704224,16,1744,6
mDiffFit,ID0000290,15001.000.000,192.168.1.168,1611704986,1611705003,1611705007,1611705014,1611705014,1611705015,1611705027,17,11,13
mDiffFit,ID0000102,15121.000.000,192.168.1.165,1611705704,1611705721,1611705724,1611705727,1611705727,1611705728,1611705732,17,6,5
register_local,24_1,14973.000.000,192.168.1.4,1611704846,1611704850,1611704855,1611704862,1611704862,1611704865,1611704876,4,12,14
mDiffFit,ID0000049,15049.000.000,192.168.1.161,1611705325,1611705335,1611705344,1611705352,1611705352,1611705352,1611705363,10,17,11
clean_up_local_level,8_3,15144.000.000,192.168.1.4,1611705819,1611705827,1611705841,1611705851,1611705851,1611705852,1611705866,8,24,15
mConcatFit,ID0000294,15108.000.000,192.168.1.165,1611705618,1611705678,1611705692,1611705699,1611705699,1611705700,1611705709,60,21,10
mDiffFit,ID0000242,15010.000.000,192.168.1.165,1611705035,1611705052,1611705068,1611705083,1611705083,1611705085,1611705089,17,31,6
mProject,ID0000008,14764.000.000,192.168.1.169,1611702723,1611702745,1611704531,1611704539,1611704539,1611704540,1611704551,22,1794,12
mDiffFit,ID0000372,14927.000.000,192.168.1.165,1611704602,1611704621,1611704627,1611704630,1611704630,1611704634,1611704643,19,9,13
mDiffFit,ID0000233,15076.000.000,192.168.1.161,1611705471,1611705485,1611705489,1611705502,1611705502,1611705502,1611705516,14,17,14
cleanup_montage,local_0,15295.000.000,192.168.1.4,1611706810,1611706811,1611706814,1611706815,1611706815,1611706816,1611706821,1,4,6
mDiffFit,ID0000030,15210.000.000,192.168.1.165,1611706212,1611706244,1611706253,1611706254,1611706254,1611706254,1611706265,32,10,11
mBackground,ID0000459,15204.000.000,192.168.1.161,1611706166,1611706178,1611706217,1611706223,1611706223,1611706225,1611706240,12,45,17
mDiffFit,ID0000359,14929.000.000,192.168.1.168,1611704610,1611704631,1611704635,1611704643,1611704643,1611704645,1611704656,21,12,13
stage_in_remote_local,0_6,14729.000.000,192.168.1.4,1611702316,1611702319,1611702323,1611702328,1611702328,1611702329,1611702335,3,9,7
mBackground,ID0000143,15240.000.000,192.168.1.165,1611706396,1611706426,1611706481,1611706486,1611706486,1611706487,1611706495,30,60,9
clean_up_local_level,1_3,15096.000.000,192.168.1.4,1611705561,1611705565,1611705579,1611705583,1611705583,1611705585,1611705595,4,18,12
mBackground,ID0000454,15203.000.000,192.168.1.168,1611706164,1611706189,1611706237,1611706240,1611706240,1611706242,1611706254,25,51,14
mDiffFit,ID0000234,14809.000.000,192.168.1.164,1611703846,1611703922,1611703923,1611703933,1611703933,1611703935,1611703944,76,11,11
