Job,ID,DagmanID,Node IP,SUBMIT,EXECUTE,JOB_TERMINATED,JOB_SUCCESS,POST_SCRIPT_STARTED,POST_SCRIPT_TERMINATED,POST_SCRIPT_SUCCESS,wait_time,exec_time,ps_time
mDiffFit,ID0000181,15411.000.000,192.168.1.167,1611709078,1611709140,1611709144,1611709155,1611709155,1611709157,1611709170,62,15,15
mProject,ID0000173,15319.000.000,192.168.1.165,1611707749,1611707769,1611708845,1611708846,1611708846,1611708846,1611708851,20,1077,5
mProject,ID0000163,15320.000.000,192.168.1.165,1611707749,1611707769,1611708910,1611708918,1611708918,1611708919,1611708931,20,1149,13
mDiffFit,ID0000229,15402.000.000,192.168.1.167,1611709043,1611709104,1611709107,1611709118,1611709118,1611709119,1611709131,61,14,13
mDiffFit,ID0000273,15390.000.000,192.168.1.166,1611709004,1611709032,1611709052,1611709057,1611709057,1611709058,1611709069,28,25,12
mDiffFit,ID0000346,15449.000.000,192.168.1.167,1611709359,1611709373,1611709393,1611709403,1611709403,1611709406,1611709420,14,30,17
mBackground,ID0000296,15698.000.000,192.168.1.165,1611710752,1611710767,1611710819,1611710831,1611710831,1611710832,1611710846,15,64,15
mDiffFit,ID0000361,15474.000.000,192.168.1.161,1611709504,1611709596,1611709609,1611709618,1611709618,1611709622,1611709635,92,22,17
mDiffFit,ID0000377,15461.000.000,192.168.1.166,1611709429,1611709467,1611709471,1611709479,1611709479,1611709480,1611709493,38,12,14
clean_up_local_level,6_7,15830.000.000,192.168.1.4,1611711562,1611711566,1611711578,1611711580,1611711580,1611711581,1611711594,4,14,14
mDiffFit,ID0000269,15635.000.000,192.168.1.168,1611710430,1611710460,1611710489,1611710499,1611710499,1611710500,1611710513,30,39,14
mDiffFit,ID0000420,15491.000.000,192.168.1.166,1611709611,1611709696,1611709713,1611709723,1611709723,1611709724,1611709738,85,27,15
mDiffFit,ID0000105,15583.000.000,192.168.1.165,1611710177,1611710195,1611710198,1611710208,1611710208,1611710209,1611710221,18,13,13
mDiffFit,ID0000379,15517.000.000,192.168.1.166,1611709758,1611709836,1611709847,1611709856,1611709856,1611709858,1611709869,78,20,13
mDiffFit,ID0000448,15481.000.000,192.168.1.161,1611709548,1611709635,1611709670,1611709682,1611709682,1611709685,1611709696,87,47,14
mDiffFit,ID0000049,15740.000.000,192.168.1.165,1611710986,1611711047,1611711088,1611711096,1611711096,1611711100,1611711109,61,49,13
mProject,ID0000162,15340.000.000,192.168.1.169,1611707786,1611707791,1611708890,1611708894,1611708894,1611708896,1611708901,5,1103,7
mDiffFit,ID0000267,15412.000.000,192.168.1.167,1611709081,1611709153,1611709159,1611709170,1611709170,1611709171,1611709184,72,17,14
mDiffFit,ID0000132,15571.000.000,192.168.1.161,1611710094,1611710130,1611710136,1611710145,1611710145,1611710147,1611710158,36,15,13
mProject,ID0000008,15329.000.000,192.168.1.166,1611707762,1611707774,1611709630,1611709635,1611709635,1611709637,1611709651,12,1861,16
mDiffFit,ID0000284,15632.000.000,192.168.1.165,1611710417,1611710429,1611710435,1611710447,1611710447,1611710448,1611710460,12,18,13
mDiffFit,ID0000352,15464.000.000,192.168.1.161,1611709445,1611709476,1611709483,1611709493,1611709493,1611709497,1611709509,31,17,16
clean_up_local_level,0_3,15693.000.000,192.168.1.4,1611710729,1611710739,1611710753,1611710756,1611710756,1611710758,1611710770,10,17,14
mDiffFit,ID0000428,15480.000.000,192.168.1.170,1611709537,1611709654,1611709685,1611709696,1611709696,1611709699,1611709711,117,42,15
mDiffFit,ID0000223,15442.000.000,192.168.1.167,1611709192,1611709336,1611709349,1611709350,1611709350,1611709353,1611709360,144,14,10
mDiffFit,ID0000209,15636.000.000,192.168.1.165,1611710431,1611710460,1611710469,1611710472,1611710472,1611710474,1611710484,29,12,12
mDiffFit,ID0000293,15372.000.000,192.168.1.166,1611708910,1611708934,1611708947,1611708959,1611708959,1611708960,1611708971,24,25,12
stage_in_remote_local,0_1,15299.000.000,192.168.1.4,1611707594,1611707599,1611707601,1611707606,1611707606,1611707606,1611707611,5,7,5
clean_up_local_level,1_7,15836.000.000,192.168.1.4,1611711586,1611711594,1611711608,1611711610,1611711610,1611711611,1611711615,8,16,5
clean_up_local_level,8_7,15726.000.000,192.168.1.4,1611710920,1611710922,1611710936,1611710941,1611710941,1611710942,1611710954,2,19,13
register_local,20_1,15773.000.000,192.168.1.4,1611711173,1611711176,1611711185,1611711194,1611711194,1611711196,1611711211,3,18,17
mDiffFit,ID0000078,15593.000.000,192.168.1.165,1611710228,1611710249,1611710252,1611710258,1611710258,1611710260,1611710271,21,9,13
mBackground,ID0000300,15703.000.000,192.168.1.161,1611710766,1611710814,1611710890,1611710900,1611710900,1611710901,1611710913,48,86,13
mDiffFit,ID0000019,15595.000.000,192.168.1.168,1611710242,1611710256,1611710261,1611710271,1611710271,1611710272,1611710283,14,15,12
mDiffFit,ID0000242,15397.000.000,192.168.1.167,1611709033,1611709068,1611709086,1611709093,1611709093,1611709094,1611709106,35,25,13
mDiffFit,ID0000028,15566.000.000,192.168.1.166,1611710060,1611710105,1611710117,1611710131,1611710131,1611710134,1611710145,45,26,14
mProject,ID0000316,15328.000.000,192.168.1.161,1611707762,1611707774,1611709292,1611709295,1611709295,1611709298,1611709301,12,1521,6
mDiffFit,ID0000363,15470.000.000,192.168.1.165,1611709486,1611709523,1611709584,1611709591,1611709591,1611709595,1611709603,37,68,12
mProject,ID0000015,15325.000.000,192.168.1.161,1611707756,1611707772,1611709605,1611709617,1611709617,1611709620,1611709635,16,1845,18
mDiffFit,ID0000070,15619.000.000,192.168.1.168,1611710355,1611710370,1611710372,1611710382,1611710382,1611710384,1611710396,15,12,14
mProject,ID0000168,15323.000.000,192.168.1.168,1611707756,1611707771,1611708864,1611708867,1611708867,1611708868,1611708877,15,1096,10
mDiffFit,ID0000175,15647.000.000,192.168.1.161,1611710496,1611710516,1611710518,1611710524,1611710524,1611710526,1611710537,20,8,13
mDiffFit,ID0000039,15546.000.000,192.168.1.170,1611709934,1611710011,1611710018,1611710023,1611710023,1611710026,1611710035,77,12,12
mDiffFit,ID0000179,15405.000.000,192.168.1.170,1611709055,1611709109,1611709112,1611709118,1611709118,1611709120,1611709131,54,9,13
mProject,ID0000318,15318.000.000,192.168.1.165,1611707748,1611707750,1611709346,1611709350,1611709350,1611709351,1611709360,2,1600,10
mBackground,ID0000306,15705.000.000,192.168.1.161,1611710777,1611710818,1611710892,1611710900,1611710900,1611710903,1611710913,41,82,13
stage_in_remote_local,1_0,15308.000.000,192.168.1.4,1611707606,1611707606,1611707609,1611707611,1611707611,1611707612,1611707618,0,5,7
mDiffFit,ID0000211,15644.000.000,192.168.1.168,1611710479,1611710505,1611710516,1611710524,1611710524,1611710525,1611710537,26,19,13
mDiffFit,ID0000240,15660.000.000,192.168.1.165,1611710560,1611710584,1611710594,1611710600,1611710600,1611710601,1611710614,24,16,14
mDiffFit,ID0000196,15427.000.000,192.168.1.167,1611709138,1611709234,1611709239,1611709243,1611709243,1611709244,1611709249,96,9,6
mProject,ID0000317,15337.000.000,192.168.1.169,1611707780,1611707791,1611709323,1611709329,1611709329,1611709330,1611709335,11,1538,6
mViewer,ID0000157,15851.000.000,192.168.1.161,1611711699,1611711702,1611711728,1611711732,1611711732,1611711732,1611711737,3,30,5
mAdd,ID0000156,15843.000.000,192.168.1.161,1611711621,1611711661,1611711684,1611711688,1611711688,1611711688,1611711693,40,27,5
mDiffFit,ID0000222,15369.000.000,192.168.1.165,1611708901,1611708934,1611708937,1611708945,1611708945,1611708946,1611708959,33,11,14
register_local,9_1,15631.000.000,192.168.1.4,1611710415,1611710420,1611710423,1611710433,1611710433,1611710436,1611710447,5,13,14
register_local,10_1,15620.000.000,192.168.1.4,1611710364,1611710369,1611710374,1611710382,1611710382,1611710385,1611710396,5,13,14
mDiffFit,ID0000373,15473.000.000,192.168.1.166,1611709501,1611709591,1611709596,1611709603,1611709603,1611709605,1611709617,90,12,14
mDiffFit,ID0000182,15391.000.000,192.168.1.166,1611709005,1611709048,1611709051,1611709057,1611709057,1611709058,1611709069,43,9,12
mBackground,ID0000147,15816.000.000,192.168.1.161,1611711435,1611711488,1611711559,1611711568,1611711568,1611711568,1611711573,53,80,5
mDiffFit,ID0000127,15794.000.000,192.168.1.166,1611711317,1611711335,1611711340,1611711344,1611711344,1611711345,1611711353,18,9,9
mDiffFit,ID0000334,15526.000.000,192.168.1.170,1611709815,1611709899,1611709931,1611709941,1611709941,1611709942,1611709955,84,42,14
clean_up_local_level,0_10,15859.000.000,192.168.1.4,1611711784,1611711785,1611711799,1611711800,1611711800,1611711800,1611711805,1,15,5
register_local,0_6,15855.000.000,192.168.1.4,1611711742,1611711742,1611711744,1611711747,1611711747,1611711748,1611711752,0,5,5
mBackground,ID0000298,15696.000.000,192.168.1.165,1611710742,1611710751,1611710789,1611710798,1611710798,1611710802,1611710814,9,47,16
mDiffFit,ID0000272,15418.000.000,192.168.1.167,1611709100,1611709178,1611709182,1611709184,1611709184,1611709185,1611709194,78,6,10
mDiffFit,ID0000247,15396.000.000,192.168.1.166,1611709032,1611709069,1611709072,1611709082,1611709082,1611709085,1611709093,37,13,11
mDiffFit,ID0000416,15499.000.000,192.168.1.163,1611709658,1611709735,1611709744,1611709751,1611709751,1611709752,1611709763,77,16,12
register_local,0_4,15837.000.000,192.168.1.4,1611711589,1611711594,1611711601,1611711605,1611711605,1611711606,1611711610,5,11,5
mDiffFit,ID0000355,15458.000.000,192.168.1.165,1611709415,1611709443,1611709452,1611709465,1611709465,1611709467,1611709479,28,22,14
mDiffFit,ID0000226,15375.000.000,192.168.1.170,1611708939,1611708953,1611708955,1611708959,1611708959,1611708962,1611708971,14,6,12
mDiffFit,ID0000063,15605.000.000,192.168.1.170,1611710292,1611710308,1611710311,1611710319,1611710319,1611710319,1611710331,16,11,12
mDiffFit,ID0000045,15613.000.000,192.168.1.165,1611710327,1611710348,1611710352,1611710357,1611710357,1611710359,1611710370,21,9,13
register_local,33_1,15865.000.000,192.168.1.4,1611711821,1611711821,1611711824,1611711827,1611711827,1611711827,1611711832,0,6,5
mDiffFit,ID0000382,15450.000.000,192.168.1.166,1611709367,1611709390,1611709400,1611709403,1611709403,1611709408,1611709420,23,13,17
mDiffFit,ID0000433,15502.000.000,192.168.1.165,1611709674,1611709747,1611709781,1611709789,1611709789,1611709792,1611709803,73,42,14
register_local,29_1,15798.000.000,192.168.1.4,1611711358,1611711360,1611711362,1611711365,1611711365,1611711365,1611711371,2,5,6
mBackground,ID0000146,15817.000.000,192.168.1.161,1611711437,1611711488,1611711558,1611711568,1611711568,1611711568,1611711573,51,80,5
mDiffFit,ID0000376,15492.000.000,192.168.1.161,1611709615,1611709713,1611709789,1611709803,1611709803,1611709805,1611709816,98,90,13
mDiffFit,ID0000406,15498.000.000,192.168.1.166,1611709650,1611709731,1611709763,1611709777,1611709777,1611709778,1611709789,81,46,12
mDiffFit,ID0000402,15689.000.000,192.168.1.165,1611710713,1611710740,1611710742,1611710743,1611710743,1611710743,1611710756,27,3,13
mDiffFit,ID0000200,15429.000.000,192.168.1.166,1611709142,1611709238,1611709242,1611709249,1611709249,1611709250,1611709255,96,11,6
mBackground,ID0000462,15758.000.000,192.168.1.166,1611711064,1611711093,1611711163,1611711166,1611711166,1611711169,1611711180,29,73,14
mDiffFit,ID0000081,15607.000.000,192.168.1.168,1611710294,1611710312,1611710319,1611710331,1611710331,1611710332,1611710344,18,19,13
mDiffFit,ID0000250,15417.000.000,192.168.1.167,1611709091,1611709174,1611709179,1611709184,1611709184,1611709184,1611709194,83,10,10
mDiffFit,ID0000133,15618.000.000,192.168.1.165,1611710353,1611710365,1611710370,1611710382,1611710382,1611710383,1611710396,12,17,14
mDiffFit,ID0000254,15627.000.000,192.168.1.168,1611710391,1611710414,1611710421,1611710433,1611710433,1611710435,1611710447,23,19,14
clean_up_local_level,1_3,15692.000.000,192.168.1.4,1611710723,1611710728,1611710741,1611710743,1611710743,1611710743,1611710756,5,15,13
register_local,4_0,15868.000.000,192.168.1.4,1611711843,1611711844,1611711846,1611711849,1611711849,1611711849,1611711854,1,5,5
mDiffFit,ID0000251,15408.000.000,192.168.1.170,1611709066,1611709127,1611709140,1611709143,1611709143,1611709144,1611709155,61,16,12
register_local,25_1,15739.000.000,192.168.1.4,1611710983,1611710996,1611710999,1611711012,1611711012,1611711013,1611711027,13,16,15
create_dir_montage,local_0,15297.000.000,192.168.1.4,1611707578,1611707579,1611707581,1611707584,1611707584,1611707584,1611707589,1,5,5
mDiffFit,ID0000238,15382.000.000,192.168.1.167,1611708967,1611708998,1611709002,1611709010,1611709010,1611709011,1611709023,31,12,13
mProject,ID0000172,15339.000.000,192.168.1.169,1611707786,1611707791,1611708882,1611708894,1611708894,1611708895,1611708901,5,1103,7
stage_in_remote_local,0_6,15303.000.000,192.168.1.4,1611707600,1611707603,1611707607,1611707611,1611707611,1611707612,1611707618,3,8,7
register_local,17_1,15796.000.000,192.168.1.4,1611711337,1611711344,1611711351,1611711353,1611711353,1611711353,1611711358,7,9,5
stage_in_remote_local,0_0,15300.000.000,192.168.1.4,1611707594,1611707599,1611707601,1611707606,1611707606,1611707606,1611707611,5,7,5
mDiffFit,ID0000054,15790.000.000,192.168.1.161,1611711293,1611711309,1611711313,1611711321,1611711321,1611711323,1611711331,16,12,10
mDiffFit,ID0000276,15392.000.000,192.168.1.170,1611709008,1611709049,1611709065,1611709069,1611709069,1611709070,1611709082,41,20,13
mDiffFit,ID0000280,15621.000.000,192.168.1.163,1611710366,1611710379,1611710384,1611710396,1611710396,1611710397,1611710408,13,17,12
mProject,ID0000324,15354.000.000,192.168.1.162,1611707807,1611707810,1611709422,1611709433,1611709433,1611709435,1611709451,3,1623,18
mBackground,ID0000458,15769.000.000,192.168.1.166,1611711142,1611711182,1611711272,1611711283,1611711283,1611711284,1611711295,40,101,12
clean_up_local_level,3_3,15568.000.000,192.168.1.4,1611710075,1611710079,1611710094,1611710099,1611710099,1611710102,1611710115,4,20,16
stage_in_local_local,4_0,15316.000.000,192.168.1.4,1611707618,1611707619,1611707743,1611707750,1611707750,1611707750,1611707756,1,131,6
register_local,11_1,15750.000.000,192.168.1.4,1611711018,1611711021,1611711031,1611711041,1611711041,1611711044,1611711054,3,20,13
stage_in_local_local,1_0,15309.000.000,192.168.1.4,1611707611,1611707617,1611707766,1611707774,1611707774,1611707774,1611707780,6,157,6
mDiffFit,ID0000055,15754.000.000,192.168.1.161,1611711040,1611711102,1611711110,1611711121,1611711121,1611711122,1611711134,62,19,13
mDiffFit,ID0000217,15401.000.000,192.168.1.166,1611709041,1611709088,1611709093,1611709106,1611709106,1611709107,1611709118,47,18,12
mBackground,ID0000457,15760.000.000,192.168.1.161,1611711080,1611711109,1611711205,1611711211,1611711211,1611711214,1611711223,29,102,12
mDiffFit,ID0000417,15513.000.000,192.168.1.168,1611709733,1611709801,1611709833,1611709843,1611709843,1611709845,1611709856,68,42,13
mDiffFit,ID0000429,15668.000.000,192.168.1.168,1611710611,1611710621,1611710625,1611710641,1611710641,1611710643,1611710653,10,20,12
mBackground,ID0000148,15815.000.000,192.168.1.168,1611711435,1611711465,1611711537,1611711544,1611711544,1611711546,1611711555,30,79,11
mDiffFit,ID0000125,15562.000.000,192.168.1.170,1611710031,1611710097,1611710121,1611710131,1611710131,1611710136,1611710145,66,34,14
mDiffFit,ID0000410,15468.000.000,192.168.1.163,1611709464,1611709581,1611709654,1611709667,1611709667,1611709670,1611709682,117,86,15
mBackground,ID0000459,15768.000.000,192.168.1.168,1611711132,1611711157,1611711226,1611711238,1611711238,1611711239,1611711252,25,81,14
register_local,19_1,15826.000.000,192.168.1.4,1611711506,1611711510,1611711522,1611711525,1611711525,1611711527,1611711535,4,15,10
mBackground,ID0000144,15809.000.000,192.168.1.165,1611711421,1611711447,1611711504,1611711508,1611711508,1611711509,1611711514,26,61,6
mDiffFit,ID0000208,15651.000.000,192.168.1.168,1611710521,1611710537,1611710544,1611710551,1611710551,1611710551,1611710562,16,14,11
stage_in_remote_local,0_3,15306.000.000,192.168.1.4,1611707600,1611707602,1611707607,1611707611,1611707611,1611707612,1611707618,2,9,7
mDiffFit,ID0000419,15489.000.000,192.168.1.166,1611709597,1611709688,1611709700,1611709711,1611709711,1611709711,1611709723,91,23,12
mDiffFit,ID0000413,15488.000.000,192.168.1.169,1611709588,1611709691,1611709701,1611709711,1611709711,1611709712,1611709723,103,20,12
mDiffFit,ID0000107,15575.000.000,192.168.1.165,1611710127,1611710144,1611710148,1611710158,1611710158,1611710159,1611710169,17,14,11
register_local,7_1,15602.000.000,192.168.1.4,1611710278,1611710281,1611710286,1611710296,1611710296,1611710298,1611710308,3,15,12
mDiffFit,ID0000220,15415.000.000,192.168.1.167,1611709090,1611709159,1611709163,1611709170,1611709170,1611709172,1611709184,69,11,14
mDiffFit,ID0000231,15414.000.000,192.168.1.170,1611709089,1611709158,1611709174,1611709184,1611709184,1611709184,1611709194,69,26,10
mDiffFit,ID0000262,15659.000.000,192.168.1.168,1611710558,1611710588,1611710597,1611710600,1611710600,1611710602,1611710614,30,12,14
register_local,12_1,15732.000.000,192.168.1.4,1611710961,1611710967,1611710972,1611710978,1611710978,1611710979,1611710989,6,11,11
mDiffFit,ID0000120,15559.000.000,192.168.1.168,1611710006,1611710113,1611710134,1611710145,1611710145,1611710146,1611710158,107,32,13
mBgModel,ID0000138,15805.000.000,192.168.1.165,1611711382,1611711383,1611711391,1611711393,1611711393,1611711394,1611711400,1,10,7
mDiffFit,ID0000109,15537.000.000,192.168.1.164,1611709881,1611709936,1611709958,1611709969,1611709969,1611709971,1611709981,55,33,12
mDiffFit,ID0000393,15475.000.000,192.168.1.165,1611709508,1611709566,1611709581,1611709591,1611709591,1611709593,1611709603,58,25,12
mDiffFit,ID0000023,15581.000.000,192.168.1.170,1611710164,1611710183,1611710188,1611710195,1611710195,1611710196,1611710208,19,12,13
mDiffFit,ID0000236,15385.000.000,192.168.1.166,1611708979,1611709003,1611709007,1611709010,1611709010,1611709012,1611709023,24,7,13
mDiffFit,ID0000291,15376.000.000,192.168.1.166,1611708942,1611708966,1611708976,1611708987,1611708987,1611708987,1611708998,24,21,11
mBackground,ID0000467,15762.000.000,192.168.1.165,1611711095,1611711118,1611711197,1611711211,1611711211,1611711212,1611711223,23,93,12
mDiffFit,ID0000256,15406.000.000,192.168.1.166,1611709055,1611709116,1611709121,1611709131,1611709131,1611709132,1611709143,61,15,12
mDiffFit,ID0000115,15610.000.000,192.168.1.163,1611710315,1611710334,1611710338,1611710344,1611710344,1611710345,1611710357,19,10,13
mDiffFit,ID0000026,15552.000.000,192.168.1.161,1611709964,1611710048,1611710088,1611710099,1611710099,1611710101,1611710115,84,51,16
mDiffFit,ID0000244,15434.000.000,192.168.1.170,1611709164,1611709267,1611709270,1611709272,1611709272,1611709273,1611709278,103,5,6
clean_up_local_level,2_3,15508.000.000,192.168.1.4,1611709704,1611709709,1611709721,1611709723,1611709723,1611709725,1611709738,5,14,15
mBackground,ID0000465,15766.000.000,192.168.1.165,1611711120,1611711160,1611711266,1611711270,1611711270,1611711273,1611711283,40,110,13
mConcatFit,ID0000137,15800.000.000,192.168.1.165,1611711364,1611711366,1611711369,1611711371,1611711371,1611711371,1611711376,2,5,5
mDiffFit,ID0000246,15400.000.000,192.168.1.167,1611709040,1611709087,1611709089,1611709093,1611709093,1611709095,1611709106,47,6,13
mDiffFit,ID0000426,15460.000.000,192.168.1.167,1611709427,1611709451,1611709475,1611709479,1611709479,1611709481,1611709493,24,28,14
mProject,ID0000328,15317.000.000,192.168.1.165,1611707748,1611707750,1611709274,1611709278,1611709278,1611709279,1611709284,2,1528,6
clean_up_local_level,3_7,15832.000.000,192.168.1.4,1611711578,1611711578,1611711590,1611711594,1611711594,1611711595,1611711605,0,16,11
mBackground,ID0000142,15812.000.000,192.168.1.168,1611711427,1611711442,1611711459,1611711471,1611711471,1611711472,1611711483,15,29,12
mDiffFit,ID0000032,15748.000.000,192.168.1.168,1611711008,1611711071,1611711101,1611711109,1611711109,1611711110,1611711121,63,38,12
mProject,ID0000011,15349.000.000,192.168.1.167,1611707801,1611707811,1611709595,1611709603,1611709603,1611709605,1611709617,10,1792,14
mDiffFit,ID0000438,15514.000.000,192.168.1.163,1611709736,1611709864,1611709945,1611709955,1611709955,1611709957,1611709969,128,91,14
clean_up_local_level,7_7,15833.000.000,192.168.1.4,1611711579,1611711579,1611711591,1611711594,1611711594,1611711595,1611711605,0,15,11
mBackground,ID0000456,15763.000.000,192.168.1.168,1611711104,1611711131,1611711217,1611711223,1611711223,1611711225,1611711238,27,92,15
mDiffFit,ID0000131,15572.000.000,192.168.1.163,1611710106,1611710138,1611710149,1611710158,1611710158,1611710160,1611710169,32,20,11
mDiffFit,ID0000414,15684.000.000,192.168.1.168,1611710688,1611710704,1611710705,1611710716,1611710716,1611710718,1611710731,16,12,15
mDiffFit,ID0000252,15407.000.000,192.168.1.167,1611709056,1611709121,1611709136,1611709143,1611709143,1611709144,1611709155,65,22,12
mDiffFit,ID0000434,15500.000.000,192.168.1.168,1611709661,1611709734,1611709755,1611709763,1611709763,1611709764,1611709777,73,29,14
mDiffFit,ID0000047,15744.000.000,192.168.1.166,1611710998,1611711021,1611711030,1611711041,1611711041,1611711043,1611711054,23,20,13
mDiffFit,ID0000380,15457.000.000,192.168.1.161,1611709411,1611709435,1611709441,1611709451,1611709451,1611709453,1611709465,24,16,14
register_local,28_1,15802.000.000,192.168.1.4,1611711371,1611711374,1611711376,1611711376,1611711376,1611711377,1611711382,3,2,6
mProject,ID0000169,15351.000.000,192.168.1.167,1611707801,1611707811,1611708962,1611708971,1611708971,1611708972,1611708987,10,1160,16
mDiffFit,ID0000195,15431.000.000,192.168.1.167,1611709152,1611709247,1611709253,1611709255,1611709255,1611709256,1611709261,95,8,6
mDiffFit,ID0000282,15373.000.000,192.168.1.167,1611708925,1611708943,1611708961,1611708971,1611708971,1611708972,1611708987,18,28,16
mDiffFit,ID0000197,15425.000.000,192.168.1.170,1611709127,1611709217,1611709220,1611709225,1611709225,1611709227,1611709231,90,8,6
mDiffFit,ID0000375,15469.000.000,192.168.1.167,1611709476,1611709513,1611709554,1611709566,1611709566,1611709567,1611709578,37,53,12
mDiffFit,ID0000372,15680.000.000,192.168.1.165,1611710671,1611710693,1611710697,1611710704,1611710704,1611710705,1611710716,22,11,12
mDiffFit,ID0000024,15538.000.000,192.168.1.165,1611709891,1611709936,1611709943,1611709955,1611709955,1611709956,1611709969,45,19,14
mDiffFit,ID0000089,15545.000.000,192.168.1.170,1611709926,1611710004,1611710017,1611710023,1611710023,1611710025,1611710035,78,19,12
register_local,21_1,15677.000.000,192.168.1.4,1611710660,1611710664,1611710670,1611710676,1611710676,1611710676,1611710692,4,12,16
register_local,6_1,15781.000.000,192.168.1.4,1611711232,1611711235,1611711243,1611711252,1611711252,1611711256,1611711270,3,17,18
mDiffFit,ID0000112,15567.000.000,192.168.1.165,1611710063,1611710115,1611710145,1611710158,1611710158,1611710158,1611710169,52,43,11
mDiffFit,ID0000264,15657.000.000,192.168.1.161,1611710548,1611710570,1611710577,1611710586,1611710586,1611710588,1611710600,22,16,14
mConcatFit,ID0000451,15733.000.000,192.168.1.161,1611710967,1611710971,1611710974,1611710978,1611710978,1611710980,1611710989,4,7,11
mDiffFit,ID0000279,15432.000.000,192.168.1.166,1611709154,1611709266,1611709289,1611709295,1611709295,1611709296,1611709301,112,29,6
mDiffFit,ID0000056,15747.000.000,192.168.1.161,1611711005,1611711054,1611711070,1611711083,1611711083,1611711085,1611711096,49,29,13
mProject,ID0000165,15361.000.000,192.168.1.164,1611707844,1611708897,1611710098,1611710100,1611710100,1611710103,1611710115,1053,1203,15
mDiffFit,ID0000194,15663.000.000,192.168.1.165,1611710581,1611710603,1611710613,1611710614,1611710614,1611710614,1611710625,22,11,11
mDiffFit,ID0000088,15570.000.000,192.168.1.167,1611710091,1611710128,1611710135,1611710145,1611710145,1611710146,1611710158,37,17,13
mDiffFit,ID0000390,15511.000.000,192.168.1.169,1611709720,1611709789,1611709796,1611709803,1611709803,1611709806,1611709816,69,14,13
mDiffFit,ID0000263,15664.000.000,192.168.1.168,1611710585,1611710605,1611710612,1611710614,1611710614,1611710614,1611710625,20,9,11
mDiffFit,ID0000270,15420.000.000,192.168.1.167,1611709105,1611709206,1611709219,1611709225,1611709225,1611709226,1611709231,101,19,6
mDiffFit,ID0000403,15688.000.000,192.168.1.168,1611710712,1611710734,1611710740,1611710743,1611710743,1611710743,1611710756,22,9,13
mViewer,ID0000471,15828.000.000,192.168.1.161,1611711542,1611711557,1611711579,1611711580,1611711580,1611711581,1611711594,15,23,14
mDiffFit,ID0000064,15604.000.000,192.168.1.163,1611710291,1611710309,1611710313,1611710319,1611710319,1611710320,1611710331,18,10,12
mDiffFit,ID0000370,15448.000.000,192.168.1.165,1611709356,1611709368,1611709373,1611709377,1611709377,1611709381,1611709390,12,9,13
mDiffFit,ID0000348,15478.000.000,192.168.1.168,1611709532,1611709635,1611709655,1611709667,1611709667,1611709670,1611709682,103,32,15
mDiffFit,ID0000440,15674.000.000,192.168.1.168,1611710635,1611710656,1611710663,1611710665,1611710665,1611710667,1611710676,21,9,11
stage_out_local_local,0_6,15850.000.000,192.168.1.4,1611711699,1611711705,1611711731,1611711732,1611711732,1611711732,1611711737,6,27,5
mDiffFit,ID0000227,15368.000.000,192.168.1.166,1611708901,1611708918,1611708934,1611708945,1611708945,1611708945,1611708959,17,27,14
clean_up_local_level,0_7,15839.000.000,192.168.1.4,1611711605,1611711605,1611711622,1611711627,1611711627,1611711628,1611711633,0,22,6
mAdd,ID0000313,15742.000.000,192.168.1.161,1611710997,1611711259,1611711333,1611711339,1611711339,1611711339,1611711344,262,80,5
mDiffFit,ID0000274,15438.000.000,192.168.1.170,1611709177,1611709287,1611709290,1611709295,1611709295,1611709296,1611709301,110,8,6
mDiffFit,ID0000136,15611.000.000,192.168.1.165,1611710317,1611710338,1611710353,1611710357,1611710357,1611710360,1611710370,21,19,13
mProject,ID0000315,15356.000.000,192.168.1.162,1611707838,1611707839,1611709462,1611709465,1611709465,1611709468,1611709479,1,1626,14
mDiffFit,ID0000215,15640.000.000,192.168.1.163,1611710454,1611710484,1611710488,1611710499,1611710499,1611710500,1611710513,30,15,14
mDiffFit,ID0000022,15725.000.000,192.168.1.161,1611710912,1611710929,1611710939,1611710941,1611710941,1611710944,1611710954,17,12,13
clean_up_local_level,6_3,15648.000.000,192.168.1.4,1611710506,1611710512,1611710525,1611710537,1611710537,1611710539,1611710551,6,25,14
stage_in_remote_local,0_7,15302.000.000,192.168.1.4,1611707595,1611707599,1611707602,1611707606,1611707606,1611707606,1611707611,4,7,5
mBackground,ID0000304,15707.000.000,192.168.1.166,1611710782,1611710810,1611710861,1611710874,1611710874,1611710875,1611710887,28,64,13
register_local,23_1,15856.000.000,192.168.1.4,1611711752,1611711753,1611711755,1611711758,1611711758,1611711758,1611711763,1,5,5
mBackground,ID0000303,15699.000.000,192.168.1.165,1611710752,1611710773,1611710820,1611710831,1611710831,1611710833,1611710846,21,58,15
mDiffFit,ID0000233,15383.000.000,192.168.1.170,1611708969,1611709000,1611709002,1611709010,1611709010,1611709012,1611709023,31,10,13
mDiffFit,ID0000228,15394.000.000,192.168.1.167,1611709021,1611709050,1611709071,1611709082,1611709082,1611709084,1611709093,29,32,11
mDiffFit,ID0000068,15599.000.000,192.168.1.170,1611710265,1611710279,1611710285,1611710296,1611710296,1611710297,1611710308,14,17,12
mDiffFit,ID0000187,15374.000.000,192.168.1.166,1611708929,1611708946,1611708949,1611708959,1611708959,1611708961,1611708971,17,13,12
mDiffFit,ID0000383,15483.000.000,192.168.1.170,1611709558,1611709679,1611709687,1611709696,1611709696,1611709700,1611709711,121,17,15
mDiffFit,ID0000198,15440.000.000,192.168.1.170,1611709191,1611709319,1611709326,1611709329,1611709329,1611709330,1611709335,128,10,6
mDiffFit,ID0000391,15477.000.000,192.168.1.168,1611709521,1611709622,1611709636,1611709651,1611709651,1611709652,1611709667,101,29,16
mDiffFit,ID0000087,15784.000.000,192.168.1.166,1611711250,1611711274,1611711280,1611711283,1611711283,1611711288,1611711295,24,9,12
mProject,ID0000158,15324.000.000,192.168.1.168,1611707756,1611707772,1611708862,1611708862,1611708862,1611708862,1611708867,16,1090,5
mDiffFit,ID0000389,15504.000.000,192.168.1.165,1611709680,1611709747,1611709778,1611709789,1611709789,1611709791,1611709803,67,42,14
mDiffFit,ID0000106,15576.000.000,192.168.1.168,1611710139,1611710153,1611710160,1611710169,1611710169,1611710170,1611710182,14,16,13
register_local,8_1,15862.000.000,192.168.1.4,1611711800,1611711801,1611711803,1611711805,1611711805,1611711805,1611711810,1,4,5
register_local,15_1,15825.000.000,192.168.1.4,1611711481,1611711488,1611711497,1611711499,1611711499,1611711500,1611711508,7,11,9
mDiffFit,ID0000356,15446.000.000,192.168.1.161,1611709320,1611709350,1611709352,1611709360,1611709360,1611709362,1611709377,30,10,17
stage_in_remote_local,3_4,15315.000.000,192.168.1.4,1611707618,1611707620,1611707624,1611707628,1611707628,1611707628,1611707633,2,8,5
mDiffFit,ID0000245,15625.000.000,192.168.1.163,1611710381,1611710401,1611710408,1611710420,1611710420,1611710421,1611710433,20,19,13
mProject,ID0000323,15326.000.000,192.168.1.161,1611707756,1611707772,1611709348,1611709350,1611709350,1611709352,1611709360,16,1578,10
mDiffFit,ID0000360,15451.000.000,192.168.1.161,1611709370,1611709391,1611709410,1611709420,1611709420,1611709422,1611709433,21,29,13
stage_in_remote_local,1_1,15307.000.000,192.168.1.4,1611707601,1611707602,1611707605,1611707606,1611707606,1611707606,1611707611,1,4,5
mDiffFit,ID0000095,15730.000.000,192.168.1.165,1611710949,1611710965,1611710975,1611710978,1611710978,1611710981,1611710989,16,13,11
mDiffFit,ID0000053,15749.000.000,192.168.1.168,1611711009,1611711072,1611711086,1611711096,1611711096,1611711099,1611711109,63,24,13
mDiffFit,ID0000332,15529.000.000,192.168.1.170,1611709829,1611709906,1611709916,1611709928,1611709928,1611709929,1611709941,77,22,13
mDiffFit,ID0000205,15639.000.000,192.168.1.168,1611710445,1611710472,1611710502,1611710513,1611710513,1611710514,1611710524,27,41,11
mDiffFit,ID0000135,15612.000.000,192.168.1.168,1611710324,1611710347,1611710352,1611710357,1611710357,1611710358,1611710370,23,10,13
mDiffFit,ID0000388,15472.000.000,192.168.1.161,1611709492,1611709593,1611709653,1611709667,1611709667,1611709669,1611709682,101,74,15
mDiffFit,ID0000351,15497.000.000,192.168.1.161,1611709644,1611709766,1611709781,1611709789,1611709789,1611709793,1611709803,122,23,14
mDiffFit,ID0000427,15459.000.000,192.168.1.166,1611709418,1611709451,1611709474,1611709479,1611709479,1611709481,1611709493,33,28,14
mDiffFit,ID0000418,15496.000.000,192.168.1.161,1611709642,1611709752,1611709791,1611709803,1611709803,1611709806,1611709816,110,51,13
mDiffFit,ID0000100,15724.000.000,192.168.1.161,1611710907,1611710928,1611710935,1611710941,1611710941,1611710942,1611710954,21,13,13
mBackground,ID0000466,15765.000.000,192.168.1.161,1611711116,1611711149,1611711273,1611711283,1611711283,1611711284,1611711295,33,134,12
mDiffFit,ID0000257,15404.000.000,192.168.1.166,1611709053,1611709115,1611709120,1611709131,1611709131,1611709131,1611709143,62,16,12
mDiffFit,ID0000174,15426.000.000,192.168.1.167,1611709129,1611709220,1611709243,1611709249,1611709249,1611709251,1611709255,91,29,6
mDiffFit,ID0000345,15673.000.000,192.168.1.168,1611710632,1611710655,1611710658,1611710665,1611710665,1611710666,1611710676,23,10,11
mDiffFit,ID0000337,15525.000.000,192.168.1.164,1611709812,1611709860,1611709868,1611709869,1611709869,1611709872,1611709883,48,9,14
mDiffFit,ID0000085,15540.000.000,192.168.1.161,1611709897,1611709956,1611709983,1611709994,1611709994,1611709995,1611710007,59,38,13
mBackground,ID0000454,15767.000.000,192.168.1.165,1611711127,1611711160,1611711255,1611711270,1611711270,1611711271,1611711283,33,110,13
register_local,26_1,15793.000.000,192.168.1.4,1611711315,1611711320,1611711328,1611711331,1611711331,1611711332,1611711339,5,11,8
mDiffFit,ID0000405,15686.000.000,192.168.1.165,1611710702,1611710710,1611710712,1611710716,1611710716,1611710720,1611710731,8,6,15
mBackground,ID0000151,15823.000.000,192.168.1.168,1611711467,1611711494,1611711564,1611711568,1611711568,1611711569,1611711573,27,74,5
mDiffFit,ID0000204,15641.000.000,192.168.1.165,1611710458,1611710489,1611710496,1611710499,1611710499,1611710501,1611710513,31,10,14
mDiffFit,ID0000180,15652.000.000,192.168.1.168,1611710523,1611710543,1611710553,1611710562,1611710562,1611710563,1611710574,20,19,12
mDiffFit,ID0000077,15782.000.000,192.168.1.168,1611711235,1611711274,1611711283,1611711295,1611711295,1611711297,1611711308,39,21,13
mDiffFit,ID0000094,15734.000.000,192.168.1.166,1611710975,1611710990,1611710999,1611711012,1611711012,1611711012,1611711027,15,22,15
mDiffFit,ID0000079,15584.000.000,192.168.1.161,1611710179,1611710196,1611710200,1611710208,1611710208,1611710210,1611710221,17,12,13
register_local,27_1,15785.000.000,192.168.1.4,1611711260,1611711263,1611711274,1611711283,1611711283,1611711285,1611711295,3,20,12
mDiffFit,ID0000435,15671.000.000,192.168.1.165,1611710622,1611710645,1611710655,1611710665,1611710665,1611710665,1611710676,23,20,11
mDiffFit,ID0000042,15573.000.000,192.168.1.170,1611710110,1611710136,1611710142,1611710145,1611710145,1611710148,1611710158,26,9,13
register_local,2_4,15844.000.000,192.168.1.4,1611711638,1611711642,1611711649,1611711651,1611711651,1611711652,1611711659,4,9,8
mDiffFit,ID0000283,15366.000.000,192.168.1.169,1611708883,1611708903,1611708920,1611708931,1611708931,1611708933,1611708945,20,28,14
mDiffFit,ID0000422,15672.000.000,192.168.1.161,1611710623,1611710644,1611710648,1611710653,1611710653,1611710655,1611710665,21,9,12
mProject,ID0000322,15343.000.000,192.168.1.164,1611707787,1611707794,1611709411,1611709420,1611709420,1611709423,1611709433,7,1626,13
register_local,31_1,15827.000.000,192.168.1.4,1611711533,1611711539,1611711548,1611711555,1611711555,1611711556,1611711568,6,16,13
mDiffFit,ID0000116,15551.000.000,192.168.1.166,1611709962,1611710036,1611710070,1611710083,1611710083,1611710085,1611710099,74,47,16
mProject,ID0000003,15364.000.000,192.168.1.165,1611707845,1611708940,1611710662,1611710665,1611710665,1611710666,1611710676,1095,1725,11
mDiffFit,ID0000265,15656.000.000,192.168.1.168,1611710545,1611710565,1611710578,1611710586,1611710586,1611710589,1611710600,20,21,14
mBackground,ID0000150,15824.000.000,192.168.1.166,1611711479,1611711530,1611711567,1611711568,1611711568,1611711569,1611711573,51,38,5
clean_up_local_level,0_9,15849.000.000,192.168.1.4,1611711699,1611711699,1611711716,1611711721,1611711721,1611711721,1611711726,0,22,5
mDiffFit,ID0000232,15388.000.000,192.168.1.166,1611708993,1611709022,1611709032,1611709034,1611709034,1611709035,1611709046,29,12,12
mDiffFit,ID0000098,15729.000.000,192.168.1.161,1611710935,1611710954,1611710956,1611710970,1611710970,1611710970,1611710978,19,16,8
mProject,ID0000009,15338.000.000,192.168.1.169,1611707780,1611707791,1611709562,1611709566,1611709566,1611709568,1611709578,11,1775,12
register_local,4_4,15845.000.000,192.168.1.4,1611711658,1611711661,1611711663,1611711665,1611711665,1611711665,1611711670,3,4,5
mProject,ID0000319,15347.000.000,192.168.1.170,1611707794,1611707810,1611709399,1611709403,1611709403,1611709407,1611709420,16,1593,17
mDiffFit,ID0000072,15731.000.000,192.168.1.168,1611710952,1611710970,1611710971,1611710978,1611710978,1611710978,1611710989,18,8,11
mBackground,ID0000308,15709.000.000,192.168.1.165,1611710794,1611710816,1611710866,1611710874,1611710874,1611710877,1611710887,22,58,13
mDiffFit,ID0000396,15720.000.000,192.168.1.168,1611710881,1611710909,1611710931,1611710941,1611710941,1611710942,1611710954,28,32,13
mDiffFit,ID0000082,15721.000.000,192.168.1.165,1611710885,1611710914,1611710938,1611710941,1611710941,1611710943,1611710954,29,27,13
mDiffFit,ID0000038,15548.000.000,192.168.1.167,1611709939,1611709984,1611709992,1611709994,1611709994,1611709996,1611710007,45,10,13
mDiffFit,ID0000430,15519.000.000,192.168.1.163,1611709769,1611709901,1611710026,1611710035,1611710035,1611710036,1611710053,132,134,18
mDiffFit,ID0000350,15471.000.000,192.168.1.166,1611709489,1611709568,1611709606,1611709618,1611709618,1611709621,1611709635,79,50,17
mDiffFit,ID0000073,15592.000.000,192.168.1.163,1611710220,1611710251,1611710257,1611710258,1611710258,1611710261,1611710271,31,7,13
register_local,24_1,15710.000.000,192.168.1.4,1611710806,1611710810,1611710820,1611710831,1611710831,1611710833,1611710846,4,21,15
mDiffFit,ID0000366,15506.000.000,192.168.1.170,1611709692,1611709796,1611709806,1611709816,1611709816,1611709817,1611709831,104,20,15
mDiffFit,ID0000408,15510.000.000,192.168.1.166,1611709717,1611709818,1611709856,1611709869,1611709869,1611709871,1611709883,101,51,14
mDiffFit,ID0000057,15746.000.000,192.168.1.168,1611710999,1611711061,1611711073,1611711083,1611711083,1611711086,1611711096,62,22,13
mDiffFit,ID0000192,15421.000.000,192.168.1.166,1611709113,1611709205,1611709225,1611709231,1611709231,1611709232,1611709237,92,26,6
mDiffFit,ID0000076,15590.000.000,192.168.1.168,1611710215,1611710234,1611710241,1611710247,1611710247,1611710247,1611710258,19,13,11
mDiffFit,ID0000203,15650.000.000,192.168.1.161,1611710519,1611710532,1611710550,1611710562,1611710562,1611710563,1611710574,13,30,12
mDiffFit,ID0000386,15479.000.000,192.168.1.164,1611709534,1611709606,1611709617,1611709618,1611709618,1611709623,1611709635,72,12,17
mDiffFit,ID0000253,15437.000.000,192.168.1.167,1611709176,1611709286,1611709298,1611709301,1611709301,1611709301,1611709310,110,15,9
mDiffFit,ID0000190,15430.000.000,192.168.1.166,1611709149,1611709241,1611709247,1611709249,1611709249,1611709252,1611709255,92,8,6
mProject,ID0000160,15359.000.000,192.168.1.168,1611707839,1611708865,1611710050,1611710053,1611710053,1611710056,1611710067,1026,1188,14
clean_up_local_level,4_3,15667.000.000,192.168.1.4,1611710608,1611710610,1611710624,1611710641,1611710641,1611710642,1611710653,2,31,12
stage_in_remote_local,0_2,15298.000.000,192.168.1.4,1611707594,1611707594,1611707598,1611707601,1611707601,1611707601,1611707606,0,7,5
mDiffFit,ID0000191,15422.000.000,192.168.1.166,1611709116,1611709205,1611709220,1611709225,1611709225,1611709228,1611709231,89,20,6
register_local,18_1,15789.000.000,192.168.1.4,1611711290,1611711293,1611711301,1611711308,1611711308,1611711309,1611711321,3,15,13
mDiffFit,ID0000446,15482.000.000,192.168.1.167,1611709551,1611709620,1611709624,1611709635,1611709635,1611709636,1611709651,69,15,16
mDiffFit,ID0000343,15530.000.000,192.168.1.165,1611709837,1611709885,1611709889,1611709899,1611709899,1611709902,1611709916,48,14,17
mDiffFit,ID0000392,15476.000.000,192.168.1.169,1611709516,1611709574,1611709582,1611709591,1611709591,1611709594,1611709603,58,17,12
mProject,ID0000007,15357.000.000,192.168.1.165,1611707838,1611708846,1611710583,1611710586,1611710586,1611710590,1611710600,1008,1740,14
mDiffFit,ID0000035,15549.000.000,192.168.1.163,1611709949,1611710053,1611710102,1611710115,1611710115,1611710116,1611710131,104,62,16
mDiffFit,ID0000364,15490.000.000,192.168.1.169,1611709601,1611709698,1611709718,1611709723,1611709723,1611709725,1611709738,97,25,15
mDiffFit,ID0000034,15591.000.000,192.168.1.170,1611710217,1611710237,1611710248,1611710258,1611710258,1611710259,1611710271,20,21,13
mDiffFit,ID0000404,15687.000.000,192.168.1.165,1611710711,1611710736,1611710741,1611710743,1611710743,1611710743,1611710756,25,7,13
mDiffFit,ID0000290,15622.000.000,192.168.1.168,1611710377,1611710392,1611710398,1611710408,1611710408,1611710409,1611710420,15,16,12
mBackground,ID0000453,15756.000.000,192.168.1.166,1611711052,1611711088,1611711159,1611711166,1611711166,1611711167,1611711180,36,78,14
mDiffFit,ID0000268,15443.000.000,192.168.1.167,1611709193,1611709336,1611709349,1611709360,1611709360,1611709361,1611709377,143,24,17
mDiffFit,ID0000239,15403.000.000,192.168.1.167,1611709053,1611709106,1611709128,1611709131,1611709131,1611709133,1611709143,53,25,12
mDiffFit,ID0000412,15466.000.000,192.168.1.161,1611709462,1611709521,1611709543,1611709552,1611709552,1611709553,1611709566,59,31,14
mProject,ID0000171,15330.000.000,192.168.1.166,1611707762,1611707774,1611708889,1611708894,1611708894,1611708896,1611708901,12,1120,7
register_local,5_1,15857.000.000,192.168.1.4,1611711763,1611711763,1611711766,1611711768,1611711768,1611711768,1611711774,0,5,6
mProject,ID0000010,15321.000.000,192.168.1.168,1611707749,1611707771,1611709527,1611709539,1611709539,1611709540,1611709552,22,1768,13
register_local,22_1,15714.000.000,192.168.1.4,1611710838,1611710842,1611710852,1611710862,1611710862,1611710862,1611710874,4,20,12
mDiffFit,ID0000394,15485.000.000,192.168.1.163,1611709572,1611709660,1611709670,1611709682,1611709682,1611709684,1611709696,88,22,14
clean_up_local_level,0_5,15803.000.000,192.168.1.4,1611711381,1611711381,1611711399,1611711400,1611711400,1611711402,1611711415,0,19,15
mDiffFit,ID0000075,15586.000.000,192.168.1.168,1611710193,1611710206,1611710219,1611710221,1611710221,1611710222,1611710234,13,15,13
register_local,2_1,15848.000.000,192.168.1.4,1611711693,1611711694,1611711696,1611711700,1611711700,1611711700,1611711706,1,6,6
mDiffFit,ID0000285,15441.000.000,192.168.1.166,1611709191,1611709336,1611709342,1611709350,1611709350,1611709351,1611709360,145,14,10
mDiffFit,ID0000058,15745.000.000,192.168.1.165,1611710998,1611711060,1611711072,1611711083,1611711083,1611711085,1611711096,62,23,13
mAdd,ID0000470,15801.000.000,192.168.1.161,1611711370,1611711431,1611711522,1611711525,1611711525,1611711528,1611711535,61,94,10
mDiffFit,ID0000357,15444.000.000,192.168.1.165,1611709308,1611709340,1611709350,1611709360,1611709360,1611709361,1611709377,32,20,17
mDiffFit,ID0000395,15679.000.000,192.168.1.165,1611710664,1611710675,1611710676,1611710692,1611710692,1611710693,1611710704,11,17,12
register_local,2_0,15637.000.000,192.168.1.4,1611710439,1611710444,1611710452,1611710460,1611710460,1611710461,1611710472,5,16,12
register_local,30_1,15806.000.000,192.168.1.4,1611711399,1611711403,1611711410,1611711415,1611711415,1611711416,1611711427,4,12,12
mDiffFit,ID0000225,15380.000.000,192.168.1.167,1611708955,1611708979,1611708983,1611708987,1611708987,1611708989,1611708998,24,8,11
mDiffFit,ID0000067,15600.000.000,192.168.1.163,1611710267,1611710285,1611710288,1611710296,1611710296,1611710299,1611710308,18,11,12
mDiffFit,ID0000114,15557.000.000,192.168.1.161,1611709990,1611710099,1611710113,1611710115,1611710115,1611710117,1611710131,109,16,16
mBackground,ID0000299,15694.000.000,192.168.1.168,1611710740,1611710748,1611710783,1611710798,1611710798,1611710800,1611710814,8,50,16
mDiffFit,ID0000214,15642.000.000,192.168.1.168,1611710467,1611710496,1611710505,1611710513,1611710513,1611710515,1611710524,29,17,11
mDiffFit,ID0000017,15547.000.000,192.168.1.165,1611709937,1611709983,1611710039,1611710053,1611710053,1611710055,1611710067,46,70,14
mDiffFit,ID0000189,15645.000.000,192.168.1.163,1611710482,1611710513,1611710525,1611710537,1611710537,1611710540,1611710551,31,24,14
mDiffFit,ID0000374,15716.000.000,192.168.1.166,1611710854,1611710896,1611710902,1611710913,1611710913,1611710914,1611710925,42,17,12
mDiffFit,ID0000091,15608.000.000,192.168.1.168,1611710304,1611710319,1611710322,1611710331,1611710331,1611710333,1611710344,15,12,13
mImgtbl,ID0000469,15791.000.000,192.168.1.165,1611711303,1611711352,1611711357,1611711358,1611711358,1611711359,1611711365,49,6,7
mDiffFit,ID0000108,15617.000.000,192.168.1.168,1611710351,1611710369,1611710372,1611710382,1611710382,1611710384,1611710396,18,13,14
mDiffFit,ID0000110,15554.000.000,192.168.1.164,1611709976,1611710029,1611710037,1611710053,1611710053,1611710054,1611710067,53,24,14
mDiffFit,ID0000021,15539.000.000,192.168.1.168,1611709894,1611709972,1611710010,1611710023,1611710023,1611710025,1611710035,78,51,12
mDiffFit,ID0000186,15377.000.000,192.168.1.166,1611708944,1611708968,1611708972,1611708987,1611708987,1611708987,1611708998,24,19,11
mDiffFit,ID0000202,15423.000.000,192.168.1.167,1611709117,1611709206,1611709211,1611709212,1611709212,1611709213,1611709218,89,6,6
register_local,34_1,15847.000.000,192.168.1.4,1611711680,1611711684,1611711686,1611711688,1611711688,1611711688,1611711693,4,4,5
mBackground,ID0000463,15757.000.000,192.168.1.166,1611711061,1611711093,1611711164,1611711166,1611711166,1611711170,1611711180,32,73,14
mProject,ID0000326,15327.000.000,192.168.1.161,1611707762,1611707772,1611709347,1611709350,1611709350,1611709352,1611709360,10,1578,10
mDiffFit,ID0000083,15582.000.000,192.168.1.168,1611710167,1611710184,1611710191,1611710195,1611710195,1611710197,1611710208,17,11,13
mDiffFit,ID0000219,15665.000.000,192.168.1.165,1611710595,1611710613,1611710621,1611710625,1611710625,1611710627,1611710641,18,12,16
mDiffFit,ID0000365,15462.000.000,192.168.1.161,1611709432,1611709468,1611709479,1611709493,1611709493,1611709495,1611709509,36,25,16
stage_in_remote_local,2_1,15313.000.000,192.168.1.4,1611707611,1611707616,1611707619,1611707623,1611707623,1611707623,1611707628,5,7,5
mBackground,ID0000153,15813.000.000,192.168.1.168,1611711434,1611711488,1611711559,1611711568,1611711568,1611711568,1611711573,54,80,5
mDiffFit,ID0000129,15774.000.000,192.168.1.166,1611711177,1611711217,1611711240,1611711252,1611711252,1611711255,1611711270,40,35,18
mImgtbl,ID0000312,15727.000.000,192.168.1.166,1611710923,1611710970,1611710972,1611710978,1611710978,1611710980,1611710989,47,8,11
mDiffFit,ID0000286,15436.000.000,192.168.1.167,1611709168,1611709275,1611709294,1611709295,1611709295,1611709298,1611709301,107,20,6
mDiffFit,ID0000176,15370.000.000,192.168.1.170,1611708901,1611708935,1611708938,1611708945,1611708945,1611708947,1611708959,34,10,14
mDiffFit,ID0000066,15795.000.000,192.168.1.165,1611711328,1611711347,1611711350,1611711353,1611711353,1611711353,1611711358,19,6,5
mDiffFit,ID0000020,15587.000.000,192.168.1.161,1611710202,1611710216,1611710233,1611710234,1611710234,1611710236,1611710247,14,18,13
mDiffFit,ID0000177,15384.000.000,192.168.1.167,1611708978,1611709001,1611709023,1611709034,1611709034,1611709035,1611709046,23,33,12
mBackground,ID0000464,15755.000.000,192.168.1.165,1611711049,1611711075,1611711127,1611711134,1611711134,1611711136,1611711149,26,59,15
mDiffFit,ID0000086,15555.000.000,192.168.1.161,1611709980,1611710093,1611710131,1611710145,1611710145,1611710146,1611710158,113,52,13
mBackground,ID0000461,15759.000.000,192.168.1.165,1611711076,1611711098,1611711161,1611711166,1611711166,1611711168,1611711180,22,68,14
mDiffFit,ID0000340,15532.000.000,192.168.1.166,1611709851,1611709927,1611709951,1611709955,1611709955,1611709958,1611709969,76,28,14
mDiffFit,ID0000230,15658.000.000,192.168.1.168,1611710557,1611710584,1611710589,1611710600,1611710600,1611710601,1611710614,27,16,14
mDiffFit,ID0000043,15550.000.000,192.168.1.166,1611709953,1611710015,1611710038,1611710053,1611710053,1611710055,1611710067,62,38,14
mDiffFit,ID0000216,15386.000.000,192.168.1.167,1611708979,1611709015,1611709020,1611709023,1611709023,1611709024,1611709034,36,8,11
mDiffFit,ID0000398,15712.000.000,192.168.1.165,1611710823,1611710857,1611710874,1611710887,1611710887,1611710889,1611710900,34,30,13
mDiffFit,ID0000266,15413.000.000,192.168.1.166,1611709088,1611709158,1611709180,1611709184,1611709184,1611709184,1611709194,70,26,10
mDiffFit,ID0000122,15780.000.000,192.168.1.168,1611711222,1611711272,1611711285,1611711295,1611711295,1611711297,1611711308,50,23,13
clean_up_local_level,0_4,15799.000.000,192.168.1.4,1611711363,1611711364,1611711373,1611711376,1611711376,1611711376,1611711382,1,12,6
mDiffFit,ID0000335,15690.000.000,192.168.1.168,1611710713,1611710736,1611710743,1611710756,1611710756,1611710757,1611710770,23,20,14
register_local,32_1,15831.000.000,192.168.1.4,1611711568,1611711571,1611711574,1611711580,1611711580,1611711581,1611711594,3,9,14
mProject,ID0000327,15336.000.000,192.168.1.163,1611707780,1611707791,1611709299,1611709301,1611709301,1611709302,1611709310,11,1510,9
clean_up_local_level,0_6,15807.000.000,192.168.1.4,1611711408,1611711411,1611711427,1611711438,1611711438,1611711439,1611711453,3,27,15
mDiffFit,ID0000237,15381.000.000,192.168.1.166,1611708957,1611708986,1611708989,1611708998,1611708998,1611708999,1611709010,29,12,12
mBackground,ID0000145,15808.000.000,192.168.1.165,1611711414,1611711448,1611711526,1611711535,1611711535,1611711536,1611711544,34,87,9
mDiffFit,ID0000029,15544.000.000,192.168.1.163,1611709923,1611710040,1611710053,1611710067,1611710067,1611710069,1611710083,117,27,16
mBackground,ID0000311,15702.000.000,192.168.1.161,1611710763,1611710813,1611710889,1611710900,1611710900,1611710901,1611710913,50,87,13
mProject,ID0000001,15322.000.000,192.168.1.168,1611707756,1611707770,1611709531,1611709539,1611709539,1611709541,1611709552,14,1769,13
mDiffFit,ID0000445,15445.000.000,192.168.1.170,1611709318,1611709350,1611709362,1611709377,1611709377,1611709379,1611709390,32,27,13
mDiffFit,ID0000128,15775.000.000,192.168.1.165,1611711188,1611711229,1611711237,1611711252,1611711252,1611711254,1611711270,41,23,18
mDiffFit,ID0000212,15643.000.000,192.168.1.161,1611710470,1611710489,1611710495,1611710499,1611710499,1611710501,1611710513,19,10,14
mBackground,ID0000302,15700.000.000,192.168.1.168,1611710753,1611710773,1611710830,1611710831,1611710831,1611710834,1611710846,20,58,15
mDiffFit,ID0000206,15638.000.000,192.168.1.165,1611710441,1611710472,1611710501,1611710513,1611710513,1611710513,1611710524,31,41,11
mBackground,ID0000297,15697.000.000,192.168.1.168,1611710749,1611710759,1611710798,1611710814,1611710814,1611710816,1611710831,10,55,17
stage_in_local_local,2_0,15311.000.000,192.168.1.4,1611707611,1611707616,1611707825,1611707827,1611707827,1611707827,1611707832,5,211,5
mDiffFit,ID0000123,15569.000.000,192.168.1.166,1611710080,1611710128,1611710132,1611710145,1611710145,1611710146,1611710158,48,17,13
mBackground,ID0000455,15764.000.000,192.168.1.168,1611711108,1611711129,1611711205,1611711211,1611711211,1611711213,1611711223,21,82,12
mDiffFit,ID0000354,15521.000.000,192.168.1.165,1611709784,1611709831,1611709835,1611709843,1611709843,1611709845,1611709856,47,12,13
mDiffFit,ID0000409,15522.000.000,192.168.1.161,1611709787,1611709849,1611709883,1611709899,1611709899,1611709901,1611709916,62,50,17
mProject,ID0000170,15358.000.000,192.168.1.168,1611707839,1611708864,1611710009,1611710023,1611710023,1611710024,1611710035,1025,1159,12
mDiffFit,ID0000062,15606.000.000,192.168.1.165,1611710293,1611710312,1611710321,1611710331,1611710331,1611710333,1611710344,19,19,13
mDiffFit,ID0000224,15634.000.000,192.168.1.163,1611710429,1611710452,1611710460,1611710472,1611710472,1611710473,1611710484,23,20,12
mDiffFit,ID0000102,15579.000.000,192.168.1.165,1611710154,1611710174,1611710180,1611710182,1611710182,1611710182,1611710195,20,8,13
mDiffFit,ID0000353,15509.000.000,192.168.1.167,1611709706,1611709768,1611709777,1611709789,1611709789,1611709791,1611709803,62,21,14
mDiffFit,ID0000378,15503.000.000,192.168.1.161,1611709677,1611709777,1611709789,1611709789,1611709789,1611709794,1611709803,100,12,14
mDiffFit,ID0000431,15507.000.000,192.168.1.170,1611709694,1611709803,1611709809,1611709816,1611709816,1611709818,1611709831,109,13,15
mDiffFit,ID0000437,15515.000.000,192.168.1.166,1611709745,1611709836,1611709846,1611709856,1611709856,1611709857,1611709869,91,20,13
mDiffFit,ID0000358,15487.000.000,192.168.1.165,1611709585,1611709662,1611709671,1611709682,1611709682,1611709685,1611709696,77,20,14
mDiffFit,ID0000444,15681.000.000,192.168.1.168,1611710674,1611710691,1611710704,1611710716,1611710716,1611710717,1611710731,17,25,15
mDiffFit,ID0000124,15553.000.000,192.168.1.165,1611709967,1611710024,1611710055,1611710067,1611710067,1611710069,1611710083,57,43,16
mDiffFit,ID0000261,15661.000.000,192.168.1.163,1611710569,1611710599,1611710614,1611710625,1611710625,1611710626,1611710641,30,26,16
mDiffFit,ID0000333,15527.000.000,192.168.1.168,1611709824,1611709873,1611709886,1611709899,1611709899,1611709901,1611709916,49,26,17
register_local,0_1,15853.000.000,192.168.1.4,1611711705,1611711711,1611711720,1611711726,1611711726,1611711727,1611711732,6,15,6
mBackground,ID0000152,15821.000.000,192.168.1.166,1611711449,1611711497,1611711567,1611711568,1611711568,1611711569,1611711573,48,71,5
mBackground,ID0000139,15818.000.000,192.168.1.161,1611711445,1611711488,1611711557,1611711568,1611711568,1611711568,1611711573,43,80,5
mDiffFit,ID0000339,15523.000.000,192.168.1.163,1611709798,1611709916,1611709923,1611709928,1611709928,1611709930,1611709941,118,12,13
mDiffFit,ID0000249,15654.000.000,192.168.1.165,1611710533,1611710552,1611710580,1611710586,1611710586,1611710589,1611710600,19,34,14
clean_up_local_level,7_3,15683.000.000,192.168.1.4,1611710682,1611710687,1611710702,1611710704,1611710704,1611710706,1611710716,5,17,12
mDiffFit,ID0000342,15531.000.000,192.168.1.168,1611709841,1611709895,1611709902,1611709916,1611709916,1611709917,1611709928,54,21,12
mDiffFit,ID0000218,15410.000.000,192.168.1.166,1611709076,1611709140,1611709158,1611709170,1611709170,1611709171,1611709184,64,30,14
mDiffFit,ID0000178,15399.000.000,192.168.1.166,1611709034,1611709088,1611709097,1611709106,1611709106,1611709108,1611709118,54,18,12
stage_in_remote_local,2_4,15312.000.000,192.168.1.4,1611707611,1611707616,1611707619,1611707623,1611707623,1611707623,1611707628,5,7,5
mProject,ID0000167,15341.000.000,192.168.1.164,1611707786,1611707794,1611708891,1611708894,1611708894,1611708897,1611708901,8,1100,7
mProject,ID0000012,15362.000.000,192.168.1.166,1611707845,1611708929,1611710696,1611710704,1611710704,1611710705,1611710716,1084,1775,12
mDiffFit,ID0000292,15379.000.000,192.168.1.167,1611708954,1611708977,1611708979,1611708987,1611708987,1611708987,1611708998,23,10,11
mProject,ID0000166,15332.000.000,192.168.1.166,1611707770,1611707789,1611708916,1611708918,1611708918,1611708921,1611708931,19,1129,13
mDiffFit,ID0000207,15653.000.000,192.168.1.163,1611710531,1611710553,1611710574,1611710586,1611710586,1611710588,1611710600,22,33,14
register_local,0_5,15842.000.000,192.168.1.4,1611711621,1611711623,1611711629,1611711633,1611711633,1611711633,1611711639,2,10,6
register_local,35_1,15854.000.000,192.168.1.4,1611711732,1611711732,1611711735,1611711737,1611711737,1611711737,1611711742,0,5,5
mProject,ID0000330,15360.000.000,192.168.1.169,1611707844,1611708900,1611710450,1611710460,1611710460,1611710461,1611710472,1056,1560,12
mDiffFit,ID0000103,15578.000.000,192.168.1.163,1611710151,1611710174,1611710187,1611710195,1611710195,1611710196,1611710208,23,21,13
mDiffFit,ID0000199,15628.000.000,192.168.1.165,1611710393,1611710413,1611710421,1611710433,1611710433,1611710434,1611710447,20,20,14
mDiffFit,ID0000432,15505.000.000,192.168.1.170,1611709689,1611709768,1611709811,1611709816,1611709816,1611709819,1611709831,79,48,15
mConcatFit,ID0000294,15676.000.000,192.168.1.165,1611710651,1611710659,1611710666,1611710676,1611710676,1611710676,1611710692,8,17,16
mBackground,ID0000149,15814.000.000,192.168.1.168,1611711434,1611711488,1611711561,1611711568,1611711568,1611711569,1611711573,54,80,5
mDiffFit,ID0000046,15772.000.000,192.168.1.161,1611711157,1611711233,1611711275,1611711283,1611711283,1611711287,1611711295,76,50,12
mDiffFit,ID0000349,15719.000.000,192.168.1.165,1611710871,1611710914,1611710939,1611710941,1611710941,1611710943,1611710954,43,27,13
mProject,ID0000161,15331.000.000,192.168.1.166,1611707763,1611707774,1611708873,1611708877,1611708877,1611708877,1611708894,11,1103,17
clean_up_local_level,0_11,15863.000.000,192.168.1.4,1611711805,1611711805,1611711814,1611711816,1611711816,1611711816,1611711821,0,11,5
mDiffFit,ID0000093,15722.000.000,192.168.1.161,1611710894,1611710914,1611710917,1611710925,1611710925,1611710927,1611710941,20,11,16
mDiffFit,ID0000415,15493.000.000,192.168.1.167,1611709625,1611709698,1611709703,1611709711,1611709711,1611709713,1611709723,73,13,12
mDiffFit,ID0000347,15453.000.000,192.168.1.166,1611709385,1611709408,1611709420,1611709433,1611709433,1611709435,1611709451,23,25,18
mDiffFit,ID0000381,15452.000.000,192.168.1.165,1611709374,1611709399,1611709408,1611709420,1611709420,1611709421,1611709433,25,21,13
mDiffFit,ID0000399,15711.000.000,192.168.1.168,1611710811,1611710834,1611710873,1611710887,1611710887,1611710888,1611710900,23,53,13
mBackground,ID0000141,15820.000.000,192.168.1.166,1611711448,1611711496,1611711566,1611711568,1611711568,1611711569,1611711573,48,72,5
register_local,0_7,15864.000.000,192.168.1.4,1611711810,1611711811,1611711813,1611711816,1611711816,1611711816,1611711821,1,5,5
mDiffFit,ID0000371,15484.000.000,192.168.1.170,1611709564,1611709682,1611709687,1611709696,1611709696,1611709700,1611709711,118,14,15
mDiffFit,ID0000424,15516.000.000,192.168.1.168,1611709748,1611709816,1611709823,1611709831,1611709831,1611709832,1611709843,68,15,12
clean_up_local_level,9_7,15838.000.000,192.168.1.4,1611711601,1611711604,1611711617,1611711622,1611711622,1611711622,1611711627,3,18,5
register_local,16_1,15771.000.000,192.168.1.4,1611711147,1611711154,1611711161,1611711166,1611711166,1611711168,1611711180,7,12,14
mDiffFit,ID0000385,15715.000.000,192.168.1.168,1611710843,1611710870,1611710897,1611710900,1611710900,1611710904,1611710913,27,30,13
mProject,ID0000325,15355.000.000,192.168.1.162,1611707837,1611707839,1611709454,1611709465,1611709465,1611709467,1611709479,2,1626,14
mDiffFit,ID0000099,15728.000.000,192.168.1.168,1611710932,1611710950,1611710954,1611710970,1611710970,1611710970,1611710978,18,20,8
mBackground,ID0000143,15811.000.000,192.168.1.165,1611711425,1611711448,1611711529,1611711535,1611711535,1611711538,1611711544,23,87,9
clean_up_local_level,2_7,15783.000.000,192.168.1.4,1611711245,1611711249,1611711263,1611711270,1611711270,1611711272,1611711283,4,21,13
mDiffFit,ID0000018,15738.000.000,192.168.1.165,1611710977,1611711038,1611711054,1611711068,1611711068,1611711070,1611711083,61,30,15
mProject,ID0000014,15342.000.000,192.168.1.164,1611707786,1611707794,1611709569,1611709578,1611709578,1611709580,1611709591,8,1784,13
mDiffFit,ID0000277,15387.000.000,192.168.1.170,1611708984,1611709015,1611709024,1611709034,1611709034,1611709035,1611709046,31,19,12
mDiffFit,ID0000362,15717.000.000,192.168.1.166,1611710858,1611710896,1611710915,1611710925,1611710925,1611710926,1611710941,38,29,16
mDiffFit,ID0000052,15751.000.000,192.168.1.166,1611711026,1611711055,1611711060,1611711068,1611711068,1611711070,1611711083,29,13,15
mDiffFit,ID0000439,15512.000.000,192.168.1.164,1611709730,1611709785,1611709810,1611709816,1611709816,1611709818,1611709831,55,31,15
mDiffFit,ID0000130,15786.000.000,192.168.1.165,1611711264,1611711283,1611711298,1611711308,1611711308,1611711309,1611711321,19,25,13
register_local,3_4,15846.000.000,192.168.1.4,1611711670,1611711670,1611711674,1611711675,1611711675,1611711675,1611711680,0,5,5
mDiffFit,ID0000059,15597.000.000,192.168.1.165,1611710253,1611710264,1611710268,1611710271,1611710271,1611710272,1611710283,11,7,12
mDiffFit,ID0000367,15518.000.000,192.168.1.163,1611709761,1611709893,1611709903,1611709916,1611709916,1611709918,1611709928,132,23,12
mDiffFit,ID0000071,15589.000.000,192.168.1.165,1611710207,1611710222,1611710244,1611710247,1611710247,1611710247,1611710258,15,25,11
mDiffFit,ID0000281,15378.000.000,192.168.1.170,1611708951,1611708971,1611708983,1611708987,1611708987,1611708988,1611708998,20,16,11
mDiffFit,ID0000101,15580.000.000,192.168.1.161,1611710157,1611710175,1611710181,1611710182,1611710182,1611710182,1611710195,18,7,13
mDiffFit,ID0000400,15691.000.000,192.168.1.165,1611710715,1611710740,1611710752,1611710756,1611710756,1611710757,1611710770,25,16,14
mProject,ID0000159,15352.000.000,192.168.1.167,1611707802,1611707811,1611708924,1611708931,1611708931,1611708935,1611708945,9,1120,14
mDiffFit,ID0000255,15409.000.000,192.168.1.166,1611709069,1611709134,1611709140,1611709143,1611709143,1611709144,1611709155,65,9,12
mDiffFit,ID0000037,15577.000.000,192.168.1.170,1611710143,1611710157,1611710161,1611710169,1611710169,1611710170,1611710182,14,12,13
mDiffFit,ID0000193,15428.000.000,192.168.1.170,1611709141,1611709235,1611709247,1611709249,1611709249,1611709251,1611709255,94,14,6
mDiffFit,ID0000331,15534.000.000,192.168.1.167,1611709862,1611709918,1611709944,1611709955,1611709955,1611709957,1611709969,56,37,14
mDiffFit,ID0000092,15735.000.000,192.168.1.165,1611710975,1611710993,1611711012,1611711027,1611711027,1611711029,1611711041,18,34,14
mProject,ID0000005,15344.000.000,192.168.1.164,1611707793,1611707808,1611709646,1611709651,1611709651,1611709652,1611709667,15,1843,16
mDiffFit,ID0000201,15424.000.000,192.168.1.170,1611709125,1611709202,1611709206,1611709212,1611709212,1611709213,1611709218,77,10,6
stage_out_local_local,0_7,15860.000.000,192.168.1.4,1611711785,1611711791,1611711795,1611711795,1611711795,1611711796,1611711800,6,4,5
mBackground,ID0000305,15706.000.000,192.168.1.166,1611710779,1611710810,1611710862,1611710874,1611710874,1611710876,1611710887,31,64,13
mDiffFit,ID0000051,15752.000.000,192.168.1.168,1611711035,1611711086,1611711096,1611711109,1611711109,1611711110,1611711121,51,23,12
mDiffFit,ID0000041,15788.000.000,192.168.1.166,1611711281,1611711299,1611711308,1611711321,1611711321,1611711322,1611711331,18,22,10
mViewer,ID0000314,15797.000.000,192.168.1.165,1611711351,1611711355,1611711378,1611711382,1611711382,1611711383,1611711388,4,27,6
mProject,ID0000013,15333.000.000,192.168.1.163,1611707773,1611707789,1611709620,1611709635,1611709635,1611709635,1611709651,16,1846,16
mDiffFit,ID0000401,15718.000.000,192.168.1.165,1611710868,1611710905,1611710915,1611710925,1611710925,1611710927,1611710941,37,20,16
mDiffFit,ID0000033,15601.000.000,192.168.1.165,1611710269,1611710285,1611710288,1611710296,1611710296,1611710298,1611710308,16,11,12
mDiffFit,ID0000436,15520.000.000,192.168.1.167,1611709772,1611709831,1611709858,1611709869,1611709869,1611709872,1611709883,59,38,14
mDiffFit,ID0000450,15678.000.000,192.168.1.168,1611710662,1611710673,1611710692,1611710704,1611710704,1611710705,1611710716,11,31,12
clean_up_local_level,5_7,15834.000.000,192.168.1.4,1611711580,1611711584,1611711597,1611711605,1611711605,1611711606,1611711610,4,21,5
mDiffFit,ID0000278,15389.000.000,192.168.1.166,1611708997,1611709024,1611709026,1611709034,1611709034,1611709034,1611709046,27,10,12
mDiffFit,ID0000338,15524.000.000,192.168.1.161,1611709802,1611709857,1611709869,1611709883,1611709883,1611709885,1611709899,55,26,16
clean_up_local_level,9_3,15371.000.000,192.168.1.4,1611708908,1611708915,1611708924,1611708931,1611708931,1611708934,1611708945,7,16,14
mDiffFit,ID0000271,15419.000.000,192.168.1.170,1611709103,1611709183,1611709185,1611709194,1611709194,1611709195,1611709200,80,11,6
mDiffFit,ID0000407,15465.000.000,192.168.1.165,1611709459,1611709479,1611709482,1611709493,1611709493,1611709496,1611709509,20,14,16
mDiffFit,ID0000096,15787.000.000,192.168.1.168,1611711278,1611711298,1611711310,1611711321,1611711321,1611711322,1611711331,20,23,10
mDiffFit,ID0000090,15561.000.000,192.168.1.168,1611710022,1611710113,1611710120,1611710131,1611710131,1611710135,1611710145,91,18,14
clean_up_local_level,5_3,15574.000.000,192.168.1.4,1611710122,1611710125,1611710140,1611710145,1611710145,1611710147,1611710158,3,20,13
mDiffFit,ID0000184,15439.000.000,192.168.1.166,1611709184,1611709336,1611709341,1611709350,1611709350,1611709350,1611709360,152,14,10
mDiffFit,ID0000289,15624.000.000,192.168.1.168,1611710380,1611710397,1611710401,1611710408,1611710408,1611710410,1611710420,17,11,12
mDiffFit,ID0000050,15753.000.000,192.168.1.161,1611711037,1611711102,1611711155,1611711166,1611711166,1611711166,1611711180,65,64,14
mDiffFit,ID0000258,15666.000.000,192.168.1.168,1611710598,1611710613,1611710615,1611710625,1611710625,1611710627,1611710641,15,12,16
mDiffFit,ID0000126,15609.000.000,192.168.1.170,1611710306,1611710328,1611710342,1611710344,1611710344,1611710345,1611710357,22,16,13
mProject,ID0000329,15346.000.000,192.168.1.170,1611707794,1611707809,1611709407,1611709420,1611709420,1611709421,1611709433,15,1611,13
mDiffFit,ID0000118,15565.000.000,192.168.1.165,1611710045,1611710085,1611710126,1611710131,1611710131,1611710136,1611710145,40,46,14
register_local,4_1,15858.000.000,192.168.1.4,1611711773,1611711774,1611711776,1611711779,1611711779,1611711779,1611711785,1,5,6
mDiffFit,ID0000121,15614.000.000,192.168.1.168,1611710330,1611710350,1611710355,1611710357,1611710357,1611710361,1611710370,20,7,13
stage_in_remote_local,0_4,15305.000.000,192.168.1.4,1611707600,1611707602,1611707605,1611707606,1611707606,1611707606,1611707611,2,4,5
register_local,14_1,15626.000.000,192.168.1.4,1611710389,1611710396,1611710404,1611710408,1611710408,1611710410,1611710420,7,12,12
mDiffFit,ID0000040,15556.000.000,192.168.1.161,1611709987,1611710099,1611710115,1611710131,1611710131,1611710133,1611710145,112,32,14
mDiffFit,ID0000234,15433.000.000,192.168.1.167,1611709163,1611709263,1611709267,1611709272,1611709272,1611709273,1611709278,100,9,6
mDiffFit,ID0000425,15463.000.000,192.168.1.165,1611709441,1611709475,1611709481,1611709493,1611709493,1611709495,1611709509,34,18,16
mDiffFit,ID0000025,15536.000.000,192.168.1.161,1611709877,1611709947,1611709958,1611709969,1611709969,1611709970,1611709981,70,22,12
mDiffFit,ID0000183,15367.000.000,192.168.1.166,1611708886,1611708913,1611708920,1611708931,1611708931,1611708933,1611708945,27,18,14
mDiffFit,ID0000287,15435.000.000,192.168.1.166,1611709165,1611709275,1611709291,1611709295,1611709295,1611709297,1611709301,110,20,6
mBackground,ID0000309,15708.000.000,192.168.1.165,1611710791,1611710813,1611710867,1611710874,1611710874,1611710877,1611710887,22,61,13
register_local,1_4,15840.000.000,192.168.1.4,1611711610,1611711611,1611711613,1611711615,1611711615,1611711615,1611711622,1,4,7
mImgtbl,ID0000155,15835.000.000,192.168.1.161,1611711580,1611711605,1611711607,1611711610,1611711610,1611711610,1611711615,25,5,5
register_local,13_1,15777.000.000,192.168.1.4,1611711201,1611711207,1611711217,1611711223,1611711223,1611711226,1611711238,6,16,15
mBackground,ID0000460,15770.000.000,192.168.1.163,1611711145,1611711185,1611711259,1611711270,1611711270,1611711271,1611711283,40,85,13
mDiffFit,ID0000241,15416.000.000,192.168.1.166,1611709090,1611709171,1611709181,1611709184,1611709184,1611709184,1611709194,81,13,10
mDiffFit,ID0000031,15615.000.000,192.168.1.163,1611710338,1611710356,1611710360,1611710370,1611710370,1611710371,1611710382,18,14,12
mDiffFit,ID0000069,15598.000.000,192.168.1.168,1611710257,1611710268,1611710272,1611710283,1611710283,1611710285,1611710296,11,15,13
mDiffFit,ID0000387,15495.000.000,192.168.1.168,1611709633,1611709713,1611709735,1611709738,1611709738,1611709739,1611709751,80,25,13
mDiffFit,ID0000117,15776.000.000,192.168.1.168,1611711193,1611711225,1611711238,1611711252,1611711252,1611711254,1611711270,32,27,18
mDiffFit,ID0000344,15528.000.000,192.168.1.170,1611709826,1611709905,1611709915,1611709916,1611709916,1611709918,1611709928,79,11,12
mDiffFit,ID0000060,15594.000.000,192.168.1.168,1611710231,1611710252,1611710257,1611710258,1611710258,1611710260,1611710271,21,6,13
mDiffFit,ID0000044,15563.000.000,192.168.1.170,1611710034,1611710100,1611710112,1611710115,1611710115,1611710117,1611710131,66,15,16
mDiffFit,ID0000134,15558.000.000,192.168.1.167,1611710002,1611710061,1611710082,1611710083,1611710083,1611710086,1611710099,59,22,16
DAGMAN,,15296.0,,1611707574,,,,,,1611711865,,,
mDiffFit,ID0000119,15543.000.000,192.168.1.170,1611709913,1611709998,1611710030,1611710035,1611710035,1611710037,1611710053,85,37,18
mBgModel,ID0000295,15685.000.000,192.168.1.165,1611710698,1611710700,1611710710,1611710716,1611710716,1611710719,1611710731,2,16,15
mProject,ID0000002,15350.000.000,192.168.1.167,1611707801,1611707811,1611709571,1611709578,1611709578,1611709580,1611709591,10,1767,13
mBackground,ID0000154,15810.000.000,192.168.1.165,1611711423,1611711448,1611711528,1611711535,1611711535,1611711537,1611711544,25,87,9
register_local,3_1,15861.000.000,192.168.1.4,1611711785,1611711791,1611711793,1611711795,1611711795,1611711796,1611711800,6,4,5
clean_up_local_level,4_7,15829.000.000,192.168.1.4,1611711553,1611711557,1611711570,1611711573,1611711573,1611711573,1611711580,4,16,7
mDiffFit,ID0000113,15542.000.000,192.168.1.163,1611709909,1611710031,1611710087,1611710099,1611710099,1611710100,1611710115,122,68,16
clean_up_local_level,8_3,15564.000.000,192.168.1.4,1611710042,1611710048,1611710062,1611710067,1611710067,1611710070,1611710083,6,19,16
mDiffFit,ID0000449,15669.000.000,192.168.1.163,1611710620,1611710642,1611710646,1611710653,1611710653,1611710654,1611710665,22,11,12
mDiffFit,ID0000260,15662.000.000,192.168.1.161,1611710572,1611710600,1611710614,1611710625,1611710625,1611710626,1611710641,28,25,16
mBackground,ID0000468,15761.000.000,192.168.1.168,1611711090,1611711109,1611711185,1611711194,1611711194,1611711195,1611711211,19,85,17
register_local,0_0,15869.000.000,192.168.1.4,1611711854,1611711854,1611711856,1611711859,1611711859,1611711859,1611711864,0,5,5
mBackground,ID0000140,15822.000.000,192.168.1.166,1611711450,1611711498,1611711567,1611711568,1611711568,1611711569,1611711573,48,70,5
mDiffFit,ID0000359,15682.000.000,192.168.1.165,1611710675,1611710696,1611710700,1611710704,1611710704,1611710706,1611710716,21,8,12
mBgModel,ID0000452,15743.000.000,192.168.1.161,1611710998,1611710999,1611711014,1611711027,1611711027,1611711030,1611711041,1,28,14
mDiffFit,ID0000275,15629.000.000,192.168.1.168,1611710402,1611710420,1611710426,1611710433,1611710433,1611710437,1611710447,18,13,14
mBackground,ID0000301,15701.000.000,192.168.1.168,1611710754,1611710773,1611710826,1611710831,1611710831,1611710833,1611710846,19,58,15
register_local,0_3,15819.000.000,192.168.1.4,1611711448,1611711453,1611711460,1611711471,1611711471,1611711473,1611711483,5,18,12
mDiffFit,ID0000368,15454.000.000,192.168.1.167,1611709388,1611709420,1611709425,1611709433,1611709433,1611709436,1611709451,32,13,18
mDiffFit,ID0000221,15393.000.000,192.168.1.167,1611709017,1611709050,1611709052,1611709057,1611709057,1611709059,1611709069,33,7,12
register_local,1_1,15867.000.000,192.168.1.4,1611711832,1611711833,1611711835,1611711838,1611711838,1611711838,1611711843,1,5,5
mDiffFit,ID0000080,15588.000.000,192.168.1.163,1611710204,1611710223,1611710227,1611710234,1611710234,1611710236,1611710247,19,11,13
mDiffFit,ID0000084,15541.000.000,192.168.1.168,1611709907,1611709983,1611710019,1611710023,1611710023,1611710027,1611710035,76,40,12
stage_in_local_local,0_0,15301.000.000,192.168.1.4,1611707595,1611707599,1611707734,1611707738,1611707738,1611707739,1611707743,4,139,5
mDiffFit,ID0000411,15467.000.000,192.168.1.163,1611709463,1611709561,1611709578,1611709591,1611709591,1611709592,1611709603,98,30,12
mDiffFit,ID0000027,15778.000.000,192.168.1.161,1611711207,1611711259,1611711274,1611711283,1611711283,1611711286,1611711295,52,24,12
mDiffFit,ID0000213,15649.000.000,192.168.1.165,1611710508,1611710522,1611710526,1611710537,1611710537,1611710540,1611710551,14,15,14
mDiffFit,ID0000442,15455.000.000,192.168.1.166,1611709396,1611709425,1611709436,1611709451,1611709451,1611709453,1611709465,29,26,14
mDiffFit,ID0000384,15675.000.000,192.168.1.163,1611710639,1611710664,1611710667,1611710676,1611710676,1611710676,1611710692,25,12,16
stage_in_remote_local,1_4,15310.000.000,192.168.1.4,1611707611,1611707617,1611707619,1611707623,1611707623,1611707624,1611707628,6,6,5
mDiffFit,ID0000443,15486.000.000,192.168.1.165,1611709576,1611709654,1611709682,1611709696,1611709696,1611709698,1611709711,78,42,15
mDiffFit,ID0000447,15670.000.000,192.168.1.165,1611710622,1611710642,1611710649,1611710653,1611710653,1611710656,1611710665,20,11,12
clean_up_local_level,0_8,15841.000.000,192.168.1.4,1611711620,1611711621,1611711630,1611711633,1611711633,1611711634,1611711639,1,12,6
cleanup_montage,local_0,15866.000.000,192.168.1.4,1611711826,1611711827,1611711829,1611711832,1611711832,1611711833,1611711838,1,5,6
mDiffFit,ID0000030,15560.000.000,192.168.1.168,1611710014,1611710113,1611710121,1611710131,1611710131,1611710135,1611710145,99,18,14
mDiffFit,ID0000235,15623.000.000,192.168.1.165,1611710377,1611710396,1611710399,1611710408,1611710408,1611710409,1611710420,19,12,12
mDiffFit,ID0000036,15723.000.000,192.168.1.168,1611710898,1611710921,1611710940,1611710941,1611710941,1611710945,1611710954,23,20,13
mProject,ID0000321,15334.000.000,192.168.1.163,1611707780,1611707789,1611709363,1611709377,1611709377,1611709380,1611709390,9,1588,13
mProject,ID0000006,15345.000.000,192.168.1.170,1611707794,1611707809,1611709563,1611709566,1611709566,1611709568,1611709578,15,1757,12
mDiffFit,ID0000369,15447.000.000,192.168.1.166,1611709343,1611709358,1611709362,1611709377,1611709377,1611709379,1611709390,15,19,13
mDiffFit,ID0000341,15533.000.000,192.168.1.166,1611709854,1611709941,1611709955,1611709969,1611709969,1611709970,1611709981,87,28,12
stage_in_remote_local,0_5,15304.000.000,192.168.1.4,1611707600,1611707603,1611707607,1611707611,1611707611,1611707612,1611707618,3,8,7
mDiffFit,ID0000111,15779.000.000,192.168.1.168,1611711218,1611711270,1611711277,1611711283,1611711283,1611711287,1611711295,52,13,12
mDiffFit,ID0000259,15655.000.000,192.168.1.168,1611710536,1611710553,1611710559,1611710562,1611710562,1611710564,1611710574,17,9,12
mProject,ID0000016,15353.000.000,192.168.1.162,1611707802,1611707810,1611709668,1611709682,1611709682,1611709683,1611709696,8,1872,14
mDiffFit,ID0000288,15633.000.000,192.168.1.168,1611710427,1611710452,1611710477,1611710484,1611710484,1611710486,1611710499,25,32,15
mDiffFit,ID0000074,15585.000.000,192.168.1.170,1611710189,1611710205,1611710223,1611710234,1611710234,1611710235,1611710247,16,29,13
mDiffFit,ID0000248,15395.000.000,192.168.1.166,1611709030,1611709067,1611709070,1611709082,1611709082,1611709083,1611709093,37,15,11
mDiffFit,ID0000097,15736.000.000,192.168.1.161,1611710976,1611710995,1611710998,1611710999,1611710999,1611710999,1611711012,19,4,13
mBackground,ID0000310,15695.000.000,192.168.1.165,1611710742,1611710751,1611710787,1611710798,1611710798,1611710801,1611710814,9,47,16
mViewer,ID0000472,15852.000.000,192.168.1.165,1611711700,1611711725,1611711772,1611711774,1611711774,1611711774,1611711779,25,49,5
mDiffFit,ID0000065,15603.000.000,192.168.1.168,1611710281,1611710292,1611710296,1611710308,1611710308,1611710308,1611710319,11,16,11
mDiffFit,ID0000397,15713.000.000,192.168.1.168,1611710827,1611710857,1611710863,1611710874,1611710874,1611710876,1611710887,30,17,13
register_local,3_0,15616.000.000,192.168.1.4,1611710343,1611710348,1611710353,1611710357,1611710357,1611710360,1611710370,5,9,13
stage_in_local_local,3_0,15314.000.000,192.168.1.4,1611707617,1611707620,1611707742,1611707743,1611707743,1611707743,1611707750,3,123,7
mDiffFit,ID0000188,15365.000.000,192.168.1.166,1611708874,1611708896,1611708903,1611708918,1611708918,1611708919,1611708931,22,22,13
mDiffFit,ID0000243,15398.000.000,192.168.1.170,1611709034,1611709082,1611709093,1611709106,1611709106,1611709107,1611709118,48,24,12
mDiffFit,ID0000104,15792.000.000,192.168.1.165,1611711307,1611711323,1611711342,1611711344,1611711344,1611711346,1611711353,16,21,9
mDiffFit,ID0000185,15630.000.000,192.168.1.163,1611710405,1611710421,1611710423,1611710433,1611710433,1611710435,1611710447,16,12,14
mProject,ID0000164,15348.000.000,192.168.1.170,1611707795,1611707810,1611708916,1611708918,1611708918,1611708920,1611708931,15,1108,13
mDiffFit,ID0000441,15456.000.000,192.168.1.165,1611709401,1611709435,1611709444,1611709451,1611709451,1611709454,1611709465,34,16,14
mBackground,ID0000307,15704.000.000,192.168.1.161,1611710768,1611710818,1611710891,1611710900,1611710900,1611710902,1611710913,50,82,13
register_local,1_0,15596.000.000,192.168.1.4,1611710245,1611710251,1611710258,1611710271,1611710271,1611710272,1611710283,6,20,12
register_local,0_2,15804.000.000,192.168.1.4,1611711382,1611711388,1611711390,1611711393,1611711393,1611711393,1611711400,6,5,7
mDiffFit,ID0000210,15646.000.000,192.168.1.168,1611710491,1611710514,1611710516,1611710524,1611710524,1611710525,1611710537,23,10,13
mProject,ID0000004,15335.000.000,192.168.1.163,1611707780,1611707791,1611709648,1611709651,1611709651,1611709653,1611709667,11,1860,16
mDiffFit,ID0000421,15494.000.000,192.168.1.164,1611709628,1611709696,1611709702,1611709711,1611709711,1611709712,1611709723,68,15,12
mDiffFit,ID0000048,15741.000.000,192.168.1.165,1611710987,1611711038,1611711083,1611711096,1611711096,1611711098,1611711109,51,58,13
mProject,ID0000320,15363.000.000,192.168.1.169,1611707845,1611708926,1611710474,1611710484,1611710484,1611710485,1611710499,1081,1558,15
mDiffFit,ID0000061,15737.000.000,192.168.1.168,1611710976,1611710995,1611711013,1611711027,1611711027,1611711029,1611711041,19,32,14
mDiffFit,ID0000336,15535.000.000,192.168.1.166,1611709866,1611709949,1611709957,1611709969,1611709969,1611709970,1611709981,83,20,12
mDiffFit,ID0000423,15501.000.000,192.168.1.163,1611709665,1611709747,1611709797,1611709803,1611709803,1611709807,1611709816,82,56,13
