Job,ID,DagmanID,Node IP,SUBMIT,EXECUTE,JOB_TERMINATED,JOB_SUCCESS,POST_SCRIPT_STARTED,POST_SCRIPT_TERMINATED,POST_SCRIPT_SUCCESS,wait_time,exec_time,ps_time
mDiffFit,ID0000287,12783.000.000,192.168.1.165,1611654762,1611654778,1611654791,1611654802,1611654802,1611654804,1611654816,16,24,14
mProject,ID0000170,12460.000.000,192.168.1.164,1611650685,1611650706,1611651867,1611651869,1611651869,1611651869,1611651874,21,1163,5
clean_up_local_level,2_7,12933.000.000,192.168.1.4,1611655597,1611655600,1611655614,1611655615,1611655615,1611655615,1611655626,3,15,11
mDiffFit,ID0000276,12617.000.000,192.168.1.164,1611653646,1611653707,1611653719,1611653728,1611653728,1611653729,1611653740,61,21,12
mDiffFit,ID0000258,12585.000.000,192.168.1.163,1611653287,1611653317,1611653318,1611653320,1611653320,1611653320,1611653325,30,3,5
mDiffFit,ID0000062,12686.000.000,192.168.1.161,1611654066,1611654082,1611654091,1611654096,1611654096,1611654096,1611654101,16,14,5
mDiffFit,ID0000060,12777.000.000,192.168.1.165,1611654728,1611654756,1611654762,1611654766,1611654766,1611654768,1611654778,28,10,12
mDiffFit,ID0000293,12599.000.000,192.168.1.163,1611653506,1611653516,1611653525,1611653528,1611653528,1611653529,1611653534,10,12,6
mBackground,ID0000150,12962.000.000,192.168.1.164,1611655748,1611655800,1611655845,1611655847,1611655847,1611655848,1611655853,52,47,6
stage_in_remote_local,0_0,12430.000.000,192.168.1.4,1611650203,1611650207,1611650210,1611650215,1611650215,1611650216,1611650221,4,8,6
clean_up_local_level,5_3,12713.000.000,192.168.1.4,1611654390,1611654390,1611654401,1611654405,1611654405,1611654406,1611654417,0,15,12
register_local,6_1,12812.000.000,192.168.1.4,1611654916,1611654923,1611654930,1611654932,1611654932,1611654935,1611654946,7,9,14
mDiffFit,ID0000111,12667.000.000,192.168.1.165,1611653918,1611653985,1611653992,1611653995,1611653995,1611653997,1611654002,67,10,7
mDiffFit,ID0000184,12788.000.000,192.168.1.163,1611654787,1611654804,1611654807,1611654816,1611654816,1611654817,1611654827,17,12,11
mProject,ID0000011,12489.000.000,192.168.1.164,1611650862,1611653178,1611654962,1611654971,1611654971,1611654972,1611654979,2316,1793,8
mDiffFit,ID0000222,12581.000.000,192.168.1.161,1611653112,1611653174,1611653177,1611653181,1611653181,1611653181,1611653186,62,7,5
mDiffFit,ID0000221,12618.000.000,192.168.1.161,1611653646,1611653718,1611653722,1611653728,1611653728,1611653729,1611653740,72,10,12
mDiffFit,ID0000422,12695.000.000,192.168.1.164,1611654233,1611654279,1611654281,1611654285,1611654285,1611654288,1611654292,46,6,7
mBackground,ID0000307,12848.000.000,192.168.1.161,1611655066,1611655099,1611655176,1611655180,1611655180,1611655182,1611655187,33,81,7
mDiffFit,ID0000096,12550.000.000,192.168.1.162,1611652673,1611652708,1611652717,1611652719,1611652719,1611652720,1611652725,35,11,6
mDiffFit,ID0000117,12548.000.000,192.168.1.162,1611652673,1611652699,1611652700,1611652703,1611652703,1611652704,1611652709,26,4,6
mDiffFit,ID0000091,12898.000.000,192.168.1.165,1611655397,1611655428,1611655433,1611655435,1611655435,1611655436,1611655448,31,7,13
register_local,11_1,12922.000.000,192.168.1.4,1611655518,1611655523,1611655532,1611655536,1611655536,1611655540,1611655550,5,13,14
clean_up_local_level,4_7,12967.000.000,192.168.1.4,1611655830,1611655833,1611655848,1611655853,1611655853,1611655854,1611655859,3,20,6
mDiffFit,ID0000277,12609.000.000,192.168.1.161,1611653628,1611653657,1611653666,1611653666,1611653666,1611653667,1611653674,29,9,8
mDiffFit,ID0000182,12613.000.000,192.168.1.164,1611653628,1611653685,1611653686,1611653696,1611653696,1611653697,1611653705,57,11,9
mDiffFit,ID0000109,12663.000.000,192.168.1.161,1611653892,1611653960,1611653985,1611653989,1611653989,1611653990,1611653995,68,29,6
register_local,30_1,12883.000.000,192.168.1.4,1611655293,1611655298,1611655305,1611655310,1611655310,1611655313,1611655322,5,12,12
stage_in_remote_local,2_4,12442.000.000,192.168.1.4,1611650221,1611650223,1611650226,1611650228,1611650228,1611650228,1611650233,2,5,5
mBackground,ID0000296,12842.000.000,192.168.1.163,1611655039,1611655068,1611655147,1611655151,1611655151,1611655153,1611655165,29,83,14
mDiffFit,ID0000240,12514.000.000,192.168.1.164,1611651979,1611652049,1611652051,1611652055,1611652055,1611652057,1611652061,70,6,6
register_local,2_4,12978.000.000,192.168.1.4,1611655878,1611655884,1611655887,1611655892,1611655892,1611655892,1611655897,6,8,5
mConcatFit,ID0000294,12821.000.000,192.168.1.165,1611654953,1611654963,1611654969,1611654971,1611654971,1611654974,1611654979,10,8,8
mDiffFit,ID0000372,12625.000.000,192.168.1.164,1611653666,1611653768,1611653772,1611653775,1611653775,1611653775,1611653785,102,7,10
clean_up_local_level,3_3,12749.000.000,192.168.1.4,1611654590,1611654590,1611654602,1611654605,1611654605,1611654607,1611654618,0,15,13
mDiffFit,ID0000055,12675.000.000,192.168.1.164,1611653952,1611654021,1611654025,1611654029,1611654029,1611654031,1611654040,69,8,11
mDiffFit,ID0000338,12522.000.000,192.168.1.163,1611652341,1611652381,1611652389,1611652393,1611652393,1611652393,1611652398,40,12,5
mDiffFit,ID0000289,12603.000.000,192.168.1.165,1611653512,1611653538,1611653541,1611653545,1611653545,1611653546,1611653551,26,7,6
mDiffFit,ID0000046,12681.000.000,192.168.1.161,1611654038,1611654056,1611654073,1611654078,1611654078,1611654079,1611654084,18,22,6
mBackground,ID0000459,12916.000.000,192.168.1.165,1611655482,1611655507,1611655566,1611655575,1611655575,1611655578,1611655590,25,68,15
mProject,ID0000326,12467.000.000,192.168.1.161,1611650787,1611651491,1611653036,1611653038,1611653038,1611653038,1611653043,704,1547,5
clean_up_local_level,0_9,12989.000.000,192.168.1.4,1611656005,1611656005,1611656023,1611656027,1611656027,1611656028,1611656033,0,22,6
clean_up_local_level,0_10,12995.000.000,192.168.1.4,1611656101,1611656102,1611656116,1611656117,1611656117,1611656117,1611656123,1,15,6
mDiffFit,ID0000437,12645.000.000,192.168.1.165,1611653735,1611653870,1611653874,1611653874,1611653874,1611653876,1611653880,135,4,6
mDiffFit,ID0000265,12512.000.000,192.168.1.162,1611651979,1611652033,1611652036,1611652036,1611652036,1611652037,1611652042,54,3,6
clean_up_local_level,4_3,12662.000.000,192.168.1.4,1611653886,1611653891,1611653905,1611653908,1611653908,1611653914,1611653923,5,17,15
mDiffFit,ID0000100,12926.000.000,192.168.1.161,1611655548,1611655577,1611655581,1611655590,1611655590,1611655591,1611655604,29,13,14
mDiffFit,ID0000444,12570.000.000,192.168.1.164,1611653049,1611653111,1611653119,1611653124,1611653124,1611653125,1611653130,62,13,6
mDiffFit,ID0000383,12718.000.000,192.168.1.161,1611654397,1611654428,1611654433,1611654443,1611654443,1611654446,1611654457,31,15,14
register_local,15_1,12925.000.000,192.168.1.4,1611655543,1611655547,1611655557,1611655562,1611655562,1611655564,1611655575,4,15,13
stage_in_local_local,3_0,12444.000.000,192.168.1.4,1611650226,1611650227,1611650776,1611650777,1611650777,1611650777,1611650782,1,550,5
mBackground,ID0000147,12954.000.000,192.168.1.165,1611655724,1611655736,1611655809,1611655815,1611655815,1611655819,1611655823,12,79,8
mDiffFit,ID0000255,12710.000.000,192.168.1.162,1611654333,1611654360,1611654371,1611654373,1611654373,1611654374,1611654379,27,13,6
mBackground,ID0000310,12839.000.000,192.168.1.161,1611655031,1611655045,1611655075,1611655084,1611655084,1611655084,1611655100,14,39,16
mDiffFit,ID0000409,12651.000.000,192.168.1.161,1611653749,1611653897,1611653924,1611653935,1611653935,1611653935,1611653946,148,38,11
mProject,ID0000005,12484.000.000,192.168.1.164,1611650816,1611652590,1611654432,1611654443,1611654443,1611654445,1611654457,1774,1853,14
mDiffFit,ID0000414,12653.000.000,192.168.1.165,1611653758,1611653911,1611653918,1611653923,1611653923,1611653924,1611653935,153,12,12
mDiffFit,ID0000441,12649.000.000,192.168.1.165,1611653739,1611653897,1611653901,1611653908,1611653908,1611653913,1611653923,158,11,15
clean_up_local_level,9_3,12598.000.000,192.168.1.4,1611653505,1611653505,1611653512,1611653517,1611653517,1611653517,1611653523,0,12,6
mDiffFit,ID0000337,12694.000.000,192.168.1.163,1611654233,1611654277,1611654280,1611654285,1611654285,1611654287,1611654292,44,8,7
mViewer,ID0000472,12992.000.000,192.168.1.165,1611656006,1611656040,1611656086,1611656091,1611656091,1611656091,1611656096,34,51,5
mDiffFit,ID0000132,12676.000.000,192.168.1.165,1611653952,1611654031,1611654033,1611654040,1611654040,1611654042,1611654057,79,9,17
mDiffFit,ID0000090,12765.000.000,192.168.1.163,1611654659,1611654687,1611654692,1611654702,1611654702,1611654704,1611654718,28,15,16
mDiffFit,ID0000438,12525.000.000,192.168.1.163,1611652367,1611652405,1611652420,1611652426,1611652426,1611652426,1611652438,38,21,12
mDiffFit,ID0000236,12638.000.000,192.168.1.161,1611653696,1611653828,1611653832,1611653836,1611653836,1611653837,1611653842,132,8,6
mDiffFit,ID0000092,12592.000.000,192.168.1.165,1611653446,1611653453,1611653461,1611653463,1611653463,1611653464,1611653469,7,10,6
mDiffFit,ID0000362,12626.000.000,192.168.1.161,1611653666,1611653768,1611653777,1611653785,1611653785,1611653786,1611653791,102,17,6
mDiffFit,ID0000040,12857.000.000,192.168.1.165,1611655113,1611655145,1611655153,1611655165,1611655165,1611655167,1611655172,32,20,7
mDiffFit,ID0000286,12784.000.000,192.168.1.161,1611654765,1611654778,1611654791,1611654791,1611654791,1611654791,1611654802,13,13,11
register_local,32_1,12782.000.000,192.168.1.4,1611654761,1611654762,1611654767,1611654778,1611654778,1611654779,1611654791,1,16,13
mDiffFit,ID0000054,12552.000.000,192.168.1.162,1611652680,1611652716,1611652718,1611652719,1611652719,1611652720,1611652725,36,3,6
mDiffFit,ID0000047,12745.000.000,192.168.1.161,1611654537,1611654568,1611654571,1611654573,1611654573,1611654575,1611654579,31,5,6
clean_up_local_level,7_7,12970.000.000,192.168.1.4,1611655852,1611655853,1611655864,1611655867,1611655867,1611655869,1611655881,1,14,14
mProject,ID0000319,12487.000.000,192.168.1.165,1611650861,1611652919,1611654577,1611654579,1611654579,1611654580,1611654585,2058,1660,6
mDiffFit,ID0000119,12728.000.000,192.168.1.164,1611654453,1611654475,1611654496,1611654508,1611654508,1611654509,1611654520,22,33,12
mDiffFit,ID0000424,12526.000.000,192.168.1.163,1611652368,1611652421,1611652424,1611652426,1611652426,1611652427,1611652438,53,5,12
mProject,ID0000007,12459.000.000,192.168.1.164,1611650684,1611650706,1611652583,1611652585,1611652585,1611652585,1611652590,22,1879,5
mDiffFit,ID0000028,12673.000.000,192.168.1.165,1611653941,1611654018,1611654022,1611654024,1611654024,1611654026,1611654029,77,6,5
mDiffFit,ID0000217,12576.000.000,192.168.1.161,1611653102,1611653147,1611653150,1611653154,1611653154,1611653155,1611653159,45,7,5
mDiffFit,ID0000431,12885.000.000,192.168.1.164,1611655306,1611655322,1611655326,1611655330,1611655330,1611655331,1611655337,16,8,7
mDiffFit,ID0000288,12555.000.000,192.168.1.165,1611652861,1611652881,1611652887,1611652889,1611652889,1611652889,1611652894,20,8,5
mDiffFit,ID0000216,12639.000.000,192.168.1.165,1611653696,1611653834,1611653838,1611653842,1611653842,1611653845,1611653850,138,8,8
mDiffFit,ID0000022,12540.000.000,192.168.1.162,1611652596,1611652637,1611652638,1611652642,1611652642,1611652642,1611652647,41,5,5
mDiffFit,ID0000345,12531.000.000,192.168.1.163,1611652435,1611652467,1611652469,1611652470,1611652470,1611652470,1611652475,32,3,5
mDiffFit,ID0000037,12826.000.000,192.168.1.163,1611654969,1611655003,1611655006,1611655007,1611655007,1611655011,1611655020,34,4,13
register_local,27_1,12891.000.000,192.168.1.4,1611655353,1611655356,1611655361,1611655364,1611655364,1611655364,1611655371,3,8,7
mProject,ID0000171,12470.000.000,192.168.1.165,1611650788,1611651660,1611652847,1611652850,1611652850,1611652850,1611652855,872,1190,5
mProject,ID0000329,12486.000.000,192.168.1.162,1611650861,1611652718,1611654379,1611654379,1611654379,1611654381,1611654385,1857,1661,6
mBgModel,ID0000138,12943.000.000,192.168.1.165,1611655658,1611655658,1611655666,1611655668,1611655668,1611655669,1611655674,0,10,6
mProject,ID0000318,12448.000.000,192.168.1.165,1611650390,1611650391,1611652050,1611652055,1611652055,1611652056,1611652061,1,1664,6
mProject,ID0000158,12454.000.000,192.168.1.161,1611650397,1611650412,1611651490,1611651494,1611651494,1611651494,1611651499,15,1082,5
mProject,ID0000169,12491.000.000,192.168.1.163,1611650867,1611653403,1611654641,1611654648,1611654648,1611654650,1611654662,2536,1245,14
mProject,ID0000002,12490.000.000,192.168.1.161,1611650867,1611653178,1611654887,1611654902,1611654902,1611654903,1611654909,2311,1724,7
mDiffFit,ID0000445,12642.000.000,192.168.1.164,1611653714,1611653847,1611653859,1611653862,1611653862,1611653863,1611653868,133,15,6
mDiffFit,ID0000208,12584.000.000,192.168.1.163,1611653287,1611653307,1611653308,1611653310,1611653310,1611653310,1611653315,20,3,5
mDiffFit,ID0000105,12671.000.000,192.168.1.165,1611653931,1611654010,1611654018,1611654024,1611654024,1611654024,1611654029,79,14,5
mDiffFit,ID0000250,12712.000.000,192.168.1.161,1611654343,1611654376,1611654382,1611654385,1611654385,1611654385,1611654391,33,9,6
mDiffFit,ID0000380,12573.000.000,192.168.1.164,1611653056,1611653129,1611653133,1611653136,1611653136,1611653137,1611653142,73,7,6
mDiffFit,ID0000042,12827.000.000,192.168.1.165,1611654970,1611655003,1611655006,1611655007,1611655007,1611655010,1611655020,33,4,13
stage_in_remote_local,3_4,12445.000.000,192.168.1.4,1611650227,1611650227,1611650230,1611650233,1611650233,1611650234,1611650239,0,6,6
mDiffFit,ID0000271,12608.000.000,192.168.1.163,1611653523,1611653571,1611653573,1611653577,1611653577,1611653577,1611653582,48,6,5
mDiffFit,ID0000285,12792.000.000,192.168.1.163,1611654810,1611654829,1611654831,1611654841,1611654841,1611654844,1611654857,19,12,16
mDiffFit,ID0000284,12789.000.000,192.168.1.161,1611654790,1611654802,1611654806,1611654816,1611654816,1611654816,1611654827,12,14,11
mDiffFit,ID0000026,12834.000.000,192.168.1.163,1611655006,1611655032,1611655038,1611655045,1611655045,1611655046,1611655056,26,13,11
register_local,29_1,12865.000.000,192.168.1.4,1611655179,1611655183,1611655191,1611655193,1611655193,1611655194,1611655202,4,10,9
mDiffFit,ID0000239,12701.000.000,192.168.1.165,1611654308,1611654331,1611654361,1611654367,1611654367,1611654368,1611654373,23,36,6
register_local,26_1,12866.000.000,192.168.1.4,1611655201,1611655205,1611655210,1611655214,1611655214,1611655215,1611655222,4,9,8
mBackground,ID0000153,12951.000.000,192.168.1.161,1611655705,1611655731,1611655812,1611655815,1611655815,1611655820,1611655823,26,84,8
mAdd,ID0000470,12940.000.000,192.168.1.161,1611655651,1611655720,1611655845,1611655847,1611655847,1611655848,1611655853,69,127,6
mDiffFit,ID0000360,12621.000.000,192.168.1.161,1611653655,1611653736,1611653751,1611653752,1611653752,1611653752,1611653763,81,16,11
mDiffFit,ID0000359,12561.000.000,192.168.1.161,1611653037,1611653056,1611653059,1611653063,1611653063,1611653063,1611653068,19,7,5
mBackground,ID0000302,12844.000.000,192.168.1.161,1611655044,1611655068,1611655132,1611655134,1611655134,1611655137,1611655151,24,66,17
mDiffFit,ID0000358,12725.000.000,192.168.1.161,1611654439,1611654465,1611654471,1611654483,1611654483,1611654483,1611654494,26,18,11
register_local,22_1,12944.000.000,192.168.1.4,1611655673,1611655677,1611655685,1611655686,1611655686,1611655689,1611655699,4,9,13
mDiffFit,ID0000226,12607.000.000,192.168.1.163,1611653517,1611653561,1611653563,1611653567,1611653567,1611653567,1611653572,44,6,5
mDiffFit,ID0000375,12658.000.000,192.168.1.165,1611653773,1611653942,1611653958,1611653959,1611653959,1611653962,1611653966,169,17,7
register_local,12_1,12986.000.000,192.168.1.4,1611655972,1611655973,1611655976,1611655978,1611655978,1611655978,1611655983,1,5,5
mProject,ID0000003,12466.000.000,192.168.1.162,1611650691,1611650705,1611652610,1611652611,1611652611,1611652611,1611652616,14,1906,5
mDiffFit,ID0000364,12689.000.000,192.168.1.165,1611654227,1611654239,1611654244,1611654244,1611654244,1611654244,1611654249,12,5,5
mDiffFit,ID0000369,12641.000.000,192.168.1.161,1611653711,1611653846,1611653849,1611653850,1611653850,1611653851,1611653856,135,4,6
mBackground,ID0000301,12845.000.000,192.168.1.165,1611655051,1611655065,1611655130,1611655134,1611655134,1611655135,1611655151,14,69,17
mDiffFit,ID0000195,12810.000.000,192.168.1.161,1611654898,1611654913,1611654916,1611654918,1611654918,1611654922,1611654932,15,5,14
mViewer,ID0000471,12973.000.000,192.168.1.164,1611655858,1611655863,1611655891,1611655892,1611655892,1611655892,1611655897,5,29,5
mBackground,ID0000311,12846.000.000,192.168.1.165,1611655053,1611655092,1611655147,1611655151,1611655151,1611655155,1611655165,39,59,14
mDiffFit,ID0000122,12860.000.000,192.168.1.165,1611655141,1611655193,1611655210,1611655214,1611655214,1611655215,1611655222,52,21,8
register_local,9_1,12987.000.000,192.168.1.4,1611655983,1611655984,1611655989,1611655993,1611655993,1611655994,1611655999,1,9,6
mDiffFit,ID0000443,12724.000.000,192.168.1.161,1611654436,1611654460,1611654473,1611654483,1611654483,1611654484,1611654494,24,23,11
register_local,34_1,12772.000.000,192.168.1.4,1611654710,1611654715,1611654720,1611654729,1611654729,1611654730,1611654742,5,14,13
mDiffFit,ID0000246,12554.000.000,192.168.1.165,1611652860,1611652874,1611652875,1611652878,1611652878,1611652879,1611652884,14,4,6
register_local,21_1,12964.000.000,192.168.1.4,1611655782,1611655786,1611655795,1611655796,1611655796,1611655797,1611655815,4,10,19
mDiffFit,ID0000136,12901.000.000,192.168.1.161,1611655409,1611655425,1611655437,1611655448,1611655448,1611655449,1611655461,16,23,13
mDiffFit,ID0000259,12616.000.000,192.168.1.165,1611653646,1611653707,1611653708,1611653716,1611653716,1611653717,1611653728,61,9,12
mBackground,ID0000154,12948.000.000,192.168.1.165,1611655696,1611655730,1611655807,1611655815,1611655815,1611655817,1611655823,34,85,8
mDiffFit,ID0000204,12636.000.000,192.168.1.165,1611653696,1611653815,1611653817,1611653819,1611653819,1611653823,1611653825,119,4,6
mBackground,ID0000458,12917.000.000,192.168.1.165,1611655491,1611655507,1611655573,1611655575,1611655575,1611655579,1611655590,16,68,15
mDiffFit,ID0000175,12509.000.000,192.168.1.164,1611651956,1611652015,1611652018,1611652019,1611652019,1611652020,1611652025,59,4,6
mDiffFit,ID0000249,12709.000.000,192.168.1.165,1611654332,1611654360,1611654377,1611654379,1611654379,1611654381,1611654385,28,19,6
mDiffFit,ID0000043,12820.000.000,192.168.1.161,1611654944,1611654965,1611654968,1611654971,1611654971,1611654973,1611654979,21,6,8
mDiffFit,ID0000342,12646.000.000,192.168.1.165,1611653736,1611653872,1611653876,1611653880,1611653880,1611653881,1611653895,136,8,15
mDiffFit,ID0000084,12770.000.000,192.168.1.161,1611654698,1611654715,1611654723,1611654729,1611654729,1611654732,1611654742,17,14,13
mDiffFit,ID0000196,12802.000.000,192.168.1.161,1611654850,1611654884,1611654892,1611654902,1611654902,1611654905,1611654909,34,18,7
mDiffFit,ID0000390,12757.000.000,192.168.1.165,1611654616,1611654641,1611654662,1611654677,1611654677,1611654678,1611654690,25,36,13
mDiffFit,ID0000179,12703.000.000,192.168.1.161,1611654308,1611654332,1611654334,1611654345,1611654345,1611654346,1611654351,24,13,6
mProject,ID0000172,12479.000.000,192.168.1.163,1611650810,1611652246,1611653494,1611653495,1611653495,1611653496,1611653500,1436,1249,5
mDiffFit,ID0000401,12569.000.000,192.168.1.161,1611653049,1611653110,1611653113,1611653113,1611653113,1611653113,1611653118,61,3,5
mDiffFit,ID0000181,12583.000.000,192.168.1.163,1611653287,1611653296,1611653298,1611653300,1611653300,1611653300,1611653305,9,4,5
mDiffFit,ID0000391,12761.000.000,192.168.1.161,1611654628,1611654666,1611654675,1611654677,1611654677,1611654679,1611654690,38,11,13
mDiffFit,ID0000361,12754.000.000,192.168.1.164,1611654600,1611654623,1611654631,1611654648,1611654648,1611654649,1611654662,23,25,14
register_local,19_1,12969.000.000,192.168.1.4,1611655847,1611655849,1611655851,1611655853,1611655853,1611655854,1611655859,2,4,6
mImgtbl,ID0000155,12975.000.000,192.168.1.164,1611655859,1611655885,1611655888,1611655892,1611655892,1611655892,1611655897,26,7,5
mBackground,ID0000300,12847.000.000,192.168.1.161,1611655063,1611655099,1611655177,1611655180,1611655180,1611655182,1611655187,36,81,7
mViewer,ID0000157,12991.000.000,192.168.1.161,1611656006,1611656008,1611656034,1611656039,1611656039,1611656040,1611656046,2,31,7
mDiffFit,ID0000125,12833.000.000,192.168.1.163,1611655005,1611655029,1611655048,1611655056,1611655056,1611655057,1611655070,24,27,14
mDiffFit,ID0000088,12776.000.000,192.168.1.161,1611654727,1611654742,1611654744,1611654754,1611654754,1611654756,1611654766,15,12,12
mDiffFit,ID0000230,12637.000.000,192.168.1.164,1611653696,1611653829,1611653833,1611653836,1611653836,1611653838,1611653842,133,7,6
mDiffFit,ID0000018,12543.000.000,192.168.1.162,1611652621,1611652665,1611652666,1611652667,1611652667,1611652667,1611652674,44,2,7
mDiffFit,ID0000064,12684.000.000,192.168.1.164,1611654055,1611654071,1611654076,1611654078,1611654078,1611654081,1611654084,16,7,6
mProject,ID0000330,12462.000.000,192.168.1.164,1611650690,1611650706,1611652414,1611652420,1611652420,1611652421,1611652426,16,1714,6
mDiffFit,ID0000215,12506.000.000,192.168.1.162,1611651955,1611651996,1611651999,1611652003,1611652003,1611652003,1611652008,41,7,5
mDiffFit,ID0000256,12704.000.000,192.168.1.162,1611654308,1611654327,1611654332,1611654334,1611654334,1611654334,1611654345,19,7,11
mDiffFit,ID0000082,12771.000.000,192.168.1.163,1611654701,1611654721,1611654744,1611654754,1611654754,1611654755,1611654766,20,33,12
mDiffFit,ID0000376,12691.000.000,192.168.1.165,1611654227,1611654275,1611654288,1611654292,1611654292,1611654294,1611654298,48,17,6
mDiffFit,ID0000086,12856.000.000,192.168.1.163,1611655108,1611655159,1611655198,1611655202,1611655202,1611655203,1611655208,51,43,6
register_local,25_1,12874.000.000,192.168.1.4,1611655239,1611655242,1611655249,1611655260,1611655260,1611655263,1611655275,3,18,15
mDiffFit,ID0000404,12723.000.000,192.168.1.161,1611654425,1611654457,1611654466,1611654469,1611654469,1611654470,1611654483,32,12,14
mDiffFit,ID0000432,12877.000.000,192.168.1.163,1611655254,1611655286,1611655304,1611655310,1611655310,1611655311,1611655322,32,24,12
mDiffFit,ID0000266,12619.000.000,192.168.1.165,1611653646,1611653720,1611653733,1611653740,1611653740,1611653741,1611653752,74,20,12
mDiffFit,ID0000025,12519.000.000,192.168.1.161,1611652125,1611652130,1611652132,1611652135,1611652135,1611652135,1611652140,5,5,5
mDiffFit,ID0000336,12654.000.000,192.168.1.164,1611653761,1611653916,1611653919,1611653923,1611653923,1611653925,1611653935,155,7,12
mDiffFit,ID0000368,12627.000.000,192.168.1.165,1611653672,1611653771,1611653775,1611653785,1611653785,1611653786,1611653791,99,14,6
mDiffFit,ID0000203,12578.000.000,192.168.1.161,1611653103,1611653162,1611653175,1611653176,1611653176,1611653176,1611653181,59,14,5
stage_in_local_local,2_0,12441.000.000,192.168.1.4,1611650221,1611650223,1611650672,1611650673,1611650673,1611650673,1611650678,2,450,5
mDiffFit,ID0000073,12746.000.000,192.168.1.164,1611654541,1611654578,1611654581,1611654585,1611654585,1611654585,1611654592,37,7,7
mDiffFit,ID0000178,12500.000.000,192.168.1.165,1611651622,1611651654,1611651660,1611651664,1611651664,1611651664,1611651669,32,10,5
mProject,ID0000173,12449.000.000,192.168.1.165,1611650390,1611650411,1611651566,1611651569,1611651569,1611651570,1611651575,21,1158,6
mDiffFit,ID0000206,12708.000.000,192.168.1.164,1611654329,1611654369,1611654384,1611654391,1611654391,1611654391,1611654405,40,22,14
mProject,ID0000166,12472.000.000,192.168.1.163,1611650793,1611652051,1611653275,1611653277,1611653277,1611653277,1611653282,1258,1226,5
mDiffFit,ID0000123,12863.000.000,192.168.1.163,1611655160,1611655202,1611655209,1611655214,1611655214,1611655215,1611655222,42,12,8
mDiffFit,ID0000374,12539.000.000,192.168.1.163,1611652454,1611652533,1611652540,1611652545,1611652545,1611652545,1611652550,79,12,5
register_local,4_0,12744.000.000,192.168.1.4,1611654530,1611654536,1611654545,1611654556,1611654556,1611654557,1611654562,6,20,6
mDiffFit,ID0000077,12743.000.000,192.168.1.161,1611654526,1611654564,1611654569,1611654573,1611654573,1611654574,1611654579,38,9,6
mDiffFit,ID0000118,12670.000.000,192.168.1.161,1611653929,1611654011,1611654023,1611654024,1611654024,1611654027,1611654029,82,13,5
mProject,ID0000168,12453.000.000,192.168.1.161,1611650397,1611650412,1611651512,1611651514,1611651514,1611651514,1611651519,15,1102,5
mBackground,ID0000141,12958.000.000,192.168.1.163,1611655737,1611655809,1611655846,1611655847,1611655847,1611655848,1611655853,72,38,6
stage_in_remote_local,1_4,12440.000.000,192.168.1.4,1611650220,1611650223,1611650226,1611650228,1611650228,1611650228,1611650233,3,5,5
mDiffFit,ID0000198,12799.000.000,192.168.1.163,1611654837,1611654862,1611654868,1611654874,1611654874,1611654876,1611654887,25,12,13
mDiffFit,ID0000402,12648.000.000,192.168.1.165,1611653737,1611653890,1611653898,1611653908,1611653908,1611653911,1611653923,153,18,15
mDiffFit,ID0000187,12602.000.000,192.168.1.163,1611653507,1611653534,1611653537,1611653540,1611653540,1611653540,1611653545,27,6,5
register_local,0_6,12994.000.000,192.168.1.4,1611656045,1611656046,1611656048,1611656051,1611656051,1611656051,1611656056,1,5,5
mDiffFit,ID0000278,12610.000.000,192.168.1.164,1611653628,1611653657,1611653659,1611653666,1611653666,1611653666,1611653674,29,9,8
mDiffFit,ID0000418,12697.000.000,192.168.1.162,1611654233,1611654275,1611654288,1611654292,1611654292,1611654294,1611654298,42,17,6
mDiffFit,ID0000398,12538.000.000,192.168.1.163,1611652454,1611652529,1611652538,1611652540,1611652540,1611652540,1611652545,75,11,5
mDiffFit,ID0000267,12587.000.000,192.168.1.163,1611653288,1611653347,1611653348,1611653350,1611653350,1611653350,1611653355,59,3,5
mDiffFit,ID0000194,12806.000.000,192.168.1.165,1611654869,1611654902,1611654909,1611654918,1611654918,1611654919,1611654932,33,16,14
register_local,1_1,12823.000.000,192.168.1.4,1611654967,1611654968,1611654973,1611654979,1611654979,1611654980,1611654994,1,11,15
mBackground,ID0000144,12947.000.000,192.168.1.165,1611655693,1611655730,1611655806,1611655815,1611655815,1611655817,1611655823,37,85,8
mProject,ID0000004,12475.000.000,192.168.1.162,1611650794,1611652079,1611654019,1611654024,1611654024,1611654025,1611654029,1285,1945,5
mDiffFit,ID0000207,12511.000.000,192.168.1.164,1611651978,1611652030,1611652038,1611652042,1611652042,1611652043,1611652050,52,12,8
mDiffFit,ID0000385,12760.000.000,192.168.1.165,1611654625,1611654672,1611654687,1611654690,1611654690,1611654693,1611654702,47,18,12
mDiffFit,ID0000121,12923.000.000,192.168.1.163,1611655531,1611655591,1611655596,1611655604,1611655604,1611655604,1611655609,60,13,5
mDiffFit,ID0000434,12869.000.000,192.168.1.165,1611655221,1611655237,1611655247,1611655260,1611655260,1611655262,1611655275,16,23,15
mProject,ID0000010,12451.000.000,192.168.1.161,1611650391,1611650411,1611652112,1611652114,1611652114,1611652114,1611652119,20,1703,5
register_local,18_1,12963.000.000,192.168.1.4,1611655756,1611655762,1611655770,1611655775,1611655775,1611655776,1611655783,6,13,8
mBackground,ID0000297,12841.000.000,192.168.1.165,1611655039,1611655052,1611655112,1611655116,1611655116,1611655118,1611655134,13,64,18
mDiffFit,ID0000131,12735.000.000,192.168.1.164,1611654478,1611654521,1611654552,1611654556,1611654556,1611654557,1611654562,43,35,6
mDiffFit,ID0000347,12562.000.000,192.168.1.161,1611653037,1611653064,1611653068,1611653073,1611653073,1611653074,1611653079,27,9,6
mDiffFit,ID0000083,12775.000.000,192.168.1.165,1611654726,1611654744,1611654746,1611654754,1611654754,1611654756,1611654766,18,10,12
mBgModel,ID0000452,12894.000.000,192.168.1.163,1611655383,1611655384,1611655391,1611655397,1611655397,1611655398,1611655409,1,13,12
mDiffFit,ID0000412,12655.000.000,192.168.1.165,1611653769,1611653916,1611653919,1611653923,1611653923,1611653926,1611653935,147,7,12
mDiffFit,ID0000447,12647.000.000,192.168.1.164,1611653736,1611653873,1611653877,1611653880,1611653880,1611653882,1611653895,137,7,15
mDiffFit,ID0000177,12634.000.000,192.168.1.161,1611653684,1611653802,1611653816,1611653819,1611653819,1611653821,1611653825,118,17,6
mImgtbl,ID0000312,12873.000.000,192.168.1.164,1611655230,1611655295,1611655304,1611655310,1611655310,1611655312,1611655322,65,15,12
mDiffFit,ID0000332,12624.000.000,192.168.1.165,1611653666,1611653750,1611653752,1611653763,1611653763,1611653764,1611653775,84,13,12
stage_in_local_local,1_0,12439.000.000,192.168.1.4,1611650220,1611650220,1611650850,1611650851,1611650851,1611650852,1611650856,0,631,5
mDiffFit,ID0000030,12521.000.000,192.168.1.163,1611652246,1611652378,1611652381,1611652383,1611652383,1611652384,1611652388,132,5,5
mDiffFit,ID0000352,12566.000.000,192.168.1.161,1611653043,1611653086,1611653089,1611653090,1611653090,1611653091,1611653096,43,4,6
mProject,ID0000161,12471.000.000,192.168.1.164,1611650788,1611651867,1611653089,1611653090,1611653090,1611653091,1611653096,1079,1223,6
mBackground,ID0000463,12904.000.000,192.168.1.161,1611655421,1611655438,1611655475,1611655484,1611655484,1611655485,1611655497,17,46,13
mDiffFit,ID0000116,12832.000.000,192.168.1.161,1611655001,1611655017,1611655034,1611655045,1611655045,1611655045,1611655056,16,28,11
mDiffFit,ID0000193,12803.000.000,192.168.1.163,1611654852,1611654889,1611654915,1611654918,1611654918,1611654921,1611654932,37,29,14
mDiffFit,ID0000253,12785.000.000,192.168.1.165,1611654774,1611654789,1611654796,1611654802,1611654802,1611654806,1611654816,15,13,14
mProject,ID0000322,12483.000.000,192.168.1.163,1611650816,1611652541,1611654214,1611654216,1611654216,1611654216,1611654221,1725,1675,5
mDiffFit,ID0000052,12546.000.000,192.168.1.162,1611652622,1611652687,1611652691,1611652691,1611652691,1611652692,1611652697,65,4,6
mViewer,ID0000314,12905.000.000,192.168.1.165,1611655430,1611655444,1611655488,1611655497,1611655497,1611655499,1611655512,14,53,15
clean_up_local_level,1_7,12972.000.000,192.168.1.4,1611655858,1611655858,1611655871,1611655881,1611655881,1611655881,1611655886,0,23,5
clean_up_local_level,0_3,12896.000.000,192.168.1.4,1611655395,1611655401,1611655416,1611655423,1611655423,1611655424,1611655435,6,22,12
mDiffFit,ID0000355,12574.000.000,192.168.1.161,1611653057,1611653133,1611653135,1611653136,1611653136,1611653138,1611653142,76,3,6
mDiffFit,ID0000094,12542.000.000,192.168.1.162,1611652596,1611652651,1611652660,1611652662,1611652662,1611652662,1611652667,55,11,5
register_local,0_3,12957.000.000,192.168.1.4,1611655737,1611655741,1611655747,1611655750,1611655750,1611655750,1611655758,4,9,8
cleanup_montage,local_0,12999.000.000,192.168.1.4,1611656143,1611656144,1611656146,1611656149,1611656149,1611656149,1611656154,1,5,5
mDiffFit,ID0000023,12596.000.000,192.168.1.165,1611653447,1611653493,1611653495,1611653495,1611653495,1611653495,1611653500,46,2,5
mDiffFit,ID0000354,12564.000.000,192.168.1.161,1611653038,1611653077,1611653079,1611653079,1611653079,1611653079,1611653084,39,2,5
mDiffFit,ID0000212,12507.000.000,192.168.1.164,1611651956,1611652002,1611652006,1611652008,1611652008,1611652008,1611652013,46,6,5
mDiffFit,ID0000108,12930.000.000,192.168.1.165,1611655570,1611655601,1611655605,1611655609,1611655609,1611655609,1611655615,31,8,6
mDiffFit,ID0000050,12597.000.000,192.168.1.165,1611653453,1611653500,1611653506,1611653507,1611653507,1611653507,1611653517,47,7,10
mDiffFit,ID0000242,12611.000.000,192.168.1.164,1611653628,1611653665,1611653676,1611653685,1611653685,1611653686,1611653696,37,20,11
clean_up_local_level,1_3,12829.000.000,192.168.1.4,1611654986,1611654992,1611655005,1611655007,1611655007,1611655009,1611655020,6,15,13
mDiffFit,ID0000415,12692.000.000,192.168.1.161,1611654227,1611654275,1611654280,1611654280,1611654280,1611654280,1611654285,48,5,5
mDiffFit,ID0000238,12631.000.000,192.168.1.161,1611653674,1611653788,1611653789,1611653791,1611653791,1611653793,1611653797,114,3,6
stage_in_remote_local,0_7,12432.000.000,192.168.1.4,1611650203,1611650207,1611650210,1611650215,1611650215,1611650215,1611650221,4,8,6
mDiffFit,ID0000126,12899.000.000,192.168.1.165,1611655397,1611655432,1611655451,1611655461,1611655461,1611655462,1611655473,35,29,12
mDiffFit,ID0000439,12720.000.000,192.168.1.165,1611654412,1611654430,1611654446,1611654457,1611654457,1611654458,1611654469,18,27,12
mDiffFit,ID0000373,12752.000.000,192.168.1.161,1611654591,1611654607,1611654611,1611654618,1611654618,1611654619,1611654631,16,11,13
mProject,ID0000162,12480.000.000,192.168.1.164,1611650810,1611652430,1611653639,1611653646,1611653646,1611653647,1611653657,1620,1216,11
clean_up_local_level,0_7,12977.000.000,192.168.1.4,1611655875,1611655878,1611655897,1611655897,1611655897,1611655898,1611655904,3,19,7
mBackground,ID0000309,12852.000.000,192.168.1.164,1611655082,1611655137,1611655209,1611655214,1611655214,1611655214,1611655222,55,77,8
mDiffFit,ID0000211,12790.000.000,192.168.1.165,1611654798,1611654814,1611654817,1611654827,1611654827,1611654828,1611654841,16,13,14
mDiffFit,ID0000197,12800.000.000,192.168.1.161,1611654840,1611654863,1611654873,1611654874,1611654874,1611654877,1611654887,23,11,13
mDiffFit,ID0000069,12680.000.000,192.168.1.164,1611654037,1611654053,1611654058,1611654071,1611654071,1611654073,1611654078,16,18,7
mProject,ID0000325,12457.000.000,192.168.1.163,1611650683,1611650685,1611652356,1611652357,1611652357,1611652357,1611652362,2,1672,5
mDiffFit,ID0000219,12575.000.000,192.168.1.164,1611653102,1611653145,1611653154,1611653159,1611653159,1611653160,1611653165,43,14,6
mDiffFit,ID0000430,12880.000.000,192.168.1.165,1611655272,1611655291,1611655312,1611655322,1611655322,1611655323,1611655330,19,31,8
mDiffFit,ID0000366,12878.000.000,192.168.1.164,1611655257,1611655297,1611655302,1611655310,1611655310,1611655311,1611655322,40,13,12
register_local,4_4,12983.000.000,192.168.1.4,1611655924,1611655924,1611655926,1611655929,1611655929,1611655930,1611655937,0,5,8
mDiffFit,ID0000334,12758.000.000,192.168.1.164,1611654617,1611654656,1611654681,1611654690,1611654690,1611654692,1611654702,39,34,12
mDiffFit,ID0000408,12888.000.000,192.168.1.163,1611655319,1611655332,1611655340,1611655342,1611655342,1611655343,1611655348,13,10,6
clean_up_local_level,0_8,12980.000.000,192.168.1.4,1611655903,1611655903,1611655912,1611655914,1611655914,1611655914,1611655919,0,11,5
mDiffFit,ID0000124,12836.000.000,192.168.1.165,1611655015,1611655036,1611655050,1611655056,1611655056,1611655060,1611655070,21,20,14
mDiffFit,ID0000244,12781.000.000,192.168.1.163,1611654753,1611654767,1611654773,1611654778,1611654778,1611654781,1611654791,14,11,13
mDiffFit,ID0000133,12931.000.000,192.168.1.161,1611655583,1611655603,1611655605,1611655609,1611655609,1611655609,1611655615,20,6,6
clean_up_local_level,6_7,12965.000.000,192.168.1.4,1611655803,1611655806,1611655821,1611655823,1611655823,1611655823,1611655838,3,17,15
mDiffFit,ID0000425,12567.000.000,192.168.1.161,1611653049,1611653095,1611653100,1611653106,1611653106,1611653106,1611653113,46,11,7
stage_in_local_local,4_0,12446.000.000,192.168.1.4,1611650227,1611650228,1611650796,1611650799,1611650799,1611650799,1611650804,1,571,5
register_local,35_1,12887.000.000,192.168.1.4,1611655317,1611655322,1611655328,1611655330,1611655330,1611655332,1611655337,5,8,7
mDiffFit,ID0000397,12696.000.000,192.168.1.164,1611654233,1611654279,1611654281,1611654285,1611654285,1611654287,1611654292,46,6,7
mBackground,ID0000304,12851.000.000,192.168.1.164,1611655080,1611655122,1611655207,1611655208,1611655208,1611655210,1611655214,42,86,6
mDiffFit,ID0000051,12668.000.000,192.168.1.164,1611653918,1611653986,1611653993,1611653995,1611653995,1611653998,1611654002,68,9,7
mDiffFit,ID0000389,12876.000.000,192.168.1.165,1611655251,1611655271,1611655288,1611655298,1611655298,1611655299,1611655310,20,27,12
mDiffFit,ID0000068,12736.000.000,192.168.1.161,1611654481,1611654522,1611654533,1611654545,1611654545,1611654546,1611654556,41,23,11
mBackground,ID0000453,12903.000.000,192.168.1.165,1611655418,1611655444,1611655486,1611655497,1611655497,1611655498,1611655512,26,53,15
mProject,ID0000001,12452.000.000,192.168.1.161,1611650396,1611650412,1611652107,1611652108,1611652108,1611652109,1611652114,16,1696,6
stage_in_remote_local,0_4,12435.000.000,192.168.1.4,1611650209,1611650211,1611650214,1611650215,1611650215,1611650216,1611650221,2,4,6
mDiffFit,ID0000024,12664.000.000,192.168.1.164,1611653904,1611653969,1611653975,1611653977,1611653977,1611653977,1611653982,65,8,5
stage_in_remote_local,2_1,12443.000.000,192.168.1.4,1611650221,1611650223,1611650226,1611650228,1611650228,1611650228,1611650233,2,5,5
mDiffFit,ID0000065,12864.000.000,192.168.1.165,1611655163,1611655202,1611655210,1611655214,1611655214,1611655215,1611655222,39,12,8
register_local,24_1,12858.000.000,192.168.1.4,1611655124,1611655135,1611655145,1611655151,1611655151,1611655152,1611655165,11,16,14
mDiffFit,ID0000450,12722.000.000,192.168.1.164,1611654416,1611654445,1611654460,1611654469,1611654469,1611654470,1611654483,29,24,14
mDiffFit,ID0000419,12688.000.000,192.168.1.165,1611654226,1611654232,1611654233,1611654233,1611654233,1611654234,1611654239,6,1,6
mDiffFit,ID0000231,12640.000.000,192.168.1.165,1611653703,1611653834,1611653852,1611653856,1611653856,1611653857,1611653862,131,22,6
mDiffFit,ID0000213,12553.000.000,192.168.1.165,1611652860,1611652868,1611652869,1611652873,1611652873,1611652873,1611652878,8,5,5
mDiffFit,ID0000112,12674.000.000,192.168.1.164,1611653943,1611654021,1611654035,1611654040,1611654040,1611654043,1611654057,78,19,17
mBackground,ID0000143,12949.000.000,192.168.1.165,1611655697,1611655730,1611655808,1611655815,1611655815,1611655818,1611655823,33,85,8
mBackground,ID0000465,12914.000.000,192.168.1.163,1611655471,1611655504,1611655595,1611655604,1611655604,1611655604,1611655609,33,100,5
mBackground,ID0000466,12913.000.000,192.168.1.163,1611655468,1611655503,1611655587,1611655590,1611655590,1611655593,1611655604,35,87,14
mDiffFit,ID0000370,12620.000.000,192.168.1.164,1611653652,1611653732,1611653735,1611653740,1611653740,1611653742,1611653752,80,8,12
register_local,20_1,12939.000.000,192.168.1.4,1611655646,1611655647,1611655649,1611655652,1611655652,1611655652,1611655658,1,5,6
mDiffFit,ID0000405,12534.000.000,192.168.1.163,1611652445,1611652490,1611652493,1611652495,1611652495,1611652495,1611652500,45,5,5
mDiffFit,ID0000019,12678.000.000,192.168.1.165,1611654036,1611654051,1611654059,1611654071,1611654071,1611654073,1611654078,15,20,7
mDiffFit,ID0000282,12601.000.000,192.168.1.165,1611653506,1611653523,1611653532,1611653534,1611653534,1611653535,1611653540,17,11,6
mDiffFit,ID0000127,12672.000.000,192.168.1.161,1611653933,1611654015,1611654020,1611654024,1611654024,1611654026,1611654029,82,9,5
mDiffFit,ID0000264,12605.000.000,192.168.1.165,1611653514,1611653549,1611653551,1611653551,1611653551,1611653552,1611653556,35,2,5
register_local,5_1,12835.000.000,192.168.1.4,1611655013,1611655018,1611655026,1611655032,1611655032,1611655033,1611655045,5,14,13
mDiffFit,ID0000237,12629.000.000,192.168.1.164,1611653673,1611653785,1611653788,1611653791,1611653791,1611653792,1611653797,112,6,6
clean_up_local_level,6_3,12811.000.000,192.168.1.4,1611654915,1611654916,1611654928,1611654932,1611654932,1611654934,1611654946,1,16,14
clean_up_local_level,0_6,12945.000.000,192.168.1.4,1611655681,1611655683,1611655701,1611655717,1611655717,1611655718,1611655730,2,34,13
mBackground,ID0000152,12959.000.000,192.168.1.164,1611655738,1611655792,1611655840,1611655847,1611655847,1611655848,1611655853,54,55,6
mDiffFit,ID0000416,12868.000.000,192.168.1.164,1611655220,1611655242,1611655247,1611655260,1611655260,1611655261,1611655275,22,18,15
mDiffFit,ID0000344,12721.000.000,192.168.1.164,1611654415,1611654443,1611654447,1611654457,1611654457,1611654459,1611654469,28,14,12
mProject,ID0000165,12463.000.000,192.168.1.162,1611650691,1611650705,1611651964,1611651966,1611651966,1611651966,1611651972,14,1261,6
mBackground,ID0000457,12908.000.000,192.168.1.161,1611655442,1611655473,1611655526,1611655536,1611655536,1611655539,1611655550,31,63,14
mDiffFit,ID0000115,12900.000.000,192.168.1.165,1611655405,1611655432,1611655438,1611655448,1611655448,1611655450,1611655461,27,16,13
clean_up_local_level,9_7,12976.000.000,192.168.1.4,1611655866,1611655872,1611655886,1611655886,1611655886,1611655887,1611655892,6,14,6
mBackground,ID0000462,12906.000.000,192.168.1.161,1611655433,1611655448,1611655501,1611655512,1611655512,1611655512,1611655523,15,64,11
mDiffFit,ID0000384,12533.000.000,192.168.1.163,1611652443,1611652480,1611652483,1611652485,1611652485,1611652485,1611652490,37,5,5
mProject,ID0000323,12456.000.000,192.168.1.163,1611650397,1611650412,1611652036,1611652036,1611652036,1611652037,1611652042,15,1624,6
mDiffFit,ID0000089,12767.000.000,192.168.1.161,1611654676,1611654691,1611654695,1611654702,1611654702,1611654705,1611654718,15,11,16
mDiffFit,ID0000174,12801.000.000,192.168.1.161,1611654848,1611654884,1611654911,1611654918,1611654918,1611654920,1611654932,36,34,14
mDiffFit,ID0000377,12518.000.000,192.168.1.162,1611652067,1611652077,1611652078,1611652083,1611652083,1611652083,1611652088,10,6,5
stage_in_remote_local,0_6,12433.000.000,192.168.1.4,1611650208,1611650212,1611650216,1611650221,1611650221,1611650221,1611650228,4,9,7
mDiffFit,ID0000410,12657.000.000,192.168.1.164,1611653772,1611653938,1611653957,1611653959,1611653959,1611653961,1611653966,166,21,7
mDiffFit,ID0000290,12502.000.000,192.168.1.164,1611651879,1611651970,1611651971,1611651972,1611651972,1611651972,1611651979,91,2,7
mProject,ID0000006,12485.000.000,192.168.1.162,1611650861,1611652717,1611654578,1611654579,1611654579,1611654580,1611654585,1856,1862,6
register_local,3_4,12979.000.000,192.168.1.4,1611655897,1611655898,1611655900,1611655904,1611655904,1611655904,1611655909,1,6,5
mDiffFit,ID0000130,12927.000.000,192.168.1.164,1611655558,1611655585,1611655603,1611655609,1611655609,1611655609,1611655615,27,24,6
mDiffFit,ID0000066,12683.000.000,192.168.1.164,1611654049,1611654067,1611654074,1611654078,1611654078,1611654080,1611654084,18,11,6
mDiffFit,ID0000248,12498.000.000,192.168.1.165,1611651621,1611651634,1611651636,1611651638,1611651638,1611651639,1611651644,13,4,6
mDiffFit,ID0000201,12798.000.000,192.168.1.165,1611654834,1611654862,1611654871,1611654874,1611654874,1611654877,1611654887,28,12,13
register_local,33_1,12787.000.000,192.168.1.4,1611654785,1611654789,1611654795,1611654802,1611654802,1611654805,1611654816,4,13,14
mDiffFit,ID0000340,12528.000.000,192.168.1.163,1611652368,1611652437,1611652438,1611652448,1611652448,1611652449,1611652454,69,11,6
mDiffFit,ID0000021,12768.000.000,192.168.1.165,1611654684,1611654702,1611654718,1611654729,1611654729,1611654730,1611654742,18,27,13
mDiffFit,ID0000260,12515.000.000,192.168.1.162,1611651985,1611652060,1611652067,1611652072,1611652072,1611652074,1611652078,75,12,6
mDiffFit,ID0000210,12508.000.000,192.168.1.162,1611651956,1611652007,1611652009,1611652013,1611652013,1611652014,1611652019,51,6,6
mBackground,ID0000468,12909.000.000,192.168.1.161,1611655444,1611655473,1611655525,1611655536,1611655536,1611655538,1611655550,29,63,14
mDiffFit,ID0000057,12545.000.000,192.168.1.162,1611652622,1611652680,1611652681,1611652686,1611652686,1611652686,1611652691,58,6,5
mDiffFit,ID0000081,12897.000.000,192.168.1.163,1611655397,1611655407,1611655411,1611655423,1611655423,1611655424,1611655435,10,16,12
stage_in_remote_local,1_0,12438.000.000,192.168.1.4,1611650215,1611650216,1611650218,1611650221,1611650221,1611650221,1611650228,1,5,7
mProject,ID0000317,12477.000.000,192.168.1.161,1611650809,1611652126,1611653636,1611653639,1611653639,1611653640,1611653646,1317,1513,7
mDiffFit,ID0000189,12805.000.000,192.168.1.163,1611654866,1611654906,1611654924,1611654932,1611654932,1611654934,1611654946,40,26,14
mBackground,ID0000151,12961.000.000,192.168.1.164,1611655739,1611655800,1611655843,1611655847,1611655847,1611655848,1611655853,61,47,6
mDiffFit,ID0000186,12556.000.000,192.168.1.165,1611652861,1611652892,1611652893,1611652894,1611652894,1611652894,1611652899,31,2,5
mDiffFit,ID0000394,12753.000.000,192.168.1.163,1611654592,1611654634,1611654643,1611654648,1611654648,1611654651,1611654662,42,14,14
mDiffFit,ID0000041,12824.000.000,192.168.1.161,1611654967,1611654985,1611654990,1611654994,1611654994,1611654997,1611655007,18,9,13
register_local,0_5,12982.000.000,192.168.1.4,1611655909,1611655912,1611655914,1611655919,1611655919,1611655919,1611655924,3,7,5
mBackground,ID0000142,12950.000.000,192.168.1.161,1611655699,1611655731,1611655813,1611655815,1611655815,1611655821,1611655823,32,84,8
register_local,0_1,12854.000.000,192.168.1.4,1611655092,1611655098,1611655107,1611655116,1611655116,1611655117,1611655134,6,18,18
mBackground,ID0000303,12843.000.000,192.168.1.165,1611655041,1611655065,1611655131,1611655134,1611655134,1611655136,1611655151,24,69,17
mDiffFit,ID0000442,12571.000.000,192.168.1.161,1611653049,1611653120,1611653124,1611653130,1611653130,1611653131,1611653136,71,10,6
mDiffFit,ID0000103,12862.000.000,192.168.1.164,1611655157,1611655193,1611655209,1611655214,1611655214,1611655215,1611655222,36,21,8
mDiffFit,ID0000356,12650.000.000,192.168.1.164,1611653746,1611653897,1611653900,1611653908,1611653908,1611653912,1611653923,151,11,15
mProject,ID0000163,12450.000.000,192.168.1.165,1611650391,1611650411,1611651606,1611651611,1611651611,1611651611,1611651616,20,1200,5
mDiffFit,ID0000106,12734.000.000,192.168.1.164,1611654477,1611654517,1611654522,1611654531,1611654531,1611654532,1611654545,40,14,14
register_local,0_4,12984.000.000,192.168.1.4,1611655936,1611655939,1611655945,1611655948,1611655948,1611655949,1611655956,3,9,8
mDiffFit,ID0000107,12593.000.000,192.168.1.165,1611653447,1611653467,1611653468,1611653469,1611653469,1611653469,1611653474,20,2,5
stage_in_remote_local,0_5,12434.000.000,192.168.1.4,1611650209,1611650211,1611650216,1611650221,1611650221,1611650221,1611650228,2,10,7
register_local,31_1,12778.000.000,192.168.1.4,1611654736,1611654742,1611654748,1611654754,1611654754,1611654757,1611654766,6,12,12
mBackground,ID0000461,12907.000.000,192.168.1.165,1611655434,1611655453,1611655502,1611655512,1611655512,1611655513,1611655523,19,59,11
stage_out_local_local,0_7,12996.000.000,192.168.1.4,1611656102,1611656107,1611656111,1611656112,1611656112,1611656112,1611656117,5,5,5
mAdd,ID0000313,12889.000.000,192.168.1.161,1611655329,1611655379,1611655408,1611655409,1611655409,1611655411,1611655423,50,30,14
mDiffFit,ID0000371,12719.000.000,192.168.1.161,1611654401,1611654429,1611654433,1611654443,1611654443,1611654447,1611654457,28,14,14
register_local,0_0,12551.000.000,192.168.1.4,1611652674,1611652680,1611652682,1611652686,1611652686,1611652686,1611652691,6,6,5
mProject,ID0000327,12476.000.000,192.168.1.165,1611650809,1611652079,1611653685,1611653696,1611653696,1611653697,1611653705,1270,1617,9
mDiffFit,ID0000031,12924.000.000,192.168.1.161,1611655534,1611655562,1611655576,1611655590,1611655590,1611655591,1611655604,28,28,14
stage_in_remote_local,1_1,12437.000.000,192.168.1.4,1611650209,1611650211,1611650214,1611650215,1611650215,1611650216,1611650221,2,4,6
mDiffFit,ID0000262,12513.000.000,192.168.1.162,1611651979,1611652045,1611652049,1611652050,1611652050,1611652050,1611652055,66,5,5
mDiffFit,ID0000365,12622.000.000,192.168.1.165,1611653663,1611653748,1611653751,1611653752,1611653752,1611653752,1611653763,85,4,11
mProject,ID0000008,12469.000.000,192.168.1.165,1611650788,1611651573,1611653433,1611653436,1611653436,1611653436,1611653441,785,1863,5
mDiffFit,ID0000020,12740.000.000,192.168.1.165,1611654505,1611654555,1611654580,1611654585,1611654585,1611654585,1611654592,50,30,7
mDiffFit,ID0000363,12659.000.000,192.168.1.164,1611653774,1611653946,1611653966,1611653971,1611653971,1611653973,1611653977,172,25,6
mDiffFit,ID0000033,12828.000.000,192.168.1.165,1611654978,1611655003,1611655006,1611655007,1611655007,1611655011,1611655020,25,4,13
register_local,13_1,12934.000.000,192.168.1.4,1611655602,1611655607,1611655610,1611655615,1611655615,1611655615,1611655626,5,8,11
mDiffFit,ID0000436,12568.000.000,192.168.1.161,1611653049,1611653101,1611653117,1611653118,1611653118,1611653119,1611653124,52,17,6
mDiffFit,ID0000038,12815.000.000,192.168.1.161,1611654918,1611654937,1611654941,1611654946,1611654946,1611654948,1611654959,19,9,13
mDiffFit,ID0000233,12633.000.000,192.168.1.165,1611653682,1611653802,1611653804,1611653807,1611653807,1611653809,1611653813,120,5,6
mBackground,ID0000464,12902.000.000,192.168.1.163,1611655416,1611655432,1611655461,1611655473,1611655473,1611655473,1611655484,16,41,11
mBackground,ID0000299,12838.000.000,192.168.1.165,1611655026,1611655037,1611655067,1611655070,1611655070,1611655071,1611655084,11,33,14
mDiffFit,ID0000110,12837.000.000,192.168.1.165,1611655019,1611655036,1611655040,1611655045,1611655045,1611655047,1611655056,17,9,11
mDiffFit,ID0000063,12685.000.000,192.168.1.165,1611654063,1611654077,1611654080,1611654084,1611654084,1611654085,1611654090,14,7,6
mDiffFit,ID0000072,12742.000.000,192.168.1.164,1611654518,1611654548,1611654556,1611654562,1611654562,1611654563,1611654568,30,14,6
mProject,ID0000321,12474.000.000,192.168.1.165,1611650794,1611652076,1611653727,1611653728,1611653728,1611653730,1611653740,1282,1652,12
mBackground,ID0000306,12849.000.000,192.168.1.163,1611655068,1611655100,1611655178,1611655180,1611655180,1611655183,1611655187,32,80,7
mDiffFit,ID0000185,12504.000.000,192.168.1.162,1611651880,1611651987,1611651989,1611651992,1611651992,1611651992,1611651997,107,5,5
mDiffFit,ID0000079,12737.000.000,192.168.1.163,1611654489,1611654551,1611654558,1611654562,1611654562,1611654563,1611654568,62,11,6
clean_up_local_level,0_4,12936.000.000,192.168.1.4,1611655621,1611655623,1611655635,1611655636,1611655636,1611655636,1611655641,2,13,5
register_local,8_1,12890.000.000,192.168.1.4,1611655336,1611655339,1611655344,1611655348,1611655348,1611655348,1611655357,3,9,9
mDiffFit,ID0000339,12881.000.000,192.168.1.164,1611655282,1611655302,1611655306,1611655310,1611655310,1611655314,1611655322,20,8,12
mDiffFit,ID0000351,12698.000.000,192.168.1.165,1611654239,1611654282,1611654286,1611654292,1611654292,1611654293,1611654298,43,10,6
mProject,ID0000167,12481.000.000,192.168.1.162,1611650816,1611652431,1611653614,1611653617,1611653617,1611653617,1611653622,1615,1186,5
mDiffFit,ID0000134,12730.000.000,192.168.1.161,1611654464,1611654495,1611654526,1611654531,1611654531,1611654533,1611654545,31,36,14
register_local,23_1,12985.000.000,192.168.1.4,1611655955,1611655957,1611655961,1611655966,1611655966,1611655967,1611655973,2,9,7
mBackground,ID0000305,12850.000.000,192.168.1.161,1611655077,1611655100,1611655181,1611655187,1611655187,1611655188,1611655193,23,87,6
mBackground,ID0000146,12955.000.000,192.168.1.163,1611655726,1611655752,1611655836,1611655838,1611655838,1611655840,1611655847,26,86,9
register_local,16_1,12937.000.000,192.168.1.4,1611655624,1611655632,1611655638,1611655641,1611655641,1611655641,1611655646,8,9,5
mDiffFit,ID0000232,12630.000.000,192.168.1.165,1611653673,1611653787,1611653803,1611653807,1611653807,1611653808,1611653813,114,20,6
mDiffFit,ID0000027,12549.000.000,192.168.1.162,1611652673,1611652707,1611652709,1611652714,1611652714,1611652714,1611652719,34,7,5
mDiffFit,ID0000223,12793.000.000,192.168.1.161,1611654812,1611654828,1611654830,1611654841,1611654841,1611654843,1611654857,16,13,16
mDiffFit,ID0000349,12560.000.000,192.168.1.161,1611653036,1611653042,1611653052,1611653058,1611653058,1611653058,1611653063,6,16,5
clean_up_local_level,8_3,12867.000.000,192.168.1.4,1611655220,1611655220,1611655232,1611655233,1611655233,1611655233,1611655245,0,13,12
mBackground,ID0000467,12910.000.000,192.168.1.163,1611655447,1611655470,1611655529,1611655536,1611655536,1611655540,1611655550,23,66,14
mDiffFit,ID0000044,12819.000.000,192.168.1.161,1611654940,1611654962,1611654966,1611654971,1611654971,1611654973,1611654979,22,9,8
register_local,10_1,12919.000.000,192.168.1.4,1611655496,1611655500,1611655508,1611655512,1611655512,1611655514,1611655523,4,12,11
mDiffFit,ID0000274,12786.000.000,192.168.1.165,1611654777,1611654791,1611654794,1611654802,1611654802,1611654805,1611654816,14,11,14
register_local,17_1,12966.000.000,192.168.1.4,1611655814,1611655818,1611655825,1611655838,1611655838,1611655840,1611655847,4,20,9
mDiffFit,ID0000220,12588.000.000,192.168.1.163,1611653293,1611653357,1611653358,1611653360,1611653360,1611653360,1611653365,64,3,5
mDiffFit,ID0000341,12572.000.000,192.168.1.161,1611653055,1611653128,1611653133,1611653136,1611653136,1611653137,1611653142,73,8,6
mDiffFit,ID0000393,12755.000.000,192.168.1.164,1611654602,1611654627,1611654634,1611654648,1611654648,1611654649,1611654662,25,21,14
mDiffFit,ID0000241,12589.000.000,192.168.1.163,1611653294,1611653367,1611653376,1611653380,1611653380,1611653380,1611653385,73,13,5
mDiffFit,ID0000199,12804.000.000,192.168.1.165,1611654865,1611654896,1611654904,1611654909,1611654909,1611654910,1611654918,31,13,9
mDiffFit,ID0000017,12814.000.000,192.168.1.165,1611654917,1611654932,1611654949,1611654959,1611654959,1611654960,1611654971,15,27,12
mDiffFit,ID0000281,12558.000.000,192.168.1.165,1611652867,1611652906,1611652912,1611652915,1611652915,1611652915,1611652920,39,9,5
mDiffFit,ID0000074,12738.000.000,192.168.1.163,1611654492,1611654554,1611654588,1611654592,1611654592,1611654594,1611654605,62,38,13
mDiffFit,ID0000188,12497.000.000,192.168.1.165,1611651580,1611651627,1611651628,1611651632,1611651632,1611651633,1611651638,47,5,6
mDiffFit,ID0000067,12682.000.000,192.168.1.161,1611654039,1611654057,1611654061,1611654071,1611654071,1611654073,1611654078,18,14,7
mDiffFit,ID0000114,12665.000.000,192.168.1.165,1611653906,1611653979,1611653986,1611653989,1611653989,1611653991,1611653995,73,10,6
mDiffFit,ID0000228,12632.000.000,192.168.1.164,1611653680,1611653802,1611653816,1611653819,1611653819,1611653820,1611653825,122,17,6
mDiffFit,ID0000406,12699.000.000,192.168.1.161,1611654239,1611654289,1611654298,1611654303,1611654303,1611654303,1611654309,50,14,6
register_local,0_7,12998.000.000,192.168.1.4,1611656123,1611656128,1611656130,1611656133,1611656133,1611656133,1611656138,5,5,5
mDiffFit,ID0000209,12615.000.000,192.168.1.164,1611653637,1611653695,1611653697,1611653705,1611653705,1611653705,1611653716,58,10,11
mDiffFit,ID0000191,12796.000.000,192.168.1.165,1611654824,1611654859,1611654889,1611654902,1611654902,1611654904,1611654909,35,43,7
mDiffFit,ID0000291,12606.000.000,192.168.1.165,1611653515,1611653558,1611653564,1611653567,1611653567,1611653568,1611653572,43,9,5
mDiffFit,ID0000085,12769.000.000,192.168.1.165,1611654688,1611654706,1611654723,1611654729,1611654729,1611654731,1611654742,18,23,13
mDiffFit,ID0000426,12644.000.000,192.168.1.161,1611653727,1611653863,1611653879,1611653895,1611653895,1611653897,1611653908,136,32,13
mDiffFit,ID0000427,12516.000.000,192.168.1.165,1611652050,1611652060,1611652067,1611652072,1611652072,1611652073,1611652078,10,12,6
mDiffFit,ID0000035,12816.000.000,192.168.1.163,1611654925,1611654959,1611654984,1611654994,1611654994,1611654996,1611655007,34,35,13
clean_up_local_level,3_7,12971.000.000,192.168.1.4,1611655853,1611655855,1611655866,1611655867,1611655867,1611655870,1611655881,2,12,14
mProject,ID0000328,12447.000.000,192.168.1.165,1611650389,1611650391,1611652021,1611652025,1611652025,1611652025,1611652030,2,1634,5
mDiffFit,ID0000353,12886.000.000,192.168.1.165,1611655307,1611655323,1611655325,1611655330,1611655330,1611655331,1611655337,16,7,7
mDiffFit,ID0000335,12536.000.000,192.168.1.163,1611652447,1611652506,1611652517,1611652520,1611652520,1611652520,1611652525,59,14,5
mDiffFit,ID0000036,12822.000.000,192.168.1.161,1611654957,1611654985,1611654997,1611655007,1611655007,1611655008,1611655020,28,22,13
mDiffFit,ID0000381,12643.000.000,192.168.1.165,1611653723,1611653851,1611653855,1611653856,1611653856,1611653858,1611653862,128,5,6
mDiffFit,ID0000225,12579.000.000,192.168.1.161,1611653104,1611653162,1611653164,1611653165,1611653165,1611653165,1611653170,58,3,5
mDiffFit,ID0000433,12871.000.000,192.168.1.164,1611655222,1611655245,1611655271,1611655275,1611655275,1611655275,1611655286,23,30,11
mProject,ID0000013,12473.000.000,192.168.1.164,1611650793,1611652052,1611653895,1611653908,1611653908,1611653910,1611653923,1259,1856,15
mDiffFit,ID0000421,12717.000.000,192.168.1.164,1611654391,1611654418,1611654423,1611654429,1611654429,1611654430,1611654443,27,11,14
clean_up_local_level,5_7,12968.000.000,192.168.1.4,1611655834,1611655841,1611655855,1611655859,1611655859,1611655860,1611655867,7,18,8
mImgtbl,ID0000469,12935.000.000,192.168.1.165,1611655614,1611655636,1611655639,1611655641,1611655641,1611655641,1611655646,22,5,5
mDiffFit,ID0000346,12628.000.000,192.168.1.165,1611653673,1611653771,1611653788,1611653791,1611653791,1611653793,1611653797,98,20,6
mDiffFit,ID0000403,12535.000.000,192.168.1.163,1611652446,1611652494,1611652496,1611652500,1611652500,1611652500,1611652505,48,6,5
mBackground,ID0000308,12853.000.000,192.168.1.164,1611655090,1611655136,1611655209,1611655214,1611655214,1611655215,1611655222,46,78,8
mDiffFit,ID0000218,12711.000.000,192.168.1.161,1611654340,1611654376,1611654385,1611654391,1611654391,1611654392,1611654405,36,15,14
clean_up_local_level,0_11,12997.000.000,192.168.1.4,1611656122,1611656123,1611656131,1611656133,1611656133,1611656133,1611656138,1,10,5
mProject,ID0000015,12455.000.000,192.168.1.163,1611650397,1611650412,1611652233,1611652235,1611652235,1611652235,1611652240,15,1823,5
clean_up_local_level,2_3,12895.000.000,192.168.1.4,1611655394,1611655395,1611655407,1611655409,1611655409,1611655410,1611655423,1,14,14
mProject,ID0000324,12494.000.000,192.168.1.162,1611650868,1611653615,1611655206,1611655208,1611655208,1611655209,1611655214,2747,1593,6
mDiffFit,ID0000407,12652.000.000,192.168.1.161,1611653751,1611653911,1611653916,1611653923,1611653923,1611653923,1611653935,160,12,12
mDiffFit,ID0000292,12559.000.000,192.168.1.165,1611652868,1611652917,1611652918,1611652920,1611652920,1611652920,1611652926,49,3,6
mBackground,ID0000139,12956.000.000,192.168.1.163,1611655729,1611655760,1611655837,1611655838,1611655838,1611655841,1611655847,31,78,9
mProject,ID0000014,12482.000.000,192.168.1.163,1611650816,1611652539,1611654383,1611654385,1611654385,1611654385,1611654391,1723,1846,6
mDiffFit,ID0000202,12797.000.000,192.168.1.165,1611654826,1611654859,1611654864,1611654874,1611654874,1611654875,1611654887,33,15,13
mBackground,ID0000149,12952.000.000,192.168.1.161,1611655708,1611655734,1611655811,1611655815,1611655815,1611655820,1611655823,26,81,8
mBackground,ID0000145,12946.000.000,192.168.1.165,1611655684,1611655695,1611655713,1611655717,1611655717,1611655719,1611655730,11,22,13
mAdd,ID0000156,12981.000.000,192.168.1.161,1611655903,1611655967,1611655990,1611655993,1611655993,1611655994,1611655999,64,26,6
mProject,ID0000164,12488.000.000,192.168.1.161,1611650862,1611653177,1611654298,1611654298,1611654298,1611654298,1611654303,2315,1121,5
mDiffFit,ID0000379,12527.000.000,192.168.1.163,1611652368,1611652434,1611652438,1611652448,1611652448,1611652449,1611652454,66,14,6
mDiffFit,ID0000071,12764.000.000,192.168.1.163,1611654655,1611654687,1611654707,1611654718,1611654718,1611654718,1611654729,32,31,11
mDiffFit,ID0000420,12690.000.000,192.168.1.165,1611654227,1611654250,1611654260,1611654265,1611654265,1611654267,1611654272,23,15,7
register_local,1_0,12679.000.000,192.168.1.4,1611654037,1611654044,1611654054,1611654057,1611654057,1611654058,1611654071,7,13,14
mDiffFit,ID0000400,12537.000.000,192.168.1.163,1611652448,1611652508,1611652520,1611652525,1611652525,1611652525,1611652530,60,17,5
mDiffFit,ID0000270,12591.000.000,192.168.1.163,1611653294,1611653395,1611653402,1611653406,1611653406,1611653406,1611653411,101,11,5
register_local,1_4,12974.000.000,192.168.1.4,1611655859,1611655860,1611655866,1611655867,1611655867,1611655871,1611655881,1,7,14
mProject,ID0000315,12458.000.000,192.168.1.163,1611650684,1611650685,1611652327,1611652331,1611652331,1611652331,1611652336,1,1646,5
mDiffFit,ID0000396,12660.000.000,192.168.1.165,1611653781,1611653946,1611653966,1611653971,1611653971,1611653972,1611653977,165,25,6
stage_in_local_local,0_0,12431.000.000,192.168.1.4,1611650203,1611650207,1611650377,1611650379,1611650379,1611650379,1611650384,4,172,5
mProject,ID0000160,12461.000.000,192.168.1.164,1611650685,1611650706,1611651940,1611651945,1611651945,1611651945,1611651950,21,1239,5
mDiffFit,ID0000429,12529.000.000,192.168.1.163,1611652432,1611652453,1611652455,1611652459,1611652459,1611652460,1611652465,21,6,6
register_local,14_1,12929.000.000,192.168.1.4,1611655568,1611655574,1611655583,1611655590,1611655590,1611655592,1611655604,6,16,14
mDiffFit,ID0000251,12706.000.000,192.168.1.163,1611654317,1611654368,1611654384,1611654385,1611654385,1611654385,1611654391,51,17,6
mDiffFit,ID0000254,12707.000.000,192.168.1.164,1611654320,1611654369,1611654375,1611654379,1611654379,1611654380,1611654385,49,10,6
mDiffFit,ID0000102,12595.000.000,192.168.1.165,1611653447,1611653485,1611653486,1611653490,1611653490,1611653490,1611653495,38,5,5
mBgModel,ID0000295,12830.000.000,192.168.1.163,1611654988,1611654992,1611655004,1611655007,1611655007,1611655009,1611655020,4,15,13
mDiffFit,ID0000367,12623.000.000,192.168.1.164,1611653665,1611653748,1611653751,1611653752,1611653752,1611653752,1611653763,83,4,11
mDiffFit,ID0000200,12807.000.000,192.168.1.161,1611654882,1611654904,1611654910,1611654918,1611654918,1611654919,1611654932,22,14,14
mConcatFit,ID0000137,12938.000.000,192.168.1.165,1611655633,1611655639,1611655643,1611655646,1611655646,1611655646,1611655652,6,7,6
mBackground,ID0000298,12840.000.000,192.168.1.163,1611655038,1611655049,1611655099,1611655100,1611655100,1611655103,1611655116,11,51,16
register_local,2_0,12993.000.000,192.168.1.4,1611656012,1611656019,1611656026,1611656027,1611656027,1611656028,1611656033,7,8,6
mBackground,ID0000460,12918.000.000,192.168.1.161,1611655493,1611655513,1611655565,1611655575,1611655575,1611655577,1611655590,20,62,15
mDiffFit,ID0000029,12729.000.000,192.168.1.161,1611654455,1611654488,1611654496,1611654508,1611654508,1611654509,1611654520,33,20,12
mDiffFit,ID0000034,12817.000.000,192.168.1.163,1611654928,1611654960,1611654983,1611654994,1611654994,1611654996,1611655007,32,34,13
mDiffFit,ID0000078,12747.000.000,192.168.1.164,1611654543,1611654579,1611654582,1611654585,1611654585,1611654585,1611654592,36,6,7
mDiffFit,ID0000252,12705.000.000,192.168.1.161,1611654315,1611654369,1611654386,1611654391,1611654391,1611654391,1611654405,54,22,14
mProject,ID0000012,12464.000.000,192.168.1.162,1611650691,1611650705,1611652660,1611652662,1611652662,1611652663,1611652667,14,1957,5
mDiffFit,ID0000076,12855.000.000,192.168.1.164,1611655094,1611655145,1611655155,1611655165,1611655165,1611655167,1611655172,51,20,7
mDiffFit,ID0000098,12731.000.000,192.168.1.165,1611654465,1611654499,1611654508,1611654520,1611654520,1611654520,1611654531,34,21,11
mDiffFit,ID0000058,12928.000.000,192.168.1.165,1611655561,1611655591,1611655601,1611655604,1611655604,1611655605,1611655609,30,13,5
mDiffFit,ID0000128,12732.000.000,192.168.1.161,1611654467,1611654499,1611654512,1611654520,1611654520,1611654521,1611654531,32,21,11
mDiffFit,ID0000428,12714.000.000,192.168.1.165,1611654390,1611654405,1611654409,1611654417,1611654417,1611654418,1611654429,15,12,12
mDiffFit,ID0000053,12861.000.000,192.168.1.165,1611655149,1611655202,1611655210,1611655214,1611655214,1611655215,1611655222,53,12,8
mDiffFit,ID0000180,12510.000.000,192.168.1.162,1611651978,1611652021,1611652023,1611652025,1611652025,1611652026,1611652030,43,4,5
mDiffFit,ID0000243,12499.000.000,192.168.1.165,1611651621,1611651642,1611651648,1611651649,1611651649,1611651649,1611651654,21,7,5
mDiffFit,ID0000229,12700.000.000,192.168.1.165,1611654308,1611654326,1611654332,1611654334,1611654334,1611654334,1611654345,18,8,11
mDiffFit,ID0000413,12726.000.000,192.168.1.165,1611654442,1611654465,1611654472,1611654483,1611654483,1611654484,1611654494,23,18,11
mDiffFit,ID0000113,12727.000.000,192.168.1.164,1611654450,1611654469,1611654487,1611654494,1611654494,1611654495,1611654508,19,25,14
stage_in_remote_local,0_2,12428.000.000,192.168.1.4,1611650202,1611650202,1611650207,1611650209,1611650209,1611650209,1611650215,0,7,6
clean_up_local_level,0_5,12941.000.000,192.168.1.4,1611655657,1611655658,1611655675,1611655686,1611655686,1611655688,1611655699,1,28,13
mBackground,ID0000454,12915.000.000,192.168.1.161,1611655479,1611655504,1611655564,1611655575,1611655575,1611655577,1611655590,25,71,15
mDiffFit,ID0000357,12563.000.000,192.168.1.161,1611653037,1611653067,1611653069,1611653073,1611653073,1611653074,1611653079,30,6,6
mDiffFit,ID0000135,12920.000.000,192.168.1.165,1611655505,1611655540,1611655549,1611655562,1611655562,1611655563,1611655575,35,22,13
mDiffFit,ID0000388,12750.000.000,192.168.1.165,1611654590,1611654604,1611654621,1611654631,1611654631,1611654632,1611654648,14,27,17
mDiffFit,ID0000257,12702.000.000,192.168.1.161,1611654308,1611654332,1611654334,1611654345,1611654345,1611654347,1611654351,24,13,6
mDiffFit,ID0000417,12693.000.000,192.168.1.161,1611654232,1611654275,1611654289,1611654292,1611654292,1611654294,1611654298,43,17,6
mDiffFit,ID0000097,12677.000.000,192.168.1.161,1611653952,1611654032,1611654033,1611654040,1611654040,1611654043,1611654057,80,8,17
mDiffFit,ID0000272,12590.000.000,192.168.1.163,1611653294,1611653385,1611653386,1611653390,1611653390,1611653391,1611653396,91,5,6
register_local,3_1,12818.000.000,192.168.1.4,1611654939,1611654943,1611654952,1611654959,1611654959,1611654961,1611654971,4,16,12
mDiffFit,ID0000269,12586.000.000,192.168.1.163,1611653288,1611653327,1611653338,1611653340,1611653340,1611653340,1611653345,39,13,5
mDiffFit,ID0000099,12541.000.000,192.168.1.162,1611652596,1611652644,1611652645,1611652647,1611652647,1611652648,1611652652,48,3,5
mDiffFit,ID0000048,12774.000.000,192.168.1.165,1611654724,1611654744,1611654760,1611654766,1611654766,1611654767,1611654778,20,22,12
mBackground,ID0000140,12960.000.000,192.168.1.164,1611655738,1611655800,1611655845,1611655847,1611655847,1611655848,1611655853,62,47,6
mDiffFit,ID0000045,12921.000.000,192.168.1.164,1611655509,1611655552,1611655557,1611655562,1611655562,1611655565,1611655575,43,10,13
mDiffFit,ID0000378,12875.000.000,192.168.1.164,1611655243,1611655268,1611655276,1611655286,1611655286,1611655287,1611655298,25,18,12
mDiffFit,ID0000095,12859.000.000,192.168.1.165,1611655127,1611655170,1611655210,1611655214,1611655214,1611655215,1611655222,43,44,8
mDiffFit,ID0000070,12932.000.000,192.168.1.163,1611655588,1611655606,1611655608,1611655609,1611655609,1611655609,1611655615,18,3,6
mDiffFit,ID0000234,12780.000.000,192.168.1.165,1611654749,1611654765,1611654769,1611654778,1611654778,1611654780,1611654791,16,13,13
mDiffFit,ID0000273,12612.000.000,192.168.1.161,1611653628,1611653673,1611653686,1611653696,1611653696,1611653697,1611653705,45,23,9
mDiffFit,ID0000129,12547.000.000,192.168.1.162,1611652672,1611652691,1611652700,1611652703,1611652703,1611652704,1611652709,19,12,6
mDiffFit,ID0000059,12748.000.000,192.168.1.163,1611654553,1611654585,1611654586,1611654592,1611654592,1611654594,1611654605,32,7,13
register_local,0_2,12942.000.000,192.168.1.4,1611655658,1611655663,1611655665,1611655668,1611655668,1611655669,1611655674,5,5,6
register_local,3_0,12988.000.000,192.168.1.4,1611655999,1611656000,1611656002,1611656006,1611656006,1611656006,1611656012,1,6,6
mDiffFit,ID0000176,12582.000.000,192.168.1.164,1611653113,1611653175,1611653177,1611653181,1611653181,1611653181,1611653186,62,6,5
clean_up_local_level,8_7,12872.000.000,192.168.1.4,1611655228,1611655232,1611655246,1611655260,1611655260,1611655261,1611655275,4,28,15
mDiffFit,ID0000348,12762.000.000,192.168.1.164,1611654638,1611654666,1611654682,1611654690,1611654690,1611654693,1611654702,28,24,12
mDiffFit,ID0000192,12795.000.000,192.168.1.165,1611654822,1611654859,1611654902,1611654908,1611654908,1611654910,1611654918,37,49,10
mDiffFit,ID0000423,12870.000.000,192.168.1.163,1611655221,1611655242,1611655262,1611655275,1611655275,1611655275,1611655286,21,33,11
stage_in_remote_local,0_1,12429.000.000,192.168.1.4,1611650202,1611650207,1611650210,1611650215,1611650215,1611650216,1611650221,5,8,6
mDiffFit,ID0000331,12565.000.000,192.168.1.161,1611653043,1611653077,1611653094,1611653096,1611653096,1611653096,1611653106,34,19,10
mDiffFit,ID0000411,12656.000.000,192.168.1.161,1611653772,1611653936,1611653947,1611653953,1611653953,1611653954,1611653959,164,17,6
mDiffFit,ID0000448,12715.000.000,192.168.1.161,1611654390,1611654407,1611654432,1611654443,1611654443,1611654444,1611654457,17,36,14
mDiffFit,ID0000080,12741.000.000,192.168.1.161,1611654515,1611654551,1611654560,1611654562,1611654562,1611654564,1611654568,36,11,6
mDiffFit,ID0000056,12733.000.000,192.168.1.165,1611654476,1611654499,1611654507,1611654508,1611654508,1611654510,1611654520,23,9,12
mDiffFit,ID0000245,12503.000.000,192.168.1.164,1611651879,1611651978,1611651980,1611651987,1611651987,1611651987,1611651992,99,9,5
stage_in_remote_local,0_3,12436.000.000,192.168.1.4,1611650209,1611650211,1611650216,1611650221,1611650221,1611650221,1611650228,2,10,7
mDiffFit,ID0000224,12580.000.000,192.168.1.164,1611653112,1611653164,1611653166,1611653170,1611653170,1611653171,1611653176,52,6,6
mDiffFit,ID0000205,12505.000.000,192.168.1.164,1611651955,1611651988,1611651995,1611651997,1611651997,1611651998,1611652003,33,9,6
mDiffFit,ID0000435,12882.000.000,192.168.1.165,1611655285,1611655304,1611655307,1611655310,1611655310,1611655314,1611655322,19,6,12
mBackground,ID0000456,12911.000.000,192.168.1.165,1611655455,1611655476,1611655523,1611655536,1611655536,1611655537,1611655550,21,60,14
mDiffFit,ID0000263,12557.000.000,192.168.1.165,1611652861,1611652899,1611652900,1611652904,1611652904,1611652905,1611652910,38,5,6
mDiffFit,ID0000235,12635.000.000,192.168.1.165,1611653692,1611653815,1611653817,1611653819,1611653819,1611653824,1611653825,123,4,6
mDiffFit,ID0000283,12496.000.000,192.168.1.165,1611651580,1611651612,1611651618,1611651622,1611651622,1611651622,1611651627,32,10,5
mDiffFit,ID0000183,12495.000.000,192.168.1.165,1611651524,1611651571,1611651573,1611651575,1611651575,1611651575,1611651581,47,4,6
DAGMAN,,12426.0,,1611650183,,,,,,1611656154,,,
mDiffFit,ID0000087,12773.000.000,192.168.1.163,1611654716,1611654737,1611654744,1611654754,1611654754,1611654755,1611654766,21,17,12
mDiffFit,ID0000449,12530.000.000,192.168.1.163,1611652433,1611652453,1611652455,1611652459,1611652459,1611652460,1611652465,20,6,6
register_local,28_1,12879.000.000,192.168.1.4,1611655266,1611655270,1611655278,1611655286,1611655286,1611655288,1611655298,4,16,12
mConcatFit,ID0000451,12892.000.000,192.168.1.163,1611655356,1611655361,1611655368,1611655371,1611655371,1611655372,1611655377,5,10,6
mProject,ID0000009,12478.000.000,192.168.1.161,1611650810,1611652132,1611653868,1611653874,1611653874,1611653875,1611653880,1322,1742,6
mDiffFit,ID0000279,12779.000.000,192.168.1.165,1611654738,1611654757,1611654772,1611654778,1611654778,1611654780,1611654791,19,21,13
mDiffFit,ID0000049,12544.000.000,192.168.1.162,1611652622,1611652671,1611652684,1611652686,1611652686,1611652687,1611652691,49,15,5
mDiffFit,ID0000101,12669.000.000,192.168.1.164,1611653919,1611653990,1611653995,1611654002,1611654002,1611654003,1611654008,71,12,6
register_local,2_1,12809.000.000,192.168.1.4,1611654894,1611654897,1611654905,1611654909,1611654909,1611654911,1611654918,3,12,9
mDiffFit,ID0000275,12614.000.000,192.168.1.161,1611653635,1611653694,1611653707,1611653716,1611653716,1611653717,1611653728,59,22,12
mDiffFit,ID0000261,12791.000.000,192.168.1.165,1611654801,1611654815,1611654829,1611654841,1611654841,1611654842,1611654857,14,26,16
mDiffFit,ID0000399,12884.000.000,192.168.1.164,1611655296,1611655315,1611655331,1611655337,1611655337,1611655337,1611655342,19,22,5
mDiffFit,ID0000032,12825.000.000,192.168.1.165,1611654968,1611654986,1611655009,1611655020,1611655020,1611655020,1611655032,18,34,12
mDiffFit,ID0000387,12751.000.000,192.168.1.163,1611654591,1611654631,1611654641,1611654648,1611654648,1611654650,1611654662,40,17,14
register_local,4_1,12831.000.000,192.168.1.4,1611654993,1611655000,1611655005,1611655007,1611655007,1611655010,1611655020,7,7,13
mBackground,ID0000455,12912.000.000,192.168.1.163,1611655458,1611655477,1611655573,1611655575,1611655575,1611655579,1611655590,19,98,15
mDiffFit,ID0000333,12523.000.000,192.168.1.163,1611652342,1611652390,1611652391,1611652393,1611652393,1611652393,1611652398,48,3,5
mDiffFit,ID0000039,12813.000.000,192.168.1.161,1611654917,1611654934,1611654939,1611654946,1611654946,1611654947,1611654959,17,12,13
mDiffFit,ID0000247,12600.000.000,192.168.1.165,1611653506,1611653514,1611653516,1611653517,1611653517,1611653517,1611653523,8,3,6
clean_up_local_level,7_3,12766.000.000,192.168.1.4,1611654670,1611654673,1611654688,1611654690,1611654690,1611654694,1611654702,3,17,12
mProject,ID0000320,12465.000.000,192.168.1.162,1611650691,1611650705,1611652421,1611652426,1611652426,1611652426,1611652438,14,1721,12
create_dir_montage,local_0,12427.000.000,192.168.1.4,1611650187,1611650188,1611650191,1611650192,1611650192,1611650192,1611650197,1,4,5
mDiffFit,ID0000350,12661.000.000,192.168.1.161,1611653783,1611653946,1611653962,1611653966,1611653966,1611653966,1611653971,163,20,5
mProject,ID0000016,12493.000.000,192.168.1.163,1611650868,1611653573,1611655383,1611655383,1611655383,1611655384,1611655389,2705,1810,6
mDiffFit,ID0000280,12501.000.000,192.168.1.164,1611651879,1611651963,1611651965,1611651966,1611651966,1611651966,1611651972,84,3,6
mDiffFit,ID0000075,12739.000.000,192.168.1.165,1611654502,1611654556,1611654579,1611654585,1611654585,1611654585,1611654592,54,29,7
mDiffFit,ID0000214,12604.000.000,192.168.1.163,1611653512,1611653549,1611653551,1611653551,1611653551,1611653551,1611653556,37,2,5
mDiffFit,ID0000104,12594.000.000,192.168.1.165,1611653447,1611653474,1611653480,1611653484,1611653484,1611653485,1611653490,27,10,6
mDiffFit,ID0000392,12756.000.000,192.168.1.161,1611654613,1611654635,1611654643,1611654648,1611654648,1611654651,1611654662,22,13,14
mBackground,ID0000148,12953.000.000,192.168.1.163,1611655710,1611655730,1611655788,1611655790,1611655790,1611655791,1611655796,20,60,6
mDiffFit,ID0000190,12808.000.000,192.168.1.165,1611654885,1611654910,1611654913,1611654918,1611654918,1611654920,1611654932,25,8,14
register_local,7_1,12893.000.000,192.168.1.4,1611655371,1611655373,1611655378,1611655383,1611655383,1611655384,1611655389,2,10,6
mDiffFit,ID0000268,12794.000.000,192.168.1.165,1611654815,1611654830,1611654831,1611654841,1611654841,1611654844,1611654857,15,11,16
mDiffFit,ID0000446,12716.000.000,192.168.1.164,1611654391,1611654418,1611654423,1611654429,1611654429,1611654431,1611654443,27,11,14
mDiffFit,ID0000093,12666.000.000,192.168.1.161,1611653917,1611653984,1611653988,1611653995,1611653995,1611653997,1611654002,67,11,7
mProject,ID0000159,12492.000.000,192.168.1.165,1611650867,1611653565,1611654714,1611654718,1611654718,1611654719,1611654729,2698,1153,11
mDiffFit,ID0000440,12532.000.000,192.168.1.163,1611652437,1611652468,1611652480,1611652485,1611652485,1611652485,1611652490,31,17,5
mDiffFit,ID0000382,12517.000.000,192.168.1.165,1611652067,1611652077,1611652079,1611652083,1611652083,1611652083,1611652088,10,6,5
mDiffFit,ID0000343,12524.000.000,192.168.1.163,1611652342,1611652403,1611652405,1611652409,1611652409,1611652409,1611652414,61,6,5
mDiffFit,ID0000061,12687.000.000,192.168.1.161,1611654069,1611654084,1611654092,1611654096,1611654096,1611654096,1611654101,15,12,5
mDiffFit,ID0000395,12759.000.000,192.168.1.165,1611654617,1611654672,1611654678,1611654690,1611654690,1611654691,1611654702,55,18,12
stage_out_local_local,0_6,12990.000.000,192.168.1.4,1611656005,1611656012,1611656029,1611656033,1611656033,1611656034,1611656039,7,21,6
mDiffFit,ID0000120,12520.000.000,192.168.1.163,1611652245,1611652358,1611652366,1611652368,1611652368,1611652368,1611652373,113,10,5
mProject,ID0000316,12468.000.000,192.168.1.161,1611650787,1611651513,1611653025,1611653026,1611653026,1611653026,1611653031,726,1513,5
mDiffFit,ID0000227,12577.000.000,192.168.1.161,1611653102,1611653147,1611653150,1611653154,1611653154,1611653154,1611653159,45,7,5
mDiffFit,ID0000386,12763.000.000,192.168.1.161,1611654644,1611654672,1611654679,1611654690,1611654690,1611654691,1611654702,28,18,12
