Job,ID,DagmanID,Node IP,SUBMIT,EXECUTE,JOB_TERMINATED,JOB_SUCCESS,POST_SCRIPT_STARTED,POST_SCRIPT_TERMINATED,POST_SCRIPT_SUCCESS,wait_time,exec_time,ps_time
mDiffFit,ID0000125,14020.000.000,192.168.1.161,1611666447,1611666464,1611666479,1611666489,1611666489,1611666489,1611666503,17,25,14
mDiffFit,ID0000109,13827.000.000,192.168.1.167,1611665349,1611665362,1611665370,1611665370,1611665370,1611665371,1611665382,13,8,12
mBackground,ID0000303,13938.000.000,192.168.1.165,1611665957,1611665970,1611665997,1611666002,1611666002,1611666002,1611666013,13,32,11
register_local,4_4,14119.000.000,192.168.1.4,1611667026,1611667028,1611667030,1611667033,1611667033,1611667034,1611667039,2,5,6
create_dir_montage,local_0,13575.000.000,192.168.1.4,1611662279,1611662280,1611662282,1611662285,1611662285,1611662285,1611662290,1,5,5
mDiffFit,ID0000054,13821.000.000,192.168.1.165,1611665260,1611665296,1611665298,1611665298,1611665298,1611665299,1611665303,36,2,5
mDiffFit,ID0000412,13692.000.000,192.168.1.165,1611664013,1611664065,1611664067,1611664078,1611664078,1611664081,1611664089,52,13,11
mAdd,ID0000470,14082.000.000,192.168.1.161,1611666800,1611666848,1611666973,1611666974,1611666974,1611666975,1611666982,48,126,8
mDiffFit,ID0000127,13760.000.000,192.168.1.166,1611664425,1611664438,1611664439,1611664441,1611664441,1611664442,1611664447,13,3,6
mDiffFit,ID0000063,13835.000.000,192.168.1.166,1611665358,1611665418,1611665425,1611665430,1611665430,1611665432,1611665443,60,12,13
mDiffFit,ID0000124,14024.000.000,192.168.1.163,1611666471,1611666488,1611666496,1611666503,1611666503,1611666504,1611666515,17,15,12
mDiffFit,ID0000378,13991.000.000,192.168.1.161,1611666266,1611666301,1611666313,1611666313,1611666313,1611666313,1611666324,35,12,11
register_local,23_1,14137.000.000,192.168.1.4,1611667201,1611667202,1611667204,1611667207,1611667207,1611667207,1611667212,1,5,5
mDiffFit,ID0000256,13852.000.000,192.168.1.161,1611665402,1611665534,1611665550,1611665561,1611665561,1611665562,1611665573,132,27,12
mDiffFit,ID0000228,13775.000.000,192.168.1.165,1611664723,1611664763,1611664787,1611664790,1611664790,1611664792,1611664796,40,27,6
mDiffFit,ID0000449,13717.000.000,192.168.1.162,1611664122,1611664201,1611664206,1611664213,1611664213,1611664214,1611664219,79,12,6
register_local,32_1,13982.000.000,192.168.1.4,1611666219,1611666222,1611666231,1611666241,1611666241,1611666242,1611666256,3,19,15
mDiffFit,ID0000414,13723.000.000,192.168.1.164,1611664158,1611664241,1611664256,1611664267,1611664267,1611664271,1611664288,83,26,21
stage_in_local_local,1_0,13587.000.000,192.168.1.4,1611662312,1611662317,1611662568,1611662573,1611662573,1611662573,1611662578,5,256,5
mDiffFit,ID0000369,13806.000.000,192.168.1.161,1611665128,1611665155,1611665162,1611665171,1611665171,1611665172,1611665177,27,16,6
mProject,ID0000002,13638.000.000,192.168.1.162,1611662589,1611664284,1611665945,1611665958,1611665958,1611665960,1611665970,1695,1674,12
mDiffFit,ID0000422,13843.000.000,192.168.1.167,1611665370,1611665500,1611665513,1611665529,1611665529,1611665531,1611665548,130,29,19
register_local,18_1,14134.000.000,192.168.1.4,1611667169,1611667170,1611667172,1611667175,1611667175,1611667175,1611667180,1,5,5
mProject,ID0000163,13598.000.000,192.168.1.165,1611662446,1611662467,1611663599,1611663599,1611663599,1611663599,1611663610,21,1132,11
mDiffFit,ID0000380,13713.000.000,192.168.1.165,1611664108,1611664169,1611664175,1611664176,1611664176,1611664181,1611664190,61,7,14
mBackground,ID0000296,13937.000.000,192.168.1.163,1611665953,1611665971,1611666002,1611666013,1611666013,1611666015,1611666029,18,42,16
stage_in_remote_local,2_4,13590.000.000,192.168.1.4,1611662312,1611662317,1611662321,1611662324,1611662324,1611662324,1611662329,5,7,5
mDiffFit,ID0000286,13880.000.000,192.168.1.165,1611665583,1611665700,1611665730,1611665742,1611665742,1611665744,1611665755,117,42,13
mDiffFit,ID0000245,13667.000.000,192.168.1.162,1611663645,1611663721,1611663723,1611663728,1611663728,1611663729,1611663734,76,7,6
mDiffFit,ID0000120,13740.000.000,192.168.1.164,1611664308,1611664352,1611664376,1611664381,1611664381,1611664385,1611664396,44,29,15
mViewer,ID0000157,14131.000.000,192.168.1.161,1611667135,1611667138,1611667166,1611667169,1611667169,1611667170,1611667175,3,31,6
mBgModel,ID0000295,13924.000.000,192.168.1.161,1611665877,1611665885,1611665900,1611665914,1611665914,1611665916,1611665927,8,29,13
mDiffFit,ID0000209,13791.000.000,192.168.1.163,1611664900,1611664956,1611664958,1611664962,1611664962,1611664963,1611664967,56,6,5
mDiffFit,ID0000237,13773.000.000,192.168.1.161,1611664708,1611664750,1611664763,1611664778,1611664778,1611664779,1611664784,42,28,6
mDiffFit,ID0000186,13654.000.000,192.168.1.167,1611663595,1611663662,1611663667,1611663671,1611663671,1611663672,1611663683,67,9,12
stage_in_local_local,4_0,13594.000.000,192.168.1.4,1611662319,1611662321,1611662483,1611662484,1611662484,1611662484,1611662490,2,163,6
mDiffFit,ID0000242,13787.000.000,192.168.1.165,1611664890,1611664937,1611664954,1611664956,1611664956,1611664957,1611664962,47,19,6
mDiffFit,ID0000045,14061.000.000,192.168.1.166,1611666646,1611666699,1611666706,1611666718,1611666718,1611666721,1611666733,53,19,15
mDiffFit,ID0000376,13839.000.000,192.168.1.163,1611665364,1611665483,1611665552,1611665561,1611665561,1611665563,1611665573,119,78,12
mDiffFit,ID0000387,13953.000.000,192.168.1.165,1611666055,1611666083,1611666088,1611666095,1611666095,1611666095,1611666105,28,12,10
mDiffFit,ID0000175,13675.000.000,192.168.1.161,1611663669,1611663767,1611663770,1611663775,1611663775,1611663776,1611663781,98,8,6
mDiffFit,ID0000185,13647.000.000,192.168.1.167,1611663581,1611663624,1611663628,1611663635,1611663635,1611663635,1611663647,43,11,12
clean_up_local_level,0_4,14076.000.000,192.168.1.4,1611666768,1611666769,1611666779,1611666782,1611666782,1611666782,1611666788,1,13,6
mDiffFit,ID0000131,13901.000.000,192.168.1.165,1611665727,1611665813,1611665834,1611665844,1611665844,1611665845,1611665857,86,31,13
mDiffFit,ID0000069,13750.000.000,192.168.1.161,1611664361,1611664387,1611664394,1611664396,1611664396,1611664396,1611664407,26,9,11
mDiffFit,ID0000224,13660.000.000,192.168.1.165,1611663609,1611663691,1611663694,1611663695,1611663695,1611663695,1611663706,82,4,11
mProject,ID0000009,13626.000.000,192.168.1.163,1611662496,1611663570,1611665336,1611665338,1611665338,1611665338,1611665344,1074,1768,6
mDiffFit,ID0000055,13824.000.000,192.168.1.166,1611665267,1611665294,1611665298,1611665298,1611665298,1611665299,1611665303,27,4,5
mDiffFit,ID0000132,13738.000.000,192.168.1.161,1611664297,1611664334,1611664342,1611664353,1611664353,1611664354,1611664366,37,19,13
mDiffFit,ID0000038,14006.000.000,192.168.1.165,1611666373,1611666397,1611666406,1611666410,1611666410,1611666411,1611666423,24,13,13
mDiffFit,ID0000099,13737.000.000,192.168.1.163,1611664295,1611664337,1611664343,1611664353,1611664353,1611664355,1611664366,42,16,13
mDiffFit,ID0000077,13926.000.000,192.168.1.165,1611665890,1611665913,1611665919,1611665927,1611665927,1611665927,1611665943,23,14,16
clean_up_local_level,4_3,13826.000.000,192.168.1.4,1611665349,1611665349,1611665360,1611665364,1611665364,1611665364,1611665370,0,15,6
clean_up_local_level,0_11,14143.000.000,192.168.1.4,1611667251,1611667251,1611667260,1611667262,1611667262,1611667262,1611667267,0,11,5
mDiffFit,ID0000089,13973.000.000,192.168.1.165,1611666172,1611666188,1611666203,1611666213,1611666213,1611666213,1611666225,16,25,12
mDiffFit,ID0000338,13698.000.000,192.168.1.167,1611664037,1611664087,1611664090,1611664102,1611664102,1611664103,1611664114,50,15,12
mDiffFit,ID0000030,13736.000.000,192.168.1.166,1611664275,1611664309,1611664312,1611664314,1611664314,1611664318,1611664328,34,5,14
mDiffFit,ID0000197,13865.000.000,192.168.1.165,1611665479,1611665608,1611665618,1611665637,1611665637,1611665638,1611665648,129,29,11
mBackground,ID0000305,13946.000.000,192.168.1.165,1611666010,1611666024,1611666063,1611666069,1611666069,1611666071,1611666084,14,45,15
mDiffFit,ID0000221,13794.000.000,192.168.1.164,1611664906,1611664946,1611664950,1611664956,1611664956,1611664957,1611664962,40,10,6
mDiffFit,ID0000433,13989.000.000,192.168.1.165,1611666254,1611666302,1611666330,1611666341,1611666341,1611666341,1611666353,48,39,12
mDiffFit,ID0000025,13739.000.000,192.168.1.166,1611664300,1611664349,1611664355,1611664366,1611664366,1611664367,1611664381,49,17,15
mDiffFit,ID0000188,13650.000.000,192.168.1.167,1611663589,1611663643,1611663650,1611663661,1611663661,1611663662,1611663671,54,18,10
mDiffFit,ID0000374,13729.000.000,192.168.1.164,1611664196,1611664270,1611664284,1611664288,1611664288,1611664293,1611664302,74,18,14
mDiffFit,ID0000415,13840.000.000,192.168.1.164,1611665364,1611665461,1611665468,1611665472,1611665472,1611665475,1611665484,97,11,12
stage_out_local_local,0_6,14130.000.000,192.168.1.4,1611667135,1611667141,1611667160,1611667163,1611667163,1611667164,1611667169,6,22,6
mConcatFit,ID0000294,13913.000.000,192.168.1.163,1611665812,1611665833,1611665856,1611665857,1611665857,1611665859,1611665869,21,24,12
register_local,0_4,14125.000.000,192.168.1.4,1611667086,1611667088,1611667094,1611667098,1611667098,1611667098,1611667104,2,10,6
mDiffFit,ID0000187,13766.000.000,192.168.1.166,1611664693,1611664730,1611664738,1611664743,1611664743,1611664745,1611664763,37,13,20
mDiffFit,ID0000289,13767.000.000,192.168.1.163,1611664698,1611664742,1611664747,1611664763,1611664763,1611664766,1611664778,44,21,15
mDiffFit,ID0000100,14065.000.000,192.168.1.165,1611666681,1611666715,1611666719,1611666733,1611666733,1611666734,1611666741,34,18,8
mDiffFit,ID0000413,13918.000.000,192.168.1.165,1611665839,1611665882,1611665888,1611665895,1611665895,1611665898,1611665914,43,13,19
mProject,ID0000317,13625.000.000,192.168.1.165,1611662496,1611663566,1611665114,1611665118,1611665118,1611665119,1611665123,1070,1552,5
mViewer,ID0000314,14019.000.000,192.168.1.165,1611666444,1611666457,1611666488,1611666489,1611666489,1611666489,1611666503,13,32,14
mBackground,ID0000150,14101.000.000,192.168.1.164,1611666867,1611666898,1611666951,1611666953,1611666953,1611666955,1611666960,31,55,7
register_local,24_1,14059.000.000,192.168.1.4,1611666630,1611666635,1611666644,1611666652,1611666652,1611666653,1611666668,5,17,16
mDiffFit,ID0000251,13854.000.000,192.168.1.163,1611665413,1611665596,1611665694,1611665703,1611665703,1611665706,1611665716,183,107,13
mDiffFit,ID0000117,13756.000.000,192.168.1.166,1611664401,1611664418,1611664422,1611664429,1611664429,1611664430,1611664435,17,11,6
mDiffFit,ID0000133,14072.000.000,192.168.1.166,1611666739,1611666753,1611666754,1611666758,1611666758,1611666758,1611666763,14,5,5
mDiffFit,ID0000212,13673.000.000,192.168.1.165,1611663668,1611663756,1611663758,1611663763,1611663763,1611663764,1611663769,88,7,6
mDiffFit,ID0000232,13785.000.000,192.168.1.161,1611664890,1611664900,1611664907,1611664912,1611664912,1611664913,1611664918,10,12,6
mBackground,ID0000146,14094.000.000,192.168.1.166,1611666854,1611666890,1611666966,1611666974,1611666974,1611666974,1611666982,36,84,8
mDiffFit,ID0000194,13872.000.000,192.168.1.167,1611665526,1611665638,1611665651,1611665664,1611665664,1611665665,1611665675,112,26,11
mDiffFit,ID0000093,13830.000.000,192.168.1.165,1611665350,1611665418,1611665424,1611665430,1611665430,1611665431,1611665443,68,12,13
mProject,ID0000171,13608.000.000,192.168.1.163,1611662460,1611662470,1611663574,1611663575,1611663575,1611663576,1611663582,10,1105,7
mProject,ID0000016,13641.000.000,192.168.1.165,1611662590,1611664296,1611666058,1611666069,1611666069,1611666070,1611666084,1706,1773,15
mDiffFit,ID0000136,14058.000.000,192.168.1.167,1611666621,1611666686,1611666705,1611666718,1611666718,1611666721,1611666733,65,32,15
clean_up_local_level,3_7,14111.000.000,192.168.1.4,1611666987,1611666993,1611667004,1611667012,1611667012,1611667013,1611667020,6,19,8
mAdd,ID0000156,14122.000.000,192.168.1.161,1611667045,1611667094,1611667118,1611667122,1611667122,1611667123,1611667129,49,28,7
mDiffFit,ID0000263,13685.000.000,192.168.1.161,1611663705,1611663818,1611663821,1611663821,1611663821,1611663821,1611663826,113,3,5
mProject,ID0000323,13604.000.000,192.168.1.166,1611662454,1611662470,1611663976,1611663982,1611663982,1611663982,1611663987,16,1512,5
mDiffFit,ID0000044,14009.000.000,192.168.1.163,1611666389,1611666420,1611666425,1611666436,1611666436,1611666438,1611666449,31,16,13
mDiffFit,ID0000252,13853.000.000,192.168.1.166,1611665405,1611665522,1611665567,1611665573,1611665573,1611665575,1611665585,117,51,12
mProject,ID0000328,13595.000.000,192.168.1.165,1611662444,1611662447,1611663974,1611663976,1611663976,1611663977,1611663982,3,1529,6
mProject,ID0000169,13639.000.000,192.168.1.161,1611662590,1611664298,1611665484,1611665497,1611665497,1611665498,1611665511,1708,1199,14
mImgtbl,ID0000469,14074.000.000,192.168.1.163,1611666748,1611666785,1611666787,1611666788,1611666788,1611666788,1611666795,37,3,7
mDiffFit,ID0000134,13895.000.000,192.168.1.162,1611665687,1611665758,1611665778,1611665788,1611665788,1611665789,1611665804,71,30,16
mDiffFit,ID0000181,13648.000.000,192.168.1.165,1611663582,1611663628,1611663632,1611663635,1611663635,1611663636,1611663647,46,7,12
mBackground,ID0000153,14090.000.000,192.168.1.161,1611666842,1611666889,1611666961,1611666967,1611666967,1611666969,1611666974,47,78,7
clean_up_local_level,0_8,14121.000.000,192.168.1.4,1611667044,1611667045,1611667053,1611667055,1611667055,1611667055,1611667060,1,10,5
mDiffFit,ID0000402,13802.000.000,192.168.1.166,1611665064,1611665108,1611665113,1611665118,1611665118,1611665119,1611665123,44,10,5
mDiffFit,ID0000126,14056.000.000,192.168.1.161,1611666607,1611666665,1611666698,1611666702,1611666702,1611666705,1611666718,58,37,16
mProject,ID0000324,13642.000.000,192.168.1.164,1611662590,1611664292,1611665889,1611665895,1611665895,1611665898,1611665914,1702,1603,19
mDiffFit,ID0000362,13813.000.000,192.168.1.166,1611665143,1611665171,1611665182,1611665188,1611665188,1611665188,1611665193,28,17,5
mDiffFit,ID0000204,13779.000.000,192.168.1.163,1611664740,1611664801,1611664804,1611664808,1611664808,1611664808,1611664813,61,7,5
mDiffFit,ID0000292,13656.000.000,192.168.1.165,1611663596,1611663667,1611663668,1611663671,1611663671,1611663673,1611663683,71,4,12
mProject,ID0000165,13620.000.000,192.168.1.162,1611662490,1611662508,1611663631,1611663635,1611663635,1611663636,1611663647,18,1127,12
mProject,ID0000160,13618.000.000,192.168.1.167,1611662484,1611662488,1611663613,1611663622,1611663622,1611663623,1611663635,4,1134,13
mProject,ID0000162,13628.000.000,192.168.1.163,1611662496,1611663580,1611664685,1611664687,1611664687,1611664687,1611664693,1084,1107,6
mDiffFit,ID0000428,13903.000.000,192.168.1.164,1611665741,1611665800,1611665814,1611665817,1611665817,1611665820,1611665833,59,17,16
mDiffFit,ID0000087,13980.000.000,192.168.1.165,1611666208,1611666233,1611666238,1611666241,1611666241,1611666243,1611666256,25,8,15
mProject,ID0000010,13599.000.000,192.168.1.161,1611662447,1611662467,1611664247,1611664254,1611664254,1611664255,1611664267,20,1787,13
register_local,14_1,14104.000.000,192.168.1.4,1611666923,1611666928,1611666937,1611666944,1611666944,1611666946,1611666953,5,16,9
mDiffFit,ID0000255,13858.000.000,192.168.1.164,1611665439,1611665570,1611665577,1611665585,1611665585,1611665586,1611665601,131,15,16
mDiffFit,ID0000429,13716.000.000,192.168.1.162,1611664113,1611664201,1611664207,1611664213,1611664213,1611664214,1611664219,88,12,6
register_local,3_0,14145.000.000,192.168.1.4,1611667267,1611667268,1611667270,1611667273,1611667273,1611667273,1611667278,1,5,5
register_local,9_1,14139.000.000,192.168.1.4,1611667223,1611667224,1611667226,1611667229,1611667229,1611667230,1611667235,1,5,6
mDiffFit,ID0000081,14053.000.000,192.168.1.164,1611666591,1611666677,1611666689,1611666702,1611666702,1611666704,1611666718,86,25,16
mDiffFit,ID0000079,13919.000.000,192.168.1.167,1611665842,1611665885,1611665897,1611665914,1611665914,1611665914,1611665927,43,29,13
clean_up_local_level,1_7,14118.000.000,192.168.1.4,1611667019,1611667021,1611667035,1611667039,1611667039,1611667039,1611667045,2,18,6
mDiffFit,ID0000052,13822.000.000,192.168.1.161,1611665266,1611665297,1611665299,1611665303,1611665303,1611665303,1611665308,31,6,5
mDiffFit,ID0000270,13657.000.000,192.168.1.161,1611663596,1611663677,1611663688,1611663695,1611663695,1611663695,1611663706,81,18,11
mDiffFit,ID0000091,14054.000.000,192.168.1.164,1611666595,1611666677,1611666687,1611666702,1611666702,1611666703,1611666718,82,25,16
clean_up_local_level,3_3,13906.000.000,192.168.1.4,1611665764,1611665768,1611665782,1611665788,1611665788,1611665791,1611665804,4,20,16
stage_in_remote_local,1_4,13588.000.000,192.168.1.4,1611662312,1611662318,1611662321,1611662324,1611662324,1611662324,1611662329,6,6,5
mDiffFit,ID0000423,13988.000.000,192.168.1.163,1611666251,1611666288,1611666327,1611666341,1611666341,1611666341,1611666353,37,53,12
mDiffFit,ID0000086,14028.000.000,192.168.1.161,1611666495,1611666503,1611666520,1611666523,1611666523,1611666524,1611666535,8,20,12
mBackground,ID0000456,14040.000.000,192.168.1.166,1611666529,1611666557,1611666638,1611666638,1611666638,1611666642,1611666652,28,81,14
mProject,ID0000315,13615.000.000,192.168.1.167,1611662483,1611662488,1611664010,1611664016,1611664016,1611664019,1611664026,5,1528,10
mProject,ID0000329,13634.000.000,192.168.1.166,1611662583,1611663996,1611665589,1611665601,1611665601,1611665601,1611665613,1413,1605,12
mDiffFit,ID0000047,13928.000.000,192.168.1.166,1611665903,1611665917,1611665926,1611665927,1611665927,1611665928,1611665943,14,10,16
mDiffFit,ID0000182,13789.000.000,192.168.1.161,1611664897,1611664944,1611664948,1611664950,1611664950,1611664951,1611664956,47,6,6
stage_in_remote_local,0_1,13577.000.000,192.168.1.4,1611662295,1611662300,1611662303,1611662307,1611662307,1611662307,1611662312,5,7,5
mDiffFit,ID0000041,14012.000.000,192.168.1.165,1611666407,1611666425,1611666428,1611666436,1611666436,1611666439,1611666449,18,11,13
register_local,12_1,14138.000.000,192.168.1.4,1611667212,1611667213,1611667214,1611667218,1611667218,1611667218,1611667223,1,5,5
mDiffFit,ID0000359,13722.000.000,192.168.1.165,1611664149,1611664226,1611664232,1611664235,1611664235,1611664237,1611664242,77,9,7
mBackground,ID0000301,13940.000.000,192.168.1.165,1611665968,1611666001,1611666039,1611666043,1611666043,1611666045,1611666056,33,42,13
mDiffFit,ID0000248,13664.000.000,192.168.1.161,1611663633,1611663719,1611663722,1611663722,1611663722,1611663723,1611663728,86,3,6
mDiffFit,ID0000382,13709.000.000,192.168.1.164,1611664088,1611664140,1611664145,1611664151,1611664151,1611664154,1611664163,52,11,12
mDiffFit,ID0000394,13955.000.000,192.168.1.163,1611666077,1611666095,1611666096,1611666105,1611666105,1611666108,1611666119,18,10,14
mProject,ID0000170,13617.000.000,192.168.1.167,1611662483,1611662488,1611663524,1611663526,1611663526,1611663526,1611663531,5,1038,5
mDiffFit,ID0000060,13985.000.000,192.168.1.165,1611666237,1611666271,1611666287,1611666299,1611666299,1611666300,1611666313,34,28,14
mProject,ID0000318,13596.000.000,192.168.1.165,1611662445,1611662447,1611664024,1611664026,1611664026,1611664028,1611664038,2,1579,12
mDiffFit,ID0000199,13869.000.000,192.168.1.161,1611665505,1611665649,1611665658,1611665664,1611665664,1611665667,1611665675,144,15,11
mDiffFit,ID0000101,13833.000.000,192.168.1.161,1611665357,1611665426,1611665434,1611665443,1611665443,1611665445,1611665457,69,17,14
mDiffFit,ID0000119,13893.000.000,192.168.1.164,1611665671,1611665755,1611665821,1611665833,1611665833,1611665834,1611665844,84,78,11
mDiffFit,ID0000114,13829.000.000,192.168.1.165,1611665349,1611665418,1611665423,1611665430,1611665430,1611665431,1611665443,69,12,13
mAdd,ID0000313,13979.000.000,192.168.1.161,1611666208,1611666341,1611666410,1611666423,1611666423,1611666424,1611666436,133,82,13
mProject,ID0000003,13623.000.000,192.168.1.167,1611662490,1611663525,1611665247,1611665249,1611665249,1611665249,1611665254,1035,1724,5
mDiffFit,ID0000411,13805.000.000,192.168.1.163,1611665064,1611665113,1611665115,1611665118,1611665118,1611665119,1611665123,49,5,5
mDiffFit,ID0000426,13798.000.000,192.168.1.161,1611665058,1611665077,1611665110,1611665112,1611665112,1611665114,1611665118,19,35,6
register_local,1_0,13749.000.000,192.168.1.4,1611664350,1611664353,1611664363,1611664366,1611664366,1611664367,1611664381,3,13,15
mBackground,ID0000151,14100.000.000,192.168.1.163,1611666863,1611666935,1611666981,1611666982,1611666982,1611666983,1611666989,72,47,7
mDiffFit,ID0000080,13923.000.000,192.168.1.166,1611665868,1611665896,1611665901,1611665914,1611665914,1611665916,1611665927,28,18,13
mBackground,ID0000465,14043.000.000,192.168.1.165,1611666544,1611666567,1611666658,1611666668,1611666668,1611666673,1611666683,23,101,15
mDiffFit,ID0000103,14050.000.000,192.168.1.163,1611666568,1611666708,1611666726,1611666733,1611666733,1611666734,1611666741,140,25,8
mConcatFit,ID0000451,14013.000.000,192.168.1.165,1611666418,1611666428,1611666440,1611666449,1611666449,1611666451,1611666464,10,21,15
mDiffFit,ID0000122,14031.000.000,192.168.1.165,1611666501,1611666518,1611666536,1611666546,1611666546,1611666548,1611666560,17,28,14
mDiffFit,ID0000068,13902.000.000,192.168.1.165,1611665736,1611665813,1611665820,1611665833,1611665833,1611665833,1611665844,77,20,11
mDiffFit,ID0000435,13998.000.000,192.168.1.161,1611666320,1611666341,1611666344,1611666353,1611666353,1611666354,1611666366,21,12,13
mDiffFit,ID0000088,13984.000.000,192.168.1.165,1611666234,1611666267,1611666279,1611666287,1611666287,1611666288,1611666299,33,20,12
clean_up_local_level,5_7,14109.000.000,192.168.1.4,1611666982,1611666982,1611666993,1611666994,1611666994,1611666995,1611667004,0,12,10
mDiffFit,ID0000274,13882.000.000,192.168.1.164,1611665595,1611665703,1611665720,1611665730,1611665730,1611665732,1611665742,108,27,12
register_local,2_1,13990.000.000,192.168.1.4,1611666262,1611666265,1611666274,1611666287,1611666287,1611666288,1611666299,3,22,12
mDiffFit,ID0000128,13897.000.000,192.168.1.163,1611665701,1611665804,1611665809,1611665817,1611665817,1611665819,1611665833,103,13,16
mBackground,ID0000307,13944.000.000,192.168.1.165,1611665998,1611666014,1611666051,1611666056,1611666056,1611666057,1611666069,16,42,13
mProject,ID0000015,13603.000.000,192.168.1.166,1611662453,1611662470,1611664245,1611664247,1611664247,1611664249,1611664254,17,1777,7
clean_up_local_level,6_7,14108.000.000,192.168.1.4,1611666980,1611666981,1611666992,1611666994,1611666994,1611666995,1611667004,1,13,10
mDiffFit,ID0000215,13672.000.000,192.168.1.167,1611663667,1611663747,1611663748,1611663752,1611663752,1611663753,1611663758,80,5,6
mProject,ID0000004,13613.000.000,192.168.1.164,1611662471,1611662488,1611664288,1611664302,1611664302,1611664303,1611664314,17,1814,12
mProject,ID0000008,13607.000.000,192.168.1.163,1611662459,1611662470,1611664254,1611664267,1611664267,1611664269,1611664288,11,1797,21
mDiffFit,ID0000176,13662.000.000,192.168.1.162,1611663620,1611663704,1611663707,1611663716,1611663716,1611663718,1611663722,84,12,6
mViewer,ID0000472,14132.000.000,192.168.1.165,1611667135,1611667168,1611667214,1611667218,1611667218,1611667218,1611667223,33,50,5
mDiffFit,ID0000036,14011.000.000,192.168.1.161,1611666403,1611666425,1611666439,1611666449,1611666449,1611666450,1611666464,22,24,15
mDiffFit,ID0000051,13832.000.000,192.168.1.161,1611665357,1611665426,1611665432,1611665443,1611665443,1611665443,1611665457,69,17,14
mDiffFit,ID0000247,13764.000.000,192.168.1.161,1611664692,1611664725,1611664730,1611664743,1611664743,1611664744,1611664763,33,18,20
mBackground,ID0000144,14086.000.000,192.168.1.165,1611666829,1611666851,1611666926,1611666930,1611666930,1611666931,1611666936,22,79,6
mProject,ID0000158,13602.000.000,192.168.1.161,1611662453,1611662467,1611663567,1611663570,1611663570,1611663570,1611663575,14,1103,5
register_local,34_1,13972.000.000,192.168.1.4,1611666168,1611666171,1611666178,1611666188,1611666188,1611666190,1611666201,3,17,13
clean_up_local_level,8_7,13964.000.000,192.168.1.4,1611666113,1611666116,1611666131,1611666136,1611666136,1611666137,1611666148,3,20,12
mDiffFit,ID0000268,13891.000.000,192.168.1.162,1611665656,1611665728,1611665749,1611665755,1611665755,1611665759,1611665771,72,27,16
register_local,10_1,14103.000.000,192.168.1.4,1611666901,1611666905,1611666913,1611666915,1611666915,1611666917,1611666924,4,10,9
mDiffFit,ID0000083,13983.000.000,192.168.1.163,1611666223,1611666253,1611666259,1611666271,1611666271,1611666272,1611666287,30,18,16
register_local,2_4,14117.000.000,192.168.1.4,1611667011,1611667013,1611667017,1611667020,1611667020,1611667021,1611667027,2,7,7
mBackground,ID0000310,13934.000.000,192.168.1.165,1611665936,1611665947,1611665970,1611665986,1611665986,1611665987,1611666002,11,39,16
register_local,1_1,13904.000.000,192.168.1.4,1611665750,1611665753,1611665762,1611665771,1611665771,1611665774,1611665788,3,18,17
mBackground,ID0000302,13939.000.000,192.168.1.165,1611665966,1611665979,1611666015,1611666029,1611666029,1611666030,1611666043,13,50,14
mDiffFit,ID0000019,13748.000.000,192.168.1.162,1611664346,1611664384,1611664395,1611664396,1611664396,1611664396,1611664407,38,12,11
mDiffFit,ID0000358,13917.000.000,192.168.1.162,1611665831,1611665865,1611665872,1611665882,1611665882,1611665884,1611665895,34,17,13
clean_up_local_level,7_3,13871.000.000,192.168.1.4,1611665519,1611665525,1611665540,1611665548,1611665548,1611665550,1611665561,6,23,13
mDiffFit,ID0000078,13930.000.000,192.168.1.163,1611665908,1611665930,1611665937,1611665943,1611665943,1611665946,1611665958,22,13,15
mDiffFit,ID0000403,13725.000.000,192.168.1.162,1611664171,1611664270,1611664278,1611664288,1611664288,1611664290,1611664302,99,18,14
mDiffFit,ID0000399,14000.000.000,192.168.1.165,1611666337,1611666349,1611666371,1611666382,1611666382,1611666383,1611666396,12,33,14
mDiffFit,ID0000084,13976.000.000,192.168.1.161,1611666185,1611666203,1611666213,1611666225,1611666225,1611666228,1611666241,18,22,16
mDiffFit,ID0000130,14068.000.000,192.168.1.166,1611666709,1611666733,1611666739,1611666741,1611666741,1611666743,1611666753,24,8,12
mBgModel,ID0000138,14081.000.000,192.168.1.161,1611666794,1611666795,1611666803,1611666806,1611666806,1611666807,1611666812,1,11,6
mDiffFit,ID0000072,13925.000.000,192.168.1.162,1611665881,1611665902,1611665911,1611665914,1611665914,1611665918,1611665927,21,12,13
mProject,ID0000014,13630.000.000,192.168.1.162,1611662502,1611663826,1611665557,1611665561,1611665561,1611665563,1611665573,1324,1735,12
mDiffFit,ID0000439,13911.000.000,192.168.1.164,1611665797,1611665867,1611665895,1611665914,1611665914,1611665915,1611665927,70,47,13
mDiffFit,ID0000174,13866.000.000,192.168.1.161,1611665482,1611665637,1611665675,1611665690,1611665690,1611665692,1611665703,155,53,13
mDiffFit,ID0000231,13783.000.000,192.168.1.166,1611664776,1611664798,1611664808,1611664813,1611664813,1611664814,1611664819,22,15,6
mDiffFit,ID0000253,13881.000.000,192.168.1.165,1611665593,1611665709,1611665732,1611665742,1611665742,1611665745,1611665755,116,33,13
mBackground,ID0000300,13943.000.000,192.168.1.163,1611665993,1611666010,1611666039,1611666043,1611666043,1611666046,1611666056,17,33,13
mProject,ID0000322,13631.000.000,192.168.1.167,1611662502,1611663826,1611665341,1611665344,1611665344,1611665344,1611665350,1324,1518,6
mBackground,ID0000454,14044.000.000,192.168.1.163,1611666554,1611666585,1611666720,1611666733,1611666733,1611666734,1611666741,31,148,8
mProject,ID0000006,13633.000.000,192.168.1.166,1611662583,1611663996,1611665734,1611665742,1611665742,1611665746,1611665755,1413,1746,13
mProject,ID0000326,13605.000.000,192.168.1.166,1611662459,1611662470,1611664008,1611664016,1611664016,1611664018,1611664026,11,1546,10
mDiffFit,ID0000116,14018.000.000,192.168.1.163,1611666434,1611666464,1611666480,1611666489,1611666489,1611666489,1611666503,30,25,14
mBackground,ID0000453,14033.000.000,192.168.1.163,1611666514,1611666530,1611666567,1611666570,1611666570,1611666571,1611666585,16,40,15
mDiffFit,ID0000337,13842.000.000,192.168.1.167,1611665370,1611665478,1611665501,1611665511,1611665511,1611665513,1611665529,108,33,18
mDiffFit,ID0000201,13864.000.000,192.168.1.167,1611665469,1611665611,1611665629,1611665637,1611665637,1611665641,1611665648,142,26,11
mDiffFit,ID0000344,13912.000.000,192.168.1.166,1611665801,1611665840,1611665846,1611665857,1611665857,1611665858,1611665869,39,17,12
mDiffFit,ID0000113,13892.000.000,192.168.1.164,1611665660,1611665753,1611665792,1611665804,1611665804,1611665805,1611665817,93,51,13
mBackground,ID0000154,14087.000.000,192.168.1.165,1611666830,1611666852,1611666929,1611666930,1611666930,1611666935,1611666936,22,78,6
stage_in_remote_local,0_3,13584.000.000,192.168.1.4,1611662302,1611662304,1611662308,1611662312,1611662312,1611662313,1611662319,2,8,7
mDiffFit,ID0000353,14002.000.000,192.168.1.163,1611666348,1611666370,1611666378,1611666382,1611666382,1611666383,1611666396,22,12,14
mDiffFit,ID0000279,13876.000.000,192.168.1.162,1611665559,1611665648,1611665676,1611665690,1611665690,1611665693,1611665703,89,42,13
register_local,25_1,14102.000.000,192.168.1.4,1611666875,1611666880,1611666888,1611666893,1611666893,1611666895,1611666903,5,13,10
clean_up_local_level,0_3,13958.000.000,192.168.1.4,1611666093,1611666097,1611666110,1611666119,1611666119,1611666122,1611666136,4,22,17
mDiffFit,ID0000050,13823.000.000,192.168.1.161,1611665267,1611665297,1611665302,1611665303,1611665303,1611665303,1611665308,30,6,5
mDiffFit,ID0000249,13857.000.000,192.168.1.164,1611665437,1611665570,1611665597,1611665601,1611665601,1611665602,1611665613,133,31,12
mDiffFit,ID0000216,13782.000.000,192.168.1.166,1611664771,1611664795,1611664799,1611664802,1611664802,1611664803,1611664808,24,7,6
mDiffFit,ID0000021,13974.000.000,192.168.1.165,1611666181,1611666200,1611666210,1611666213,1611666213,1611666216,1611666225,19,13,12
stage_in_remote_local,0_5,13582.000.000,192.168.1.4,1611662301,1611662304,1611662308,1611662312,1611662312,1611662313,1611662319,3,8,7
register_local,0_2,14083.000.000,192.168.1.4,1611666801,1611666804,1611666810,1611666812,1611666812,1611666813,1611666824,3,8,12
stage_in_remote_local,2_1,13591.000.000,192.168.1.4,1611662312,1611662317,1611662320,1611662324,1611662324,1611662324,1611662329,5,7,5
mDiffFit,ID0000225,13659.000.000,192.168.1.162,1611663605,1611663689,1611663692,1611663695,1611663695,1611663695,1611663706,84,6,11
mProject,ID0000330,13619.000.000,192.168.1.162,1611662489,1611662507,1611664066,1611664078,1611664078,1611664080,1611664089,18,1571,11
mDiffFit,ID0000230,13780.000.000,192.168.1.163,1611664752,1611664803,1611664805,1611664808,1611664808,1611664808,1611664813,51,5,5
mProject,ID0000173,13597.000.000,192.168.1.165,1611662445,1611662467,1611663562,1611663570,1611663570,1611663570,1611663575,22,1103,5
mDiffFit,ID0000037,14015.000.000,192.168.1.165,1611666429,1611666445,1611666451,1611666464,1611666464,1611666465,1611666476,16,19,12
mDiffFit,ID0000446,13907.000.000,192.168.1.167,1611665769,1611665833,1611665841,1611665844,1611665844,1611665845,1611665857,64,11,13
mProject,ID0000005,13632.000.000,192.168.1.165,1611662502,1611663827,1611665600,1611665613,1611665613,1611665614,1611665637,1325,1786,24
mDiffFit,ID0000381,13797.000.000,192.168.1.161,1611665058,1611665072,1611665073,1611665075,1611665075,1611665076,1611665081,14,3,6
register_local,28_1,14107.000.000,192.168.1.4,1611666974,1611666975,1611666981,1611666982,1611666982,1611666982,1611666989,1,7,7
mDiffFit,ID0000106,13899.000.000,192.168.1.166,1611665714,1611665796,1611665804,1611665817,1611665817,1611665818,1611665833,82,21,16
mDiffFit,ID0000024,13828.000.000,192.168.1.167,1611665349,1611665376,1611665378,1611665382,1611665382,1611665382,1611665393,27,6,11
mBackground,ID0000455,14041.000.000,192.168.1.161,1611666535,1611666563,1611666654,1611666668,1611666668,1611666671,1611666683,28,105,15
stage_in_remote_local,0_0,13578.000.000,192.168.1.4,1611662295,1611662300,1611662303,1611662307,1611662307,1611662307,1611662312,5,7,5
mDiffFit,ID0000278,13786.000.000,192.168.1.166,1611664890,1611664913,1611664915,1611664918,1611664918,1611664919,1611664924,23,5,6
mDiffFit,ID0000240,13683.000.000,192.168.1.165,1611663694,1611663800,1611663802,1611663804,1611663804,1611663804,1611663809,106,4,5
stage_in_remote_local,1_0,13586.000.000,192.168.1.4,1611662307,1611662307,1611662310,1611662312,1611662312,1611662313,1611662319,0,5,7
mDiffFit,ID0000236,13781.000.000,192.168.1.164,1611664762,1611664783,1611664787,1611664790,1611664790,1611664791,1611664796,21,7,6
mDiffFit,ID0000108,14071.000.000,192.168.1.163,1611666732,1611666743,1611666747,1611666753,1611666753,1611666753,1611666758,11,10,5
stage_in_remote_local,3_4,13593.000.000,192.168.1.4,1611662319,1611662321,1611662324,1611662329,1611662329,1611662329,1611662334,2,8,5
stage_in_remote_local,1_1,13585.000.000,192.168.1.4,1611662302,1611662303,1611662306,1611662307,1611662307,1611662308,1611662312,1,4,5
mDiffFit,ID0000244,13878.000.000,192.168.1.166,1611665571,1611665684,1611665703,1611665716,1611665716,1611665717,1611665730,113,32,14
mDiffFit,ID0000417,13841.000.000,192.168.1.164,1611665369,1611665460,1611665475,1611665484,1611665484,1611665486,1611665497,91,24,13
mDiffFit,ID0000447,13801.000.000,192.168.1.161,1611665063,1611665107,1611665112,1611665118,1611665118,1611665118,1611665123,44,11,5
mDiffFit,ID0000444,13721.000.000,192.168.1.165,1611664146,1611664226,1611664261,1611664267,1611664267,1611664271,1611664288,80,41,21
clean_up_local_level,0_10,14140.000.000,192.168.1.4,1611667229,1611667229,1611667244,1611667245,1611667245,1611667246,1611667252,0,16,7
mDiffFit,ID0000250,13860.000.000,192.168.1.167,1611665449,1611665602,1611665613,1611665636,1611665636,1611665637,1611665648,153,34,12
mBackground,ID0000467,14039.000.000,192.168.1.166,1611666523,1611666557,1611666623,1611666638,1611666638,1611666640,1611666652,34,81,14
mDiffFit,ID0000284,13885.000.000,192.168.1.167,1611665609,1611665740,1611665747,1611665755,1611665755,1611665758,1611665771,131,15,16
mDiffFit,ID0000288,13653.000.000,192.168.1.161,1611663589,1611663654,1611663665,1611663671,1611663671,1611663672,1611663683,65,17,12
register_local,4_1,14021.000.000,192.168.1.4,1611666456,1611666459,1611666465,1611666476,1611666476,1611666476,1611666489,3,17,13
mBackground,ID0000459,14045.000.000,192.168.1.166,1611666556,1611666606,1611666705,1611666718,1611666718,1611666720,1611666733,50,112,15
mDiffFit,ID0000112,13834.000.000,192.168.1.166,1611665357,1611665418,1611665443,1611665457,1611665457,1611665459,1611665472,61,39,15
mDiffFit,ID0000207,13680.000.000,192.168.1.162,1611663681,1611663799,1611663808,1611663809,1611663809,1611663810,1611663815,118,10,6
mBackground,ID0000298,13935.000.000,192.168.1.163,1611665940,1611665952,1611665979,1611665986,1611665986,1611665987,1611666002,12,34,16
mDiffFit,ID0000421,13908.000.000,192.168.1.162,1611665779,1611665821,1611665830,1611665833,1611665833,1611665835,1611665844,42,12,11
mDiffFit,ID0000096,13758.000.000,192.168.1.164,1611664413,1611664427,1611664437,1611664441,1611664441,1611664442,1611664447,14,14,6
mDiffFit,ID0000190,13874.000.000,192.168.1.166,1611665540,1611665673,1611665690,1611665703,1611665703,1611665705,1611665716,133,30,13
mDiffFit,ID0000282,13765.000.000,192.168.1.166,1611664693,1611664730,1611664760,1611664763,1611664763,1611664770,1611664778,37,33,15
mDiffFit,ID0000064,13752.000.000,192.168.1.166,1611664373,1611664395,1611664397,1611664407,1611664407,1611664408,1611664419,22,12,12
mDiffFit,ID0000198,13884.000.000,192.168.1.165,1611665607,1611665709,1611665719,1611665730,1611665730,1611665731,1611665742,102,21,12
mBackground,ID0000461,14036.000.000,192.168.1.165,1611666521,1611666558,1611666663,1611666668,1611666668,1611666675,1611666683,37,110,15
mBackground,ID0000142,14089.000.000,192.168.1.161,1611666833,1611666849,1611666907,1611666909,1611666909,1611666910,1611666915,16,60,6
mDiffFit,ID0000203,13677.000.000,192.168.1.167,1611663679,1611663772,1611663784,1611663787,1611663787,1611663789,1611663793,93,15,6
mBackground,ID0000309,13949.000.000,192.168.1.165,1611666027,1611666051,1611666081,1611666084,1611666084,1611666085,1611666095,24,33,11
mDiffFit,ID0000057,13820.000.000,192.168.1.165,1611665260,1611665296,1611665298,1611665298,1611665298,1611665299,1611665303,36,2,5
mBackground,ID0000463,14034.000.000,192.168.1.161,1611666514,1611666530,1611666602,1611666609,1611666609,1611666610,1611666623,16,79,14
mDiffFit,ID0000042,14016.000.000,192.168.1.163,1611666431,1611666455,1611666464,1611666464,1611666464,1611666465,1611666476,24,9,12
stage_out_local_local,0_7,14141.000.000,192.168.1.4,1611667229,1611667234,1611667238,1611667240,1611667240,1611667240,1611667245,5,6,5
mImgtbl,ID0000155,14114.000.000,192.168.1.163,1611666994,1611667028,1611667030,1611667033,1611667033,1611667034,1611667039,34,5,6
mDiffFit,ID0000343,13699.000.000,192.168.1.165,1611664044,1611664098,1611664103,1611664114,1611664114,1611664115,1611664126,54,16,12
mDiffFit,ID0000213,13676.000.000,192.168.1.165,1611663679,1611663769,1611663771,1611663775,1611663775,1611663776,1611663781,90,6,6
mDiffFit,ID0000102,13745.000.000,192.168.1.161,1611664326,1611664362,1611664366,1611664381,1611664381,1611664382,1611664396,36,19,15
mProject,ID0000001,13600.000.000,192.168.1.161,1611662453,1611662467,1611664213,1611664219,1611664219,1611664221,1611664226,14,1752,7
mDiffFit,ID0000061,13754.000.000,192.168.1.163,1611664391,1611664409,1611664421,1611664429,1611664429,1611664430,1611664435,18,20,6
mDiffFit,ID0000192,13861.000.000,192.168.1.165,1611665451,1611665570,1611665628,1611665637,1611665637,1611665640,1611665648,119,67,11
mDiffFit,ID0000264,13769.000.000,192.168.1.163,1611664699,1611664746,1611664756,1611664763,1611664763,1611664768,1611664778,47,17,15
stage_in_remote_local,0_2,13576.000.000,192.168.1.4,1611662295,1611662295,1611662300,1611662302,1611662302,1611662302,1611662307,0,7,5
mBackground,ID0000466,14042.000.000,192.168.1.165,1611666541,1611666561,1611666661,1611666668,1611666668,1611666674,1611666683,20,107,15
mDiffFit,ID0000210,13674.000.000,192.168.1.167,1611663669,1611663757,1611663760,1611663763,1611663763,1611663765,1611663769,88,6,6
mDiffFit,ID0000271,13772.000.000,192.168.1.162,1611664706,1611664745,1611664755,1611664763,1611664763,1611664766,1611664778,39,18,15
stage_in_local_local,0_0,13579.000.000,192.168.1.4,1611662296,1611662300,1611662431,1611662434,1611662434,1611662434,1611662439,4,134,5
mDiffFit,ID0000110,14025.000.000,192.168.1.161,1611666474,1611666487,1611666489,1611666503,1611666503,1611666504,1611666515,13,16,12
mDiffFit,ID0000135,14060.000.000,192.168.1.166,1611666636,1611666699,1611666707,1611666718,1611666718,1611666723,1611666733,63,19,15
mDiffFit,ID0000184,13883.000.000,192.168.1.167,1611665598,1611665739,1611665745,1611665755,1611665755,1611665757,1611665771,141,16,16
mDiffFit,ID0000071,13970.000.000,192.168.1.163,1611666157,1611666188,1611666210,1611666213,1611666213,1611666215,1611666225,31,25,12
mDiffFit,ID0000179,13851.000.000,192.168.1.161,1611665400,1611665525,1611665543,1611665548,1611665548,1611665551,1611665561,125,23,13
mDiffFit,ID0000404,13915.000.000,192.168.1.165,1611665824,1611665870,1611665882,1611665895,1611665895,1611665897,1611665914,46,25,19
register_local,31_1,13977.000.000,192.168.1.4,1611666195,1611666201,1611666207,1611666213,1611666213,1611666214,1611666225,6,12,12
mDiffFit,ID0000425,13694.000.000,192.168.1.167,1611664033,1611664059,1611664066,1611664078,1611664078,1611664079,1611664089,26,19,11
mBackground,ID0000143,14088.000.000,192.168.1.165,1611666831,1611666852,1611666927,1611666930,1611666930,1611666932,1611666936,21,78,6
mDiffFit,ID0000123,14051.000.000,192.168.1.164,1611666569,1611666620,1611666657,1611666668,1611666668,1611666672,1611666683,51,48,15
mDiffFit,ID0000351,13846.000.000,192.168.1.167,1611665375,1611665510,1611665516,1611665529,1611665529,1611665531,1611665548,135,19,19
mDiffFit,ID0000367,13810.000.000,192.168.1.161,1611665130,1611665159,1611665164,1611665171,1611665171,1611665174,1611665177,29,12,6
stage_in_local_local,2_0,13589.000.000,192.168.1.4,1611662312,1611662318,1611662461,1611662471,1611662471,1611662472,1611662477,6,153,6
mDiffFit,ID0000062,13753.000.000,192.168.1.164,1611664378,1611664395,1611664409,1611664419,1611664419,1611664419,1611664429,17,24,10
mDiffFit,ID0000379,13711.000.000,192.168.1.166,1611664097,1611664163,1611664168,1611664176,1611664176,1611664180,1611664190,66,13,14
mDiffFit,ID0000418,13845.000.000,192.168.1.167,1611665370,1611665500,1611665532,1611665548,1611665548,1611665549,1611665561,130,48,13
mDiffFit,ID0000354,13707.000.000,192.168.1.165,1611664083,1611664136,1611664140,1611664151,1611664151,1611664153,1611664163,53,15,12
mDiffFit,ID0000424,13704.000.000,192.168.1.166,1611664063,1611664127,1611664132,1611664140,1611664140,1611664140,1611664151,64,13,11
mDiffFit,ID0000205,13671.000.000,192.168.1.161,1611663667,1611663745,1611663755,1611663758,1611663758,1611663758,1611663763,78,13,5
register_local,16_1,14128.000.000,192.168.1.4,1611667129,1611667129,1611667131,1611667136,1611667136,1611667136,1611667141,0,7,5
mDiffFit,ID0000246,13668.000.000,192.168.1.161,1611663655,1611663732,1611663734,1611663740,1611663740,1611663741,1611663746,77,8,6
mDiffFit,ID0000349,13731.000.000,192.168.1.164,1611664202,1611664288,1611664312,1611664314,1611664314,1611664318,1611664328,86,26,14
mDiffFit,ID0000266,13795.000.000,192.168.1.164,1611664906,1611664946,1611664959,1611664962,1611664962,1611664963,1611664967,40,16,5
mDiffFit,ID0000018,13817.000.000,192.168.1.161,1611665259,1611665266,1611665267,1611665267,1611665267,1611665268,1611665272,7,1,5
mDiffFit,ID0000269,13644.000.000,192.168.1.161,1611663581,1611663588,1611663599,1611663610,1611663610,1611663611,1611663622,7,22,12
mDiffFit,ID0000277,13784.000.000,192.168.1.166,1611664889,1611664899,1611664906,1611664907,1611664907,1611664907,1611664912,10,8,5
mBackground,ID0000457,14037.000.000,192.168.1.161,1611666522,1611666558,1611666652,1611666668,1611666668,1611666670,1611666683,36,110,15
mDiffFit,ID0000258,13687.000.000,192.168.1.162,1611663714,1611663823,1611663825,1611663826,1611663826,1611663826,1611663831,109,3,5
mDiffFit,ID0000259,13792.000.000,192.168.1.163,1611664901,1611664953,1611664957,1611664962,1611664962,1611664962,1611664967,52,9,5
mDiffFit,ID0000371,13910.000.000,192.168.1.161,1611665795,1611665847,1611665857,1611665869,1611665869,1611665871,1611665882,52,22,13
mDiffFit,ID0000285,13889.000.000,192.168.1.161,1611665642,1611665769,1611665785,1611665788,1611665788,1611665792,1611665804,127,19,16
mBackground,ID0000468,14038.000.000,192.168.1.161,1611666522,1611666561,1611666654,1611666668,1611666668,1611666671,1611666683,39,107,15
mDiffFit,ID0000234,13877.000.000,192.168.1.164,1611665568,1611665664,1611665668,1611665675,1611665675,1611665675,1611665690,96,11,15
register_local,33_1,13999.000.000,192.168.1.4,1611666331,1611666335,1611666344,1611666353,1611666353,1611666355,1611666366,4,18,13
mDiffFit,ID0000437,13799.000.000,192.168.1.165,1611665058,1611665104,1611665108,1611665112,1611665112,1611665113,1611665118,46,8,6
mDiffFit,ID0000183,13646.000.000,192.168.1.161,1611663581,1611663612,1611663615,1611663622,1611663622,1611663624,1611663635,31,10,13
mDiffFit,ID0000262,13682.000.000,192.168.1.167,1611663693,1611663799,1611663801,1611663804,1611663804,1611663804,1611663809,106,5,5
mViewer,ID0000471,14112.000.000,192.168.1.161,1611666988,1611666993,1611667015,1611667020,1611667020,1611667021,1611667027,5,27,7
mDiffFit,ID0000033,14017.000.000,192.168.1.161,1611666432,1611666458,1611666464,1611666476,1611666476,1611666476,1611666489,26,18,13
mDiffFit,ID0000352,13690.000.000,192.168.1.166,1611664003,1611664035,1611664037,1611664038,1611664038,1611664038,1611664050,32,3,12
mBgModel,ID0000452,14023.000.000,192.168.1.165,1611666470,1611666474,1611666487,1611666489,1611666489,1611666489,1611666503,4,15,14
clean_up_local_level,6_3,13941.000.000,192.168.1.4,1611665977,1611665982,1611665997,1611666002,1611666002,1611666003,1611666013,5,20,11
mDiffFit,ID0000218,13859.000.000,192.168.1.163,1611665441,1611665608,1611665694,1611665703,1611665703,1611665706,1611665716,167,95,13
mProject,ID0000316,13606.000.000,192.168.1.166,1611662459,1611662470,1611663986,1611663987,1611663987,1611663988,1611663994,11,1517,7
mDiffFit,ID0000208,13678.000.000,192.168.1.161,1611663679,1611663781,1611663783,1611663787,1611663787,1611663788,1611663793,102,6,6
mDiffFit,ID0000027,13757.000.000,192.168.1.166,1611664405,1611664418,1611664422,1611664429,1611664429,1611664430,1611664435,13,11,6
mDiffFit,ID0000445,13796.000.000,192.168.1.161,1611665057,1611665062,1611665067,1611665069,1611665069,1611665070,1611665075,5,7,6
mDiffFit,ID0000341,13700.000.000,192.168.1.165,1611664047,1611664099,1611664105,1611664114,1611664114,1611664116,1611664126,52,15,12
mDiffFit,ID0000384,13720.000.000,192.168.1.164,1611664137,1611664214,1611664226,1611664235,1611664235,1611664237,1611664242,77,21,7
mProject,ID0000164,13636.000.000,192.168.1.167,1611662584,1611664282,1611665356,1611665358,1611665358,1611665358,1611665364,1698,1076,6
mDiffFit,ID0000291,13770.000.000,192.168.1.164,1611664699,1611664735,1611664759,1611664763,1611664763,1611664769,1611664778,36,28,15
mDiffFit,ID0000280,13643.000.000,192.168.1.161,1611663569,1611663578,1611663581,1611663582,1611663582,1611663582,1611663590,9,4,8
register_local,7_1,14026.000.000,192.168.1.4,1611666482,1611666489,1611666493,1611666503,1611666503,1611666504,1611666515,7,14,12
register_local,27_1,14070.000.000,192.168.1.4,1611666727,1611666731,1611666736,1611666741,1611666741,1611666743,1611666753,4,10,12
cleanup_montage,local_0,14146.000.000,192.168.1.4,1611667273,1611667273,1611667276,1611667278,1611667278,1611667279,1611667284,0,5,6
mDiffFit,ID0000048,13981.000.000,192.168.1.165,1611666211,1611666233,1611666253,1611666256,1611666256,1611666257,1611666271,22,23,15
mDiffFit,ID0000331,13701.000.000,192.168.1.164,1611664049,1611664101,1611664118,1611664126,1611664126,1611664127,1611664140,52,25,14
mDiffFit,ID0000189,13870.000.000,192.168.1.163,1611665509,1611665684,1611665721,1611665730,1611665730,1611665733,1611665742,175,46,12
mDiffFit,ID0000238,13774.000.000,192.168.1.166,1611664713,1611664767,1611664774,1611664778,1611664778,1611664780,1611664784,54,11,6
mProject,ID0000172,13627.000.000,192.168.1.163,1611662496,1611663579,1611664682,1611664682,1611664682,1611664683,1611664687,1083,1103,5
mDiffFit,ID0000368,13814.000.000,192.168.1.166,1611665152,1611665176,1611665181,1611665183,1611665183,1611665183,1611665188,24,7,5
register_local,15_1,14113.000.000,192.168.1.4,1611666988,1611666993,1611666995,1611667004,1611667004,1611667005,1611667012,5,11,8
mDiffFit,ID0000450,13914.000.000,192.168.1.164,1611665816,1611665872,1611665895,1611665895,1611665895,1611665899,1611665914,56,23,19
mDiffFit,ID0000398,13728.000.000,192.168.1.167,1611664188,1611664261,1611664282,1611664288,1611664288,1611664292,1611664302,73,27,14
mBackground,ID0000145,14085.000.000,192.168.1.165,1611666822,1611666852,1611666929,1611666930,1611666930,1611666934,1611666936,30,78,6
mBackground,ID0000147,14093.000.000,192.168.1.166,1611666854,1611666890,1611666965,1611666967,1611666967,1611666972,1611666974,36,77,7
mDiffFit,ID0000287,13879.000.000,192.168.1.167,1611665581,1611665680,1611665746,1611665755,1611665755,1611665757,1611665771,99,75,16
mDiffFit,ID0000118,13742.000.000,192.168.1.166,1611664312,1611664352,1611664375,1611664381,1611664381,1611664384,1611664396,40,29,15
register_local,1_4,14124.000.000,192.168.1.4,1611667067,1611667069,1611667074,1611667080,1611667080,1611667080,1611667087,2,11,7
mDiffFit,ID0000332,13811.000.000,192.168.1.163,1611665137,1611665161,1611665165,1611665171,1611665171,1611665174,1611665177,24,10,6
mDiffFit,ID0000440,13719.000.000,192.168.1.167,1611664134,1611664209,1611664225,1611664226,1611664226,1611664227,1611664235,75,17,9
mDiffFit,ID0000438,13703.000.000,192.168.1.167,1611664061,1611664105,1611664119,1611664126,1611664126,1611664128,1611664140,44,21,14
mDiffFit,ID0000442,13695.000.000,192.168.1.165,1611664035,1611664065,1611664068,1611664078,1611664078,1611664082,1611664089,30,13,11
mDiffFit,ID0000350,13693.000.000,192.168.1.164,1611664025,1611664059,1611664078,1611664089,1611664089,1611664089,1611664102,34,30,13
mBackground,ID0000139,14095.000.000,192.168.1.166,1611666855,1611666890,1611666967,1611666974,1611666974,1611666975,1611666982,35,84,8
mProject,ID0000011,13637.000.000,192.168.1.162,1611662584,1611664287,1611666002,1611666002,1611666002,1611666003,1611666013,1703,1715,11
mDiffFit,ID0000076,14027.000.000,192.168.1.165,1611666485,1611666496,1611666500,1611666503,1611666503,1611666505,1611666515,11,7,12
mDiffFit,ID0000226,13771.000.000,192.168.1.164,1611664699,1611664735,1611664744,1611664763,1611664763,1611664765,1611664778,36,28,15
mBackground,ID0000152,14098.000.000,192.168.1.163,1611666862,1611666932,1611666975,1611666982,1611666982,1611666982,1611666989,70,50,7
mDiffFit,ID0000022,13734.000.000,192.168.1.166,1611664262,1611664307,1611664311,1611664314,1611664314,1611664317,1611664328,45,7,14
mDiffFit,ID0000032,14014.000.000,192.168.1.161,1611666421,1611666433,1611666463,1611666464,1611666464,1611666465,1611666476,12,31,12
mDiffFit,ID0000389,13992.000.000,192.168.1.165,1611666280,1611666309,1611666334,1611666341,1611666341,1611666341,1611666353,29,32,12
mDiffFit,ID0000029,13894.000.000,192.168.1.161,1611665683,1611665778,1611665784,1611665788,1611665788,1611665792,1611665804,95,10,16
mDiffFit,ID0000227,13658.000.000,192.168.1.167,1611663597,1611663678,1611663680,1611663683,1611663683,1611663684,1611663695,81,5,12
mDiffFit,ID0000275,13790.000.000,192.168.1.166,1611664897,1611664940,1611664953,1611664956,1611664956,1611664957,1611664962,43,16,6
mDiffFit,ID0000392,13960.000.000,192.168.1.165,1611666101,1611666122,1611666131,1611666136,1611666136,1611666138,1611666148,21,14,12
mDiffFit,ID0000085,13975.000.000,192.168.1.165,1611666182,1611666201,1611666217,1611666225,1611666225,1611666228,1611666241,19,24,16
mDiffFit,ID0000098,13896.000.000,192.168.1.163,1611665698,1611665803,1611665808,1611665817,1611665817,1611665819,1611665833,105,14,16
register_local,11_1,14079.000.000,192.168.1.4,1611666788,1611666788,1611666791,1611666795,1611666795,1611666795,1611666801,0,7,6
register_local,0_6,14135.000.000,192.168.1.4,1611667180,1611667181,1611667182,1611667186,1611667186,1611667186,1611667191,1,5,5
clean_up_local_level,0_5,14080.000.000,192.168.1.4,1611666793,1611666794,1611666811,1611666824,1611666824,1611666824,1611666835,1,30,11
mDiffFit,ID0000075,13921.000.000,192.168.1.167,1611665854,1611665896,1611665914,1611665927,1611665927,1611665927,1611665943,42,31,16
mBackground,ID0000460,14047.000.000,192.168.1.163,1611666566,1611666652,1611666730,1611666733,1611666733,1611666734,1611666741,86,81,8
mDiffFit,ID0000348,13968.000.000,192.168.1.163,1611666144,1611666170,1611666189,1611666201,1611666201,1611666202,1611666213,26,31,12
mProject,ID0000159,13640.000.000,192.168.1.167,1611662590,1611664290,1611665408,1611665418,1611665418,1611665419,1611665430,1700,1128,12
mDiffFit,ID0000260,13684.000.000,192.168.1.167,1611663701,1611663817,1611663825,1611663826,1611663826,1611663826,1611663831,116,9,5
DAGMAN,,13574.0,,1611662275,,,,,,1611667289,,,
mDiffFit,ID0000178,13666.000.000,192.168.1.165,1611663644,1611663720,1611663729,1611663734,1611663734,1611663735,1611663740,76,14,6
mDiffFit,ID0000281,13655.000.000,192.168.1.162,1611663596,1611663665,1611663676,1611663683,1611663683,1611663684,1611663695,69,18,12
clean_up_local_level,0_9,14129.000.000,192.168.1.4,1611667134,1611667134,1611667152,1611667157,1611667157,1611667158,1611667163,0,23,6
mDiffFit,ID0000390,13961.000.000,192.168.1.165,1611666101,1611666122,1611666132,1611666136,1611666136,1611666138,1611666148,21,14,12
mDiffFit,ID0000273,13788.000.000,192.168.1.161,1611664890,1611664941,1611664957,1611664962,1611664962,1611664963,1611664967,51,21,5
register_local,0_0,13819.000.000,192.168.1.4,1611665260,1611665266,1611665268,1611665272,1611665272,1611665272,1611665277,6,6,5
clean_up_local_level,9_3,13762.000.000,192.168.1.4,1611664692,1611664692,1611664699,1611664700,1611664700,1611664700,1611664714,0,8,14
mDiffFit,ID0000196,13867.000.000,192.168.1.161,1611665493,1611665637,1611665652,1611665664,1611665664,1611665665,1611665675,144,27,11
mDiffFit,ID0000193,13868.000.000,192.168.1.162,1611665495,1611665608,1611665659,1611665664,1611665664,1611665668,1611665675,113,56,11
mBackground,ID0000140,14099.000.000,192.168.1.163,1611666862,1611666935,1611666979,1611666982,1611666982,1611666982,1611666989,73,47,7
mDiffFit,ID0000443,13916.000.000,192.168.1.163,1611665827,1611665869,1611665910,1611665914,1611665914,1611665917,1611665927,42,45,13
mDiffFit,ID0000397,13844.000.000,192.168.1.162,1611665370,1611665458,1611665462,1611665472,1611665472,1611665474,1611665484,88,14,12
mDiffFit,ID0000377,13710.000.000,192.168.1.167,1611664095,1611664140,1611664142,1611664151,1611664151,1611664153,1611664163,45,11,12
clean_up_local_level,2_3,13957.000.000,192.168.1.4,1611666090,1611666092,1611666105,1611666119,1611666119,1611666122,1611666136,2,27,17
mDiffFit,ID0000372,13812.000.000,192.168.1.165,1611665141,1611665171,1611665176,1611665177,1611665177,1611665179,1611665183,30,6,6
mProject,ID0000167,13629.000.000,192.168.1.161,1611662502,1611663823,1611664877,1611664879,1611664879,1611664879,1611664884,1321,1056,5
mDiffFit,ID0000115,14057.000.000,192.168.1.167,1611666616,1611666686,1611666696,1611666702,1611666702,1611666704,1611666718,70,16,16
mDiffFit,ID0000434,13987.000.000,192.168.1.165,1611666248,1611666291,1611666326,1611666341,1611666341,1611666341,1611666353,43,50,12
clean_up_local_level,0_7,14116.000.000,192.168.1.4,1611667003,1611667006,1611667023,1611667027,1611667027,1611667028,1611667033,3,21,6
mDiffFit,ID0000180,13679.000.000,192.168.1.165,1611663680,1611663782,1611663784,1611663787,1611663787,1611663790,1611663793,102,5,6
mDiffFit,ID0000395,13963.000.000,192.168.1.163,1611666103,1611666136,1611666141,1611666148,1611666148,1611666150,1611666161,33,12,13
mProject,ID0000161,13609.000.000,192.168.1.163,1611662460,1611662470,1611663578,1611663582,1611663582,1611663582,1611663590,10,1112,8
mDiffFit,ID0000031,14064.000.000,192.168.1.165,1611666678,1611666712,1611666718,1611666733,1611666733,1611666733,1611666741,34,21,8
mDiffFit,ID0000058,14069.000.000,192.168.1.161,1611666713,1611666733,1611666735,1611666741,1611666741,1611666742,1611666753,20,8,12
mDiffFit,ID0000430,13995.000.000,192.168.1.161,1611666298,1611666336,1611666354,1611666366,1611666366,1611666368,1611666382,38,30,16
mDiffFit,ID0000383,13909.000.000,192.168.1.161,1611665786,1611665841,1611665849,1611665857,1611665857,1611665859,1611665869,55,16,12
mDiffFit,ID0000333,13712.000.000,192.168.1.165,1611664100,1611664169,1611664176,1611664190,1611664190,1611664191,1611664204,69,21,14
mDiffFit,ID0000373,13954.000.000,192.168.1.161,1611666064,1611666084,1611666087,1611666095,1611666095,1611666095,1611666105,20,11,10
mDiffFit,ID0000028,13733.000.000,192.168.1.161,1611664233,1611664305,1611664310,1611664314,1611664314,1611664316,1611664328,72,9,14
stage_in_remote_local,0_4,13583.000.000,192.168.1.4,1611662301,1611662304,1611662306,1611662307,1611662307,1611662308,1611662312,3,3,5
mDiffFit,ID0000283,13649.000.000,192.168.1.161,1611663588,1611663631,1611663640,1611663647,1611663647,1611663649,1611663661,43,16,14
mDiffFit,ID0000407,13691.000.000,192.168.1.167,1611664010,1611664034,1611664036,1611664038,1611664038,1611664038,1611664050,24,4,12
mDiffFit,ID0000214,13768.000.000,192.168.1.163,1611664698,1611664745,1611664756,1611664763,1611664763,1611664767,1611664778,47,18,15
mProject,ID0000168,13601.000.000,192.168.1.161,1611662453,1611662467,1611663554,1611663556,1611663556,1611663557,1611663562,14,1089,6
register_local,0_7,14144.000.000,192.168.1.4,1611667251,1611667257,1611667259,1611667262,1611667262,1611667262,1611667267,6,5,5
mDiffFit,ID0000361,13956.000.000,192.168.1.165,1611666082,1611666094,1611666095,1611666105,1611666105,1611666107,1611666119,12,11,14
mDiffFit,ID0000243,13665.000.000,192.168.1.167,1611663641,1611663713,1611663723,1611663728,1611663728,1611663730,1611663734,72,15,6
mDiffFit,ID0000347,13714.000.000,192.168.1.167,1611664108,1611664164,1611664169,1611664176,1611664176,1611664181,1611664190,56,12,14
register_local,0_1,14055.000.000,192.168.1.4,1611666604,1611666606,1611666616,1611666623,1611666623,1611666624,1611666638,2,17,15
mDiffFit,ID0000364,13837.000.000,192.168.1.163,1611665363,1611665453,1611665497,1611665511,1611665511,1611665513,1611665529,90,58,18
register_local,22_1,14133.000.000,192.168.1.4,1611667141,1611667150,1611667159,1611667163,1611667163,1611667164,1611667169,9,13,6
mDiffFit,ID0000410,13697.000.000,192.168.1.166,1611664036,1611664082,1611664099,1611664102,1611664102,1611664103,1611664114,46,20,12
stage_in_local_local,3_0,13592.000.000,192.168.1.4,1611662318,1611662322,1611662446,1611662448,1611662448,1611662448,1611662454,4,126,6
mBackground,ID0000308,13950.000.000,192.168.1.163,1611666036,1611666057,1611666086,1611666095,1611666095,1611666095,1611666105,21,38,10
mDiffFit,ID0000223,13890.000.000,192.168.1.161,1611665647,1611665771,1611665781,1611665788,1611665788,1611665790,1611665804,124,17,16
mProject,ID0000321,13612.000.000,192.168.1.164,1611662468,1611662487,1611663988,1611663994,1611663994,1611663994,1611664004,19,1507,10
mDiffFit,ID0000211,13886.000.000,192.168.1.161,1611665612,1611665760,1611665782,1611665788,1611665788,1611665790,1611665804,148,28,16
mDiffFit,ID0000396,13732.000.000,192.168.1.165,1611664211,1611664296,1611664316,1611664328,1611664328,1611664329,1611664340,85,32,12
mDiffFit,ID0000222,13661.000.000,192.168.1.167,1611663617,1611663694,1611663695,1611663706,1611663706,1611663706,1611663716,77,12,10
clean_up_local_level,9_7,14115.000.000,192.168.1.4,1611667001,1611667002,1611667017,1611667020,1611667020,1611667021,1611667027,1,18,7
mDiffFit,ID0000094,13741.000.000,192.168.1.164,1611664311,1611664352,1611664377,1611664381,1611664381,1611664388,1611664396,41,29,15
register_local,3_4,14120.000.000,192.168.1.4,1611667039,1611667039,1611667041,1611667045,1611667045,1611667045,1611667050,0,6,5
clean_up_local_level,4_7,14105.000.000,192.168.1.4,1611666943,1611666947,1611666961,1611666967,1611666967,1611666969,1611666974,4,20,7
mDiffFit,ID0000107,13744.000.000,192.168.1.162,1611664323,1611664355,1611664360,1611664366,1611664366,1611664367,1611664381,32,11,15
mDiffFit,ID0000431,14001.000.000,192.168.1.165,1611666346,1611666364,1611666370,1611666382,1611666382,1611666383,1611666396,18,18,14
mDiffFit,ID0000416,13986.000.000,192.168.1.163,1611666239,1611666276,1611666286,1611666287,1611666287,1611666289,1611666299,37,11,12
mDiffFit,ID0000336,13702.000.000,192.168.1.162,1611664058,1611664099,1611664104,1611664114,1611664114,1611664115,1611664126,41,15,12
mDiffFit,ID0000267,13645.000.000,192.168.1.165,1611663581,1611663612,1611663614,1611663622,1611663622,1611663624,1611663635,31,10,13
mConcatFit,ID0000137,14078.000.000,192.168.1.161,1611666771,1611666775,1611666779,1611666782,1611666782,1611666782,1611666788,4,7,6
register_local,17_1,14136.000.000,192.168.1.4,1611667191,1611667191,1611667193,1611667196,1611667196,1611667196,1611667202,0,5,6
mDiffFit,ID0000235,13778.000.000,192.168.1.162,1611664736,1611664781,1611664784,1611664790,1611664790,1611664791,1611664796,45,9,6
mDiffFit,ID0000385,13966.000.000,192.168.1.161,1611666128,1611666146,1611666163,1611666174,1611666174,1611666175,1611666188,18,28,14
mDiffFit,ID0000257,13850.000.000,192.168.1.161,1611665391,1611665525,1611665542,1611665548,1611665548,1611665551,1611665561,134,23,13
mDiffFit,ID0000420,13838.000.000,192.168.1.163,1611665364,1611665459,1611665467,1611665472,1611665472,1611665475,1611665484,95,13,12
mDiffFit,ID0000345,13718.000.000,192.168.1.166,1611664124,1611664208,1611664215,1611664219,1611664219,1611664222,1611664226,84,11,7
mDiffFit,ID0000427,13688.000.000,192.168.1.165,1611663994,1611664004,1611664013,1611664016,1611664016,1611664019,1611664026,10,12,10
mBackground,ID0000299,13933.000.000,192.168.1.165,1611665933,1611665943,1611665960,1611665970,1611665970,1611665971,1611665986,10,27,16
mDiffFit,ID0000254,13855.000.000,192.168.1.162,1611665417,1611665532,1611665544,1611665548,1611665548,1611665552,1611665561,115,16,13
mDiffFit,ID0000261,13888.000.000,192.168.1.167,1611665634,1611665742,1611665758,1611665771,1611665771,1611665773,1611665788,108,29,17
mDiffFit,ID0000046,13825.000.000,192.168.1.166,1611665267,1611665294,1611665304,1611665308,1611665308,1611665308,1611665313,27,14,5
clean_up_local_level,7_7,14110.000.000,192.168.1.4,1611666987,1611666994,1611667005,1611667012,1611667012,1611667013,1611667020,7,18,8
mDiffFit,ID0000419,13836.000.000,192.168.1.163,1611665363,1611665443,1611665458,1611665472,1611665472,1611665472,1611665484,80,29,12
mDiffFit,ID0000290,13651.000.000,192.168.1.162,1611663589,1611663649,1611663652,1611663661,1611663661,1611663662,1611663671,60,12,10
mDiffFit,ID0000355,13696.000.000,192.168.1.166,1611664035,1611664059,1611664066,1611664078,1611664078,1611664078,1611664089,24,19,11
mDiffFit,ID0000206,13856.000.000,192.168.1.163,1611665427,1611665601,1611665696,1611665703,1611665703,1611665707,1611665716,174,102,13
mDiffFit,ID0000393,13959.000.000,192.168.1.161,1611666100,1611666119,1611666124,1611666136,1611666136,1611666137,1611666148,19,17,12
mProject,ID0000320,13622.000.000,192.168.1.162,1611662490,1611662508,1611664079,1611664089,1611664089,1611664089,1611664102,18,1581,13
mDiffFit,ID0000241,13670.000.000,192.168.1.165,1611663659,1611663738,1611663747,1611663752,1611663752,1611663753,1611663758,79,14,6
mProject,ID0000325,13614.000.000,192.168.1.164,1611662482,1611662488,1611664019,1611664026,1611664026,1611664027,1611664038,6,1538,12
mDiffFit,ID0000293,13763.000.000,192.168.1.165,1611664692,1611664724,1611664741,1611664743,1611664743,1611664745,1611664763,32,19,20
mBackground,ID0000458,14046.000.000,192.168.1.166,1611666558,1611666609,1611666699,1611666702,1611666702,1611666706,1611666718,51,93,16
mDiffFit,ID0000121,14063.000.000,192.168.1.161,1611666665,1611666699,1611666707,1611666718,1611666718,1611666722,1611666733,34,19,15
mDiffFit,ID0000335,13726.000.000,192.168.1.166,1611664173,1611664252,1611664274,1611664288,1611664288,1611664289,1611664302,79,36,14
mDiffFit,ID0000097,13735.000.000,192.168.1.163,1611664265,1611664305,1611664310,1611664314,1611664314,1611664316,1611664328,40,9,14
mDiffFit,ID0000034,14008.000.000,192.168.1.163,1611666380,1611666406,1611666426,1611666436,1611666436,1611666439,1611666449,26,30,13
register_local,0_5,14123.000.000,192.168.1.4,1611667050,1611667054,1611667056,1611667060,1611667060,1611667061,1611667068,4,6,8
mDiffFit,ID0000059,13932.000.000,192.168.1.161,1611665923,1611665937,1611665944,1611665958,1611665958,1611665959,1611665970,14,21,12
mDiffFit,ID0000340,13705.000.000,192.168.1.165,1611664073,1611664130,1611664140,1611664151,1611664151,1611664152,1611664163,57,21,12
mDiffFit,ID0000339,13997.000.000,192.168.1.161,1611666312,1611666339,1611666343,1611666353,1611666353,1611666354,1611666366,27,14,13
mProject,ID0000327,13624.000.000,192.168.1.161,1611662495,1611663556,1611665043,1611665047,1611665047,1611665047,1611665052,1061,1491,5
stage_in_remote_local,0_6,13581.000.000,192.168.1.4,1611662301,1611662304,1611662308,1611662312,1611662312,1611662313,1611662319,3,8,7
mProject,ID0000007,13616.000.000,192.168.1.167,1611662483,1611662488,1611664244,1611664247,1611664247,1611664249,1611664254,5,1759,7
register_local,2_0,14147.000.000,192.168.1.4,1611667278,1611667279,1611667281,1611667284,1611667284,1611667284,1611667289,1,5,5
mBackground,ID0000149,14091.000.000,192.168.1.161,1611666844,1611666889,1611666963,1611666967,1611666967,1611666971,1611666974,45,78,7
mDiffFit,ID0000065,14052.000.000,192.168.1.164,1611666582,1611666679,1611666688,1611666702,1611666702,1611666703,1611666718,97,23,16
mBackground,ID0000306,13945.000.000,192.168.1.163,1611666008,1611666029,1611666069,1611666084,1611666084,1611666084,1611666095,21,55,11
mDiffFit,ID0000056,13898.000.000,192.168.1.166,1611665711,1611665788,1611665800,1611665804,1611665804,1611665806,1611665817,77,16,13
register_local,21_1,14127.000.000,192.168.1.4,1611667116,1611667117,1611667120,1611667122,1611667122,1611667123,1611667129,1,5,7
mDiffFit,ID0000436,13706.000.000,192.168.1.162,1611664076,1611664136,1611664164,1611664176,1611664176,1611664178,1611664190,60,40,14
mProject,ID0000166,13610.000.000,192.168.1.163,1611662465,1611662471,1611663564,1611663570,1611663570,1611663570,1611663575,6,1099,5
clean_up_local_level,1_3,13948.000.000,192.168.1.4,1611666022,1611666026,1611666040,1611666043,1611666043,1611666047,1611666056,4,17,13
register_local,8_1,13996.000.000,192.168.1.4,1611666307,1611666310,1611666318,1611666324,1611666324,1611666325,1611666341,3,14,17
mDiffFit,ID0000346,13815.000.000,192.168.1.161,1611665156,1611665178,1611665188,1611665193,1611665193,1611665193,1611665198,22,15,5
mDiffFit,ID0000200,13873.000.000,192.168.1.166,1611665537,1611665674,1611665690,1611665690,1611665690,1611665694,1611665703,137,16,13
mDiffFit,ID0000217,13669.000.000,192.168.1.167,1611663657,1611663733,1611663736,1611663740,1611663740,1611663741,1611663746,76,7,6
mDiffFit,ID0000111,13831.000.000,192.168.1.161,1611665356,1611665426,1611665433,1611665443,1611665443,1611665444,1611665457,70,17,14
mBackground,ID0000462,14035.000.000,192.168.1.165,1611666521,1611666555,1611666634,1611666638,1611666638,1611666642,1611666652,34,83,14
register_local,3_1,13900.000.000,192.168.1.4,1611665723,1611665726,1611665736,1611665742,1611665742,1611665747,1611665755,3,16,13
mDiffFit,ID0000073,13929.000.000,192.168.1.165,1611665905,1611665926,1611665929,1611665943,1611665943,1611665945,1611665958,21,17,15
mDiffFit,ID0000441,13803.000.000,192.168.1.166,1611665064,1611665108,1611665114,1611665118,1611665118,1611665119,1611665123,44,10,5
register_local,19_1,14142.000.000,192.168.1.4,1611667235,1611667239,1611667241,1611667245,1611667245,1611667246,1611667252,4,6,7
mDiffFit,ID0000202,13863.000.000,192.168.1.167,1611665465,1611665611,1611665627,1611665637,1611665637,1611665639,1611665648,146,26,11
register_local,20_1,14126.000.000,192.168.1.4,1611667103,1611667105,1611667107,1611667109,1611667109,1611667110,1611667117,2,4,8
register_local,6_1,13951.000.000,192.168.1.4,1611666040,1611666047,1611666055,1611666069,1611666069,1611666070,1611666084,7,22,15
mDiffFit,ID0000220,13663.000.000,192.168.1.165,1611663629,1611663704,1611663707,1611663716,1611663716,1611663717,1611663722,75,12,6
mDiffFit,ID0000023,13746.000.000,192.168.1.163,1611664336,1611664366,1611664369,1611664381,1611664381,1611664383,1611664396,30,15,15
mDiffFit,ID0000104,13759.000.000,192.168.1.162,1611664417,1611664431,1611664441,1611664447,1611664447,1611664447,1611664452,14,16,5
register_local,4_0,13927.000.000,192.168.1.4,1611665893,1611665900,1611665907,1611665914,1611665914,1611665916,1611665927,7,14,13
mBackground,ID0000297,13936.000.000,192.168.1.161,1611665951,1611665958,1611665980,1611665986,1611665986,1611665987,1611666002,7,28,16
mDiffFit,ID0000342,13800.000.000,192.168.1.161,1611665058,1611665109,1611665112,1611665118,1611665118,1611665118,1611665123,51,9,5
mDiffFit,ID0000040,14029.000.000,192.168.1.163,1611666497,1611666517,1611666520,1611666523,1611666523,1611666523,1611666535,20,6,12
clean_up_local_level,5_3,13887.000.000,192.168.1.4,1611665620,1611665626,1611665641,1611665648,1611665648,1611665649,1611665664,6,22,16
mBackground,ID0000148,14092.000.000,192.168.1.166,1611666846,1611666887,1611666963,1611666967,1611666967,1611666970,1611666974,41,80,7
mDiffFit,ID0000082,13978.000.000,192.168.1.163,1611666197,1611666215,1611666243,1611666256,1611666256,1611666256,1611666271,18,41,15
register_local,35_1,14077.000.000,192.168.1.4,1611666770,1611666775,1611666779,1611666782,1611666782,1611666782,1611666788,5,7,6
mDiffFit,ID0000334,13962.000.000,192.168.1.163,1611666102,1611666134,1611666156,1611666161,1611666161,1611666162,1611666174,32,27,13
mDiffFit,ID0000043,14010.000.000,192.168.1.161,1611666393,1611666411,1611666417,1611666423,1611666423,1611666425,1611666436,18,12,13
mDiffFit,ID0000363,13816.000.000,192.168.1.163,1611665167,1611665184,1611665195,1611665198,1611665198,1611665199,1611665204,17,14,6
mDiffFit,ID0000400,13727.000.000,192.168.1.161,1611664184,1611664255,1611664279,1611664288,1611664288,1611664291,1611664302,71,33,14
mDiffFit,ID0000229,13848.000.000,192.168.1.165,1611665379,1611665497,1611665508,1611665511,1611665511,1611665514,1611665529,118,14,18
mDiffFit,ID0000409,13708.000.000,192.168.1.162,1611664086,1611664136,1611664165,1611664176,1611664176,1611664179,1611664190,50,40,14
clean_up_local_level,2_7,14066.000.000,192.168.1.4,1611666692,1611666696,1611666710,1611666718,1611666718,1611666724,1611666733,4,22,15
stage_in_remote_local,0_7,13580.000.000,192.168.1.4,1611662296,1611662300,1611662303,1611662307,1611662307,1611662307,1611662312,4,7,5
mDiffFit,ID0000026,14022.000.000,192.168.1.161,1611666460,1611666476,1611666481,1611666489,1611666489,1611666489,1611666503,16,13,14
mDiffFit,ID0000388,13952.000.000,192.168.1.165,1611666051,1611666071,1611666094,1611666095,1611666095,1611666095,1611666105,20,24,10
clean_up_local_level,0_6,14084.000.000,192.168.1.4,1611666820,1611666822,1611666839,1611666848,1611666848,1611666849,1611666856,2,26,8
mDiffFit,ID0000239,13849.000.000,192.168.1.166,1611665388,1611665498,1611665561,1611665573,1611665573,1611665574,1611665585,110,75,12
mBackground,ID0000464,14032.000.000,192.168.1.165,1611666510,1611666520,1611666549,1611666560,1611666560,1611666560,1611666570,10,40,10
mDiffFit,ID0000386,13969.000.000,192.168.1.165,1611666147,1611666169,1611666176,1611666188,1611666188,1611666189,1611666201,22,19,13
mProject,ID0000013,13611.000.000,192.168.1.164,1611662466,1611662488,1611664165,1611664176,1611664176,1611664179,1611664190,22,1688,14
mDiffFit,ID0000375,13715.000.000,192.168.1.164,1611664110,1611664169,1611664192,1611664204,1611664204,1611664205,1611664213,59,35,9
register_local,13_1,14106.000.000,192.168.1.4,1611666952,1611666955,1611666965,1611666967,1611666967,1611666971,1611666974,3,12,7
mDiffFit,ID0000195,13875.000.000,192.168.1.164,1611665555,1611665664,1611665669,1611665675,1611665675,1611665676,1611665690,109,11,15
register_local,26_1,14062.000.000,192.168.1.4,1611666659,1611666664,1611666673,1611666683,1611666683,1611666686,1611666702,5,19,19
mDiffFit,ID0000092,13743.000.000,192.168.1.165,1611664321,1611664348,1611664367,1611664381,1611664381,1611664383,1611664396,27,33,15
mDiffFit,ID0000233,13776.000.000,192.168.1.164,1611664726,1611664765,1611664775,1611664778,1611664778,1611664780,1611664784,39,13,6
mDiffFit,ID0000391,13967.000.000,192.168.1.165,1611666133,1611666156,1611666164,1611666174,1611666174,1611666176,1611666188,23,18,14
mDiffFit,ID0000432,13993.000.000,192.168.1.163,1611666283,1611666322,1611666341,1611666353,1611666353,1611666354,1611666366,39,31,13
clean_up_local_level,8_3,13931.000.000,192.168.1.4,1611665921,1611665926,1611665938,1611665943,1611665943,1611665946,1611665958,5,17,15
mDiffFit,ID0000035,14007.000.000,192.168.1.165,1611666376,1611666399,1611666415,1611666423,1611666423,1611666424,1611666436,23,24,13
mDiffFit,ID0000360,13808.000.000,192.168.1.165,1611665129,1611665146,1611665171,1611665177,1611665177,1611665178,1611665183,17,31,6
mDiffFit,ID0000356,13804.000.000,192.168.1.163,1611665064,1611665112,1611665114,1611665118,1611665118,1611665119,1611665123,48,6,5
mDiffFit,ID0000272,13652.000.000,192.168.1.165,1611663589,1611663649,1611663653,1611663661,1611663661,1611663663,1611663671,60,12,10
mDiffFit,ID0000039,14004.000.000,192.168.1.163,1611666361,1611666382,1611666386,1611666396,1611666396,1611666397,1611666410,21,14,14
mDiffFit,ID0000053,14049.000.000,192.168.1.163,1611666567,1611666691,1611666702,1611666718,1611666718,1611666719,1611666733,124,27,15
mDiffFit,ID0000357,13689.000.000,192.168.1.165,1611664000,1611664034,1611664036,1611664038,1611664038,1611664038,1611664050,34,4,12
mDiffFit,ID0000219,13686.000.000,192.168.1.165,1611663712,1611663818,1611663826,1611663831,1611663831,1611663831,1611663836,106,13,5
mDiffFit,ID0000265,13681.000.000,192.168.1.161,1611663690,1611663800,1611663801,1611663804,1611663804,1611663804,1611663809,110,4,5
mDiffFit,ID0000129,13755.000.000,192.168.1.165,1611664396,1611664407,1611664419,1611664429,1611664429,1611664430,1611664435,11,22,6
mDiffFit,ID0000074,13920.000.000,192.168.1.161,1611665851,1611665886,1611665912,1611665914,1611665914,1611665918,1611665927,35,28,13
mDiffFit,ID0000408,14003.000.000,192.168.1.161,1611666352,1611666370,1611666393,1611666396,1611666396,1611666398,1611666410,18,26,14
mDiffFit,ID0000365,13809.000.000,192.168.1.166,1611665129,1611665148,1611665154,1611665159,1611665159,1611665160,1611665171,19,11,12
mDiffFit,ID0000070,14073.000.000,192.168.1.161,1611666740,1611666753,1611666754,1611666758,1611666758,1611666758,1611666763,13,5,5
mDiffFit,ID0000401,13730.000.000,192.168.1.165,1611664200,1611664267,1611664283,1611664288,1611664288,1611664293,1611664302,67,21,14
mBackground,ID0000311,13942.000.000,192.168.1.161,1611665983,1611665996,1611666021,1611666029,1611666029,1611666031,1611666043,13,33,14
mDiffFit,ID0000090,13971.000.000,192.168.1.161,1611666160,1611666178,1611666184,1611666188,1611666188,1611666191,1611666201,18,10,13
mDiffFit,ID0000366,13994.000.000,192.168.1.165,1611666294,1611666322,1611666328,1611666341,1611666341,1611666341,1611666353,28,19,12
register_local,29_1,14067.000.000,192.168.1.4,1611666700,1611666704,1611666712,1611666718,1611666718,1611666725,1611666733,4,14,15
mDiffFit,ID0000370,13807.000.000,192.168.1.161,1611665128,1611665155,1611665162,1611665171,1611665171,1611665173,1611665177,27,16,6
mDiffFit,ID0000276,13793.000.000,192.168.1.163,1611664906,1611664954,1611664965,1611664967,1611664967,1611664967,1611664972,48,13,5
register_local,30_1,14075.000.000,192.168.1.4,1611666752,1611666753,1611666758,1611666763,1611666763,1611666763,1611666771,1,10,8
mDiffFit,ID0000105,13747.000.000,192.168.1.166,1611664338,1611664375,1611664384,1611664396,1611664396,1611664396,1611664407,37,21,11
mDiffFit,ID0000406,13847.000.000,192.168.1.165,1611665376,1611665494,1611665524,1611665529,1611665529,1611665532,1611665548,118,35,19
mProject,ID0000012,13621.000.000,192.168.1.162,1611662490,1611662508,1611664302,1611664314,1611664314,1611664315,1611664328,18,1806,14
mDiffFit,ID0000448,13905.000.000,192.168.1.167,1611665754,1611665826,1611665848,1611665857,1611665857,1611665859,1611665869,72,31,12
register_local,0_3,14096.000.000,192.168.1.4,1611666855,1611666861,1611666867,1611666868,1611666868,1611666869,1611666877,6,7,9
mDiffFit,ID0000191,13862.000.000,192.168.1.161,1611665455,1611665570,1611665650,1611665664,1611665664,1611665664,1611665675,115,94,11
mBackground,ID0000141,14097.000.000,192.168.1.163,1611666856,1611666877,1611666960,1611666967,1611666967,1611666968,1611666974,21,90,7
mDiffFit,ID0000177,13777.000.000,192.168.1.163,1611664734,1611664795,1611664812,1611664813,1611664813,1611664814,1611664819,61,18,6
mBackground,ID0000304,13947.000.000,192.168.1.161,1611666012,1611666033,1611666068,1611666069,1611666069,1611666071,1611666084,21,36,15
register_local,5_1,14048.000.000,192.168.1.4,1611666567,1611666575,1611666584,1611666597,1611666597,1611666598,1611666609,8,22,12
mDiffFit,ID0000067,13751.000.000,192.168.1.165,1611664364,1611664387,1611664395,1611664396,1611664396,1611664396,1611664407,23,9,11
mImgtbl,ID0000312,13965.000.000,192.168.1.165,1611666117,1611666176,1611666182,1611666188,1611666188,1611666190,1611666201,59,12,13
mDiffFit,ID0000020,13922.000.000,192.168.1.163,1611665864,1611665907,1611665927,1611665943,1611665943,1611665945,1611665958,43,36,15
mDiffFit,ID0000066,13761.000.000,192.168.1.163,1611664428,1611664442,1611664444,1611664447,1611664447,1611664447,1611664452,14,5,5
mDiffFit,ID0000049,13818.000.000,192.168.1.161,1611665259,1611665272,1611665297,1611665298,1611665298,1611665299,1611665303,13,26,5
mDiffFit,ID0000017,14005.000.000,192.168.1.161,1611666365,1611666383,1611666402,1611666410,1611666410,1611666411,1611666423,18,27,13
mDiffFit,ID0000095,14030.000.000,192.168.1.161,1611666498,1611666518,1611666535,1611666546,1611666546,1611666547,1611666560,20,28,14
mProject,ID0000319,13635.000.000,192.168.1.164,1611662583,1611663996,1611665603,1611665613,1611665613,1611665615,1611665637,1413,1617,24
mDiffFit,ID0000405,13724.000.000,192.168.1.162,1611664161,1611664267,1611664277,1611664288,1611664288,1611664290,1611664302,106,21,14
