Job,ID,DagmanID,Node IP,SUBMIT,EXECUTE,JOB_TERMINATED,JOB_SUCCESS,POST_SCRIPT_STARTED,POST_SCRIPT_TERMINATED,POST_SCRIPT_SUCCESS,wait_time,exec_time,ps_time
mDiffFit,ID0000034,19929.000.000,192.168.1.161,1612338942,1612338968,1612338985,1612338993,1612338993,1612338995,1612339005,26,25,12
register_local,27_1,20049.000.000,192.168.1.4,1612339713,1612339719,1612339728,1612339736,1612339736,1612339737,1612339746,6,17,10
mProject,ID0000161,19606.000.000,192.168.1.164,1612335909,1612335914,1612337354,1612337357,1612337357,1612337359,1612337369,5,1443,12
mBackground,ID0000305,19819.000.000,192.168.1.161,1612338303,1612338323,1612338367,1612338371,1612338371,1612338375,1612338385,20,48,14
mDiffFit,ID0000109,19933.000.000,192.168.1.165,1612338967,1612339007,1612339031,1612339036,1612339036,1612339040,1612339050,40,29,14
clean_up_local_level,2_3,19790.000.000,192.168.1.4,1612338131,1612338133,1612338147,1612338150,1612338150,1612338152,1612338168,2,17,18
register_local,1_1,20138.000.000,192.168.1.4,1612340343,1612340343,1612340346,1612340349,1612340349,1612340349,1612340354,0,6,5
mDiffFit,ID0000067,20040.000.000,192.168.1.165,1612339650,1612339692,1612339703,1612339707,1612339707,1612339710,1612339721,42,15,14
register_local,22_1,20070.000.000,192.168.1.4,1612339831,1612339836,1612339845,1612339851,1612339851,1612339851,1612339857,5,15,6
register_local,34_1,20135.000.000,192.168.1.4,1612340311,1612340316,1612340318,1612340322,1612340322,1612340322,1612340328,5,6,6
mDiffFit,ID0000099,20062.000.000,192.168.1.165,1612339779,1612339820,1612339835,1612339838,1612339838,1612339840,1612339845,41,18,7
mDiffFit,ID0000078,19978.000.000,192.168.1.163,1612339250,1612339381,1612339387,1612339396,1612339396,1612339398,1612339410,131,15,14
mDiffFit,ID0000236,19687.000.000,192.168.1.163,1612337497,1612337533,1612337545,1612337557,1612337557,1612337559,1612337570,36,24,13
clean_up_local_level,0_7,20109.000.000,192.168.1.4,1612340078,1612340082,1612340099,1612340101,1612340101,1612340101,1612340106,4,19,5
mViewer,ID0000472,20125.000.000,192.168.1.163,1612340213,1612340245,1612340293,1612340295,1612340295,1612340295,1612340300,32,50,5
stage_in_local_local,3_0,19589.000.000,192.168.1.4,1612335817,1612335820,1612335896,1612335897,1612335897,1612335898,1612335903,3,77,6
register_local,0_3,20090.000.000,192.168.1.4,1612339924,1612339931,1612339940,1612339952,1612339952,1612339953,1612339961,7,21,9
mDiffFit,ID0000054,20009.000.000,192.168.1.168,1612339451,1612339499,1612339518,1612339532,1612339532,1612339532,1612339544,48,33,12
mDiffFit,ID0000055,19984.000.000,192.168.1.164,1612339286,1612339370,1612339383,1612339396,1612339396,1612339397,1612339410,84,26,14
mBackground,ID0000309,19821.000.000,192.168.1.163,1612338314,1612338357,1612338448,1612338453,1612338453,1612338456,1612338465,43,96,12
mDiffFit,ID0000432,19763.000.000,192.168.1.166,1612337948,1612338045,1612338064,1612338071,1612338071,1612338074,1612338084,97,26,13
mDiffFit,ID0000182,19648.000.000,192.168.1.163,1612337262,1612337319,1612337331,1612337343,1612337343,1612337345,1612337357,57,24,14
mDiffFit,ID0000025,19936.000.000,192.168.1.167,1612338990,1612339020,1612339025,1612339036,1612339036,1612339038,1612339050,30,16,14
clean_up_local_level,4_7,20106.000.000,192.168.1.4,1612340062,1612340066,1612340078,1612340082,1612340082,1612340082,1612340088,4,16,6
mDiffFit,ID0000033,20041.000.000,192.168.1.167,1612339654,1612339692,1612339697,1612339707,1612339707,1612339708,1612339721,38,15,14
mBackground,ID0000310,19808.000.000,192.168.1.172,1612338244,1612338253,1612338276,1612338279,1612338279,1612338280,1612338293,9,26,14
mProject,ID0000162,19625.000.000,192.168.1.171,1612335938,1612335954,1612337213,1612337216,1612337216,1612337216,1612337221,16,1262,5
register_local,7_1,20130.000.000,192.168.1.4,1612340278,1612340279,1612340281,1612340284,1612340284,1612340284,1612340289,1,5,5
register_local,24_1,20042.000.000,192.168.1.4,1612339662,1612339666,1612339677,1612339683,1612339683,1612339684,1612339695,4,17,12
mDiffFit,ID0000075,19935.000.000,192.168.1.163,1612338981,1612339033,1612339090,1612339104,1612339104,1612339105,1612339116,52,71,12
mDiffFit,ID0000193,19726.000.000,192.168.1.165,1612337708,1612337761,1612337817,1612337818,1612337818,1612337822,1612337831,53,57,13
mDiffFit,ID0000365,19850.000.000,192.168.1.161,1612338490,1612338509,1612338515,1612338518,1612338518,1612338520,1612338529,19,9,11
mDiffFit,ID0000195,19703.000.000,192.168.1.163,1612337594,1612337615,1612337623,1612337627,1612337627,1612337628,1612337643,21,12,16
mBgModel,ID0000295,19800.000.000,192.168.1.167,1612338203,1612338209,1612338219,1612338222,1612338222,1612338224,1612338234,6,13,12
mDiffFit,ID0000069,20068.000.000,192.168.1.167,1612339810,1612339841,1612339845,1612339851,1612339851,1612339851,1612339857,31,10,6
mDiffFit,ID0000352,19855.000.000,192.168.1.163,1612338502,1612338599,1612338608,1612338612,1612338612,1612338613,1612338627,97,13,15
mBackground,ID0000143,20082.000.000,192.168.1.163,1612339905,1612339955,1612340031,1612340037,1612340037,1612340037,1612340044,50,82,7
mDiffFit,ID0000338,19853.000.000,192.168.1.167,1612338501,1612338538,1612338542,1612338544,1612338544,1612338545,1612338558,37,6,14
clean_up_local_level,9_3,19668.000.000,192.168.1.4,1612337380,1612337384,1612337394,1612337400,1612337400,1612337401,1612337412,4,16,12
mDiffFit,ID0000049,19942.000.000,192.168.1.167,1612339028,1612339065,1612339094,1612339104,1612339104,1612339107,1612339116,37,39,12
mDiffFit,ID0000221,19684.000.000,192.168.1.172,1612337476,1612337508,1612337517,1612337530,1612337530,1612337532,1612337545,32,22,15
mDiffFit,ID0000283,19657.000.000,192.168.1.163,1612337303,1612337373,1612337416,1612337425,1612337425,1612337428,1612337441,70,52,16
mBackground,ID0000454,19959.000.000,192.168.1.164,1612339126,1612339151,1612339220,1612339224,1612339224,1612339226,1612339238,25,73,14
clean_up_local_level,1_3,19784.000.000,192.168.1.4,1612338091,1612338096,1612338111,1612338123,1612338123,1612338125,1612338137,5,27,14
mDiffFit,ID0000174,19665.000.000,192.168.1.164,1612337356,1612337427,1612337455,1612337465,1612337465,1612337467,1612337478,71,38,13
mBackground,ID0000302,19813.000.000,192.168.1.163,1612338270,1612338293,1612338359,1612338371,1612338371,1612338372,1612338385,23,78,14
mProject,ID0000326,19602.000.000,192.168.1.167,1612335908,1612335913,1612337870,1612337871,1612337871,1612337874,1612337886,5,1958,15
mDiffFit,ID0000439,19889.000.000,192.168.1.165,1612338699,1612338738,1612338762,1612338775,1612338775,1612338776,1612338790,39,37,15
register_local,35_1,20132.000.000,192.168.1.4,1612340300,1612340301,1612340303,1612340306,1612340306,1612340307,1612340311,1,5,5
mDiffFit,ID0000115,19917.000.000,192.168.1.161,1612338869,1612338897,1612338901,1612338907,1612338907,1612338909,1612338920,28,10,13
mDiffFit,ID0000251,19725.000.000,192.168.1.171,1612337705,1612337734,1612337782,1612337789,1612337789,1612337791,1612337802,29,55,13
mDiffFit,ID0000252,19724.000.000,192.168.1.164,1612337695,1612337736,1612337799,1612337802,1612337802,1612337803,1612337818,41,66,16
mDiffFit,ID0000257,19721.000.000,192.168.1.164,1612337678,1612337713,1612337727,1612337734,1612337734,1612337736,1612337746,35,21,12
mDiffFit,ID0000358,19895.000.000,192.168.1.168,1612338741,1612338773,1612338777,1612338790,1612338790,1612338790,1612338801,32,17,11
mDiffFit,ID0000419,19824.000.000,192.168.1.168,1612338328,1612338357,1612338362,1612338371,1612338371,1612338373,1612338385,29,14,14
mDiffFit,ID0000418,19869.000.000,192.168.1.167,1612338571,1612338629,1612338679,1612338683,1612338683,1612338685,1612338702,58,54,19
mProject,ID0000007,19632.000.000,192.168.1.169,1612335953,1612335973,1612337937,1612337950,1612337950,1612337951,1612337964,20,1977,14
mDiffFit,ID0000122,20027.000.000,192.168.1.168,1612339557,1612339612,1612339640,1612339641,1612339641,1612339645,1612339655,55,29,14
clean_up_local_level,9_7,20105.000.000,192.168.1.4,1612340059,1612340061,1612340076,1612340082,1612340082,1612340082,1612340088,2,21,6
mBackground,ID0000153,20084.000.000,192.168.1.163,1612339911,1612339961,1612340037,1612340037,1612340037,1612340038,1612340044,50,76,7
mDiffFit,ID0000052,19963.000.000,192.168.1.163,1612339152,1612339223,1612339233,1612339238,1612339238,1612339240,1612339250,71,15,12
mDiffFit,ID0000276,19691.000.000,192.168.1.169,1612337515,1612337545,1612337561,1612337570,1612337570,1612337573,1612337583,30,25,13
mDiffFit,ID0000125,20058.000.000,192.168.1.165,1612339746,1612339802,1612339841,1612339845,1612339845,1612339847,1612339851,56,43,6
mDiffFit,ID0000198,19740.000.000,192.168.1.163,1612337800,1612337955,1612337965,1612337984,1612337984,1612337985,1612337998,155,29,14
clean_up_local_level,0_6,20078.000.000,192.168.1.4,1612339904,1612339904,1612339919,1612339925,1612339925,1612339926,1612339937,0,21,12
mDiffFit,ID0000073,19995.000.000,192.168.1.168,1612339361,1612339428,1612339443,1612339444,1612339444,1612339448,1612339457,67,16,13
mProject,ID0000003,19639.000.000,192.168.1.162,1612335964,1612335973,1612338015,1612338017,1612338017,1612338021,1612338031,9,2044,14
mDiffFit,ID0000249,19748.000.000,192.168.1.164,1612337856,1612337982,1612338013,1612338017,1612338017,1612338019,1612338031,126,35,14
mProject,ID0000330,19635.000.000,192.168.1.169,1612335963,1612335973,1612337786,1612337789,1612337789,1612337791,1612337802,10,1816,13
mDiffFit,ID0000189,19713.000.000,192.168.1.164,1612337650,1612337663,1612337683,1612337697,1612337697,1612337697,1612337710,13,34,13
mDiffFit,ID0000100,19920.000.000,192.168.1.164,1612338891,1612338925,1612338932,1612338945,1612338945,1612338946,1612338957,34,20,12
mBgModel,ID0000138,20076.000.000,192.168.1.165,1612339881,1612339882,1612339890,1612339893,1612339893,1612339893,1612339898,1,11,5
mDiffFit,ID0000443,19893.000.000,192.168.1.167,1612338726,1612338777,1612338835,1612338842,1612338842,1612338843,1612338859,51,65,17
mDiffFit,ID0000343,19785.000.000,192.168.1.167,1612338093,1612338158,1612338172,1612338180,1612338180,1612338184,1612338195,65,22,15
mDiffFit,ID0000388,19897.000.000,192.168.1.161,1612338754,1612338785,1612338811,1612338814,1612338814,1612338817,1612338827,31,29,13
mDiffFit,ID0000021,19968.000.000,192.168.1.164,1612339190,1612339294,1612339317,1612339327,1612339327,1612339328,1612339341,104,33,14
mDiffFit,ID0000039,19937.000.000,192.168.1.161,1612339000,1612339021,1612339027,1612339036,1612339036,1612339039,1612339050,21,15,14
register_local,5_1,20127.000.000,192.168.1.4,1612340247,1612340247,1612340249,1612340252,1612340252,1612340252,1612340257,0,5,5
mDiffFit,ID0000410,19881.000.000,192.168.1.161,1612338647,1612338683,1612338702,1612338716,1612338716,1612338719,1612338728,36,33,12
mDiffFit,ID0000117,20000.000.000,192.168.1.163,1612339389,1612339501,1612339513,1612339516,1612339516,1612339518,1612339532,112,15,16
mDiffFit,ID0000427,19844.000.000,192.168.1.161,1612338460,1612338478,1612338485,1612338494,1612338494,1612338496,1612338504,18,16,10
mDiffFit,ID0000190,19677.000.000,192.168.1.163,1612337435,1612337483,1612337493,1612337503,1612337503,1612337505,1612337517,48,20,14
mDiffFit,ID0000232,19642.000.000,192.168.1.171,1612337226,1612337238,1612337243,1612337248,1612337248,1612337249,1612337253,12,10,5
mDiffFit,ID0000291,19686.000.000,192.168.1.171,1612337488,1612337533,1612337548,1612337557,1612337557,1612337561,1612337570,45,24,13
mDiffFit,ID0000266,19699.000.000,192.168.1.171,1612337569,1612337586,1612337604,1612337610,1612337610,1612337613,1612337627,17,24,17
mDiffFit,ID0000390,19905.000.000,192.168.1.167,1612338797,1612338843,1612338858,1612338859,1612338859,1612338861,1612338871,46,16,12
mDiffFit,ID0000083,19997.000.000,192.168.1.165,1612339372,1612339460,1612339475,1612339488,1612339488,1612339489,1612339503,88,28,15
mConcatFit,ID0000451,19930.000.000,192.168.1.165,1612338952,1612338971,1612338987,1612338993,1612338993,1612338996,1612339005,19,22,12
stage_in_remote_local,2_1,19588.000.000,192.168.1.4,1612335816,1612335820,1612335822,1612335823,1612335823,1612335823,1612335828,4,3,5
mBackground,ID0000146,20088.000.000,192.168.1.167,1612339920,1612339940,1612340010,1612340015,1612340015,1612340019,1612340022,20,75,7
register_local,2_0,20142.000.000,192.168.1.4,1612340375,1612340375,1612340377,1612340380,1612340380,1612340380,1612340386,0,5,6
mProject,ID0000167,19626.000.000,192.168.1.171,1612335938,1612335954,1612337166,1612337170,1612337170,1612337170,1612337175,16,1216,5
mDiffFit,ID0000222,19683.000.000,192.168.1.165,1612337473,1612337503,1612337508,1612337517,1612337517,1612337520,1612337530,30,14,13
mDiffFit,ID0000369,19762.000.000,192.168.1.168,1612337946,1612338053,1612338063,1612338071,1612338071,1612338073,1612338084,107,18,13
clean_up_local_level,8_7,19846.000.000,192.168.1.4,1612338472,1612338475,1612338488,1612338494,1612338494,1612338496,1612338504,3,19,10
mDiffFit,ID0000076,20019.000.000,192.168.1.167,1612339501,1612339594,1612339602,1612339612,1612339612,1612339613,1612339625,93,18,13
stage_in_local_local,2_0,19586.000.000,192.168.1.4,1612335811,1612335811,1612335900,1612335903,1612335903,1612335903,1612335910,0,92,7
mDiffFit,ID0000277,19640.000.000,192.168.1.171,1612337216,1612337221,1612337225,1612337227,1612337227,1612337227,1612337232,5,6,5
mDiffFit,ID0000375,19841.000.000,192.168.1.167,1612338436,1612338462,1612338476,1612338481,1612338481,1612338482,1612338494,26,19,13
mDiffFit,ID0000340,19805.000.000,192.168.1.164,1612338230,1612338246,1612338250,1612338263,1612338263,1612338264,1612338279,16,17,16
mDiffFit,ID0000199,19667.000.000,192.168.1.164,1612337368,1612337427,1612337437,1612337441,1612337441,1612337443,1612337453,59,14,12
mDiffFit,ID0000280,19660.000.000,192.168.1.169,1612337324,1612337372,1612337383,1612337384,1612337384,1612337387,1612337400,48,12,16
mDiffFit,ID0000237,19641.000.000,192.168.1.171,1612337226,1612337233,1612337234,1612337238,1612337238,1612337238,1612337243,7,5,5
mBackground,ID0000467,19954.000.000,192.168.1.165,1612339100,1612339125,1612339203,1612339210,1612339210,1612339211,1612339224,25,85,14
mDiffFit,ID0000342,19786.000.000,192.168.1.163,1612338104,1612338187,1612338195,1612338208,1612338208,1612338209,1612338222,83,21,14
mBackground,ID0000150,20095.000.000,192.168.1.164,1612339950,1612339985,1612340025,1612340037,1612340037,1612340037,1612340044,35,52,7
mDiffFit,ID0000187,19647.000.000,192.168.1.165,1612337262,1612337293,1612337307,1612337317,1612337317,1612337318,1612337331,31,24,14
stage_in_local_local,4_0,19591.000.000,192.168.1.4,1612335817,1612335821,1612335902,1612335903,1612335903,1612335903,1612335910,4,82,7
mDiffFit,ID0000046,20039.000.000,192.168.1.167,1612339638,1612339692,1612339709,1612339721,1612339721,1612339724,1612339736,54,29,15
stage_in_remote_local,0_6,19578.000.000,192.168.1.4,1612335800,1612335804,1612335809,1612335811,1612335811,1612335811,1612335818,4,7,7
mDiffFit,ID0000377,19849.000.000,192.168.1.167,1612338488,1612338509,1612338514,1612338518,1612338518,1612338520,1612338529,21,9,11
mDiffFit,ID0000114,20052.000.000,192.168.1.163,1612339729,1612339813,1612339823,1612339824,1612339824,1612339829,1612339832,84,11,8
mDiffFit,ID0000429,19854.000.000,192.168.1.161,1612338502,1612338541,1612338548,1612338558,1612338558,1612338560,1612338573,39,17,15
mProject,ID0000166,19607.000.000,192.168.1.164,1612335915,1612335931,1612337355,1612337357,1612337357,1612337361,1612337369,16,1426,12
mDiffFit,ID0000072,19932.000.000,192.168.1.167,1612338964,1612339002,1612339011,1612339020,1612339020,1612339021,1612339036,38,18,16
mDiffFit,ID0000359,19792.000.000,192.168.1.164,1612338145,1612338168,1612338174,1612338180,1612338180,1612338186,1612338195,23,12,15
mDiffFit,ID0000282,19658.000.000,192.168.1.171,1612337312,1612337388,1612337428,1612337441,1612337441,1612337442,1612337453,76,53,12
mBackground,ID0000311,19815.000.000,192.168.1.164,1612338285,1612338302,1612338327,1612338330,1612338330,1612338332,1612338344,17,28,14
mProject,ID0000013,19608.000.000,192.168.1.168,1612335915,1612335932,1612338019,1612338031,1612338031,1612338032,1612338043,17,2099,12
clean_up_local_level,3_7,20099.000.000,192.168.1.4,1612340032,1612340034,1612340047,1612340052,1612340052,1612340053,1612340063,2,18,11
mDiffFit,ID0000275,19645.000.000,192.168.1.165,1612337248,1612337270,1612337277,1612337281,1612337281,1612337281,1612337293,22,11,12
mDiffFit,ID0000357,19794.000.000,192.168.1.168,1612338157,1612338183,1612338188,1612338195,1612338195,1612338198,1612338208,26,12,13
clean_up_local_level,4_3,19779.000.000,192.168.1.4,1612338054,1612338062,1612338076,1612338084,1612338084,1612338087,1612338097,8,22,13
register_local,31_1,20117.000.000,192.168.1.4,1612340155,1612340157,1612340162,1612340166,1612340166,1612340167,1612340171,2,9,5
mProject,ID0000159,19618.000.000,192.168.1.172,1612335928,1612335936,1612337280,1612337281,1612337281,1612337281,1612337293,8,1345,12
mDiffFit,ID0000292,19694.000.000,192.168.1.171,1612337539,1612337557,1612337562,1612337570,1612337570,1612337573,1612337583,18,13,13
mDiffFit,ID0000181,19696.000.000,192.168.1.171,1612337552,1612337570,1612337574,1612337583,1612337583,1612337585,1612337598,18,13,15
mBackground,ID0000464,19947.000.000,192.168.1.167,1612339059,1612339078,1612339119,1612339128,1612339128,1612339129,1612339141,19,50,13
mDiffFit,ID0000284,19741.000.000,192.168.1.161,1612337809,1612337896,1612337904,1612337911,1612337911,1612337914,1612337925,87,15,14
mDiffFit,ID0000250,19731.000.000,192.168.1.164,1612337741,1612337825,1612337834,1612337845,1612337845,1612337848,1612337858,84,20,13
stage_in_remote_local,3_4,19590.000.000,192.168.1.4,1612335817,1612335820,1612335824,1612335828,1612335828,1612335828,1612335833,3,8,5
register_local,0_2,20077.000.000,192.168.1.4,1612339887,1612339892,1612339895,1612339898,1612339898,1612339898,1612339905,5,6,7
mDiffFit,ID0000240,19754.000.000,192.168.1.166,1612337899,1612338002,1612338030,1612338031,1612338031,1612338035,1612338043,103,29,12
mDiffFit,ID0000087,20004.000.000,192.168.1.165,1612339416,1612339499,1612339519,1612339532,1612339532,1612339533,1612339544,83,33,12
mDiffFit,ID0000428,19882.000.000,192.168.1.164,1612338649,1612338712,1612338731,1612338746,1612338746,1612338746,1612338761,63,34,15
mImgtbl,ID0000155,20104.000.000,192.168.1.163,1612340050,1612340084,1612340087,1612340088,1612340088,1612340088,1612340093,34,4,5
mImgtbl,ID0000469,19980.000.000,192.168.1.165,1612339258,1612339479,1612339490,1612339503,1612339503,1612339504,1612339516,221,24,13
mDiffFit,ID0000255,19729.000.000,192.168.1.163,1612337729,1612337866,1612337876,1612337886,1612337886,1612337887,1612337900,137,20,14
mBackground,ID0000298,19809.000.000,192.168.1.164,1612338247,1612338258,1612338280,1612338293,1612338293,1612338294,1612338306,11,35,13
mDiffFit,ID0000225,19695.000.000,192.168.1.163,1612337543,1612337580,1612337586,1612337598,1612337598,1612337599,1612337610,37,18,12
mDiffFit,ID0000208,19718.000.000,192.168.1.163,1612337667,1612337718,1612337727,1612337734,1612337734,1612337737,1612337746,51,16,12
mProject,ID0000016,19619.000.000,192.168.1.172,1612335929,1612335936,1612337979,1612337984,1612337984,1612337986,1612337998,7,2048,14
mDiffFit,ID0000420,19826.000.000,192.168.1.165,1612338341,1612338387,1612338398,1612338414,1612338414,1612338415,1612338426,46,27,12
mDiffFit,ID0000269,19697.000.000,192.168.1.165,1612337555,1612337577,1612337595,1612337598,1612337598,1612337601,1612337610,22,21,12
mBackground,ID0000144,20080.000.000,192.168.1.165,1612339905,1612339921,1612339977,1612339989,1612339989,1612339991,1612339996,16,68,7
mDiffFit,ID0000092,19988.000.000,192.168.1.168,1612339314,1612339412,1612339446,1612339457,1612339457,1612339459,1612339473,98,45,16
mDiffFit,ID0000194,19758.000.000,192.168.1.167,1612337921,1612338058,1612338074,1612338084,1612338084,1612338085,1612338097,137,26,13
mDiffFit,ID0000381,19770.000.000,192.168.1.172,1612337993,1612338100,1612338111,1612338123,1612338123,1612338126,1612338137,107,23,14
clean_up_local_level,0_4,20072.000.000,192.168.1.4,1612339862,1612339863,1612339872,1612339875,1612339875,1612339875,1612339882,1,12,7
mBackground,ID0000296,19811.000.000,192.168.1.167,1612338259,1612338271,1612338304,1612338306,1612338306,1612338307,1612338318,12,35,12
mProject,ID0000169,19617.000.000,192.168.1.172,1612335928,1612335935,1612337372,1612337384,1612337384,1612337386,1612337400,7,1449,16
mDiffFit,ID0000413,19896.000.000,192.168.1.164,1612338752,1612338783,1612338791,1612338801,1612338801,1612338802,1612338814,31,18,13
mDiffFit,ID0000068,20037.000.000,192.168.1.167,1612339623,1612339692,1612339696,1612339707,1612339707,1612339707,1612339721,69,15,14
mDiffFit,ID0000074,19927.000.000,192.168.1.167,1612338930,1612338983,1612339026,1612339036,1612339036,1612339038,1612339050,53,53,14
mDiffFit,ID0000230,19752.000.000,192.168.1.172,1612337892,1612337969,1612337981,1612337984,1612337984,1612337988,1612337998,77,15,14
mDiffFit,ID0000261,19756.000.000,192.168.1.161,1612337909,1612338026,1612338048,1612338058,1612338058,1612338060,1612338071,117,32,13
mDiffFit,ID0000220,19701.000.000,192.168.1.164,1612337581,1612337595,1612337601,1612337610,1612337610,1612337612,1612337627,14,15,17
mBackground,ID0000303,19812.000.000,192.168.1.161,1612338262,1612338283,1612338311,1612338318,1612338318,1612338318,1612338330,21,35,12
mDiffFit,ID0000096,20006.000.000,192.168.1.163,1612339422,1612339524,1612339556,1612339559,1612339559,1612339561,1612339571,102,35,12
clean_up_local_level,7_7,20100.000.000,192.168.1.4,1612340036,1612340039,1612340050,1612340052,1612340052,1612340053,1612340063,3,13,11
mDiffFit,ID0000223,19744.000.000,192.168.1.165,1612337830,1612337945,1612337954,1612337964,1612337964,1612337964,1612337984,115,19,20
mDiffFit,ID0000421,19885.000.000,192.168.1.167,1612338663,1612338747,1612338761,1612338775,1612338775,1612338776,1612338790,84,28,15
mBackground,ID0000297,19810.000.000,192.168.1.168,1612338256,1612338268,1612338289,1612338293,1612338293,1612338295,1612338306,12,25,13
register_local,4_4,20108.000.000,192.168.1.4,1612340070,1612340073,1612340079,1612340082,1612340082,1612340083,1612340088,3,9,6
mDiffFit,ID0000026,20015.000.000,192.168.1.165,1612339483,1612339604,1612339618,1612339625,1612339625,1612339628,1612339641,121,21,16
mDiffFit,ID0000043,19913.000.000,192.168.1.168,1612338849,1612338885,1612338888,1612338895,1612338895,1612338898,1612338907,36,10,12
mDiffFit,ID0000438,19799.000.000,192.168.1.172,1612338192,1612338209,1612338217,1612338222,1612338222,1612338223,1612338234,17,13,12
register_local,8_1,20121.000.000,192.168.1.4,1612340206,1612340207,1612340209,1612340213,1612340213,1612340214,1612340220,1,6,7
mBackground,ID0000151,20094.000.000,192.168.1.164,1612339944,1612339967,1612340019,1612340022,1612340022,1612340025,1612340037,23,55,15
mDiffFit,ID0000372,19780.000.000,192.168.1.161,1612338066,1612338153,1612338164,1612338168,1612338168,1612338170,1612338180,87,15,12
register_local,21_1,20054.000.000,192.168.1.4,1612339744,1612339750,1612339757,1612339758,1612339758,1612339759,1612339772,6,8,14
mDiffFit,ID0000040,20023.000.000,192.168.1.168,1612339528,1612339597,1612339608,1612339612,1612339612,1612339614,1612339625,69,15,13
mDiffFit,ID0000175,19715.000.000,192.168.1.163,1612337657,1612337717,1612337728,1612337734,1612337734,1612337738,1612337746,60,17,12
mDiffFit,ID0000366,19764.000.000,192.168.1.165,1612337956,1612338031,1612338035,1612338043,1612338043,1612338044,1612338058,75,12,15
mDiffFit,ID0000331,19798.000.000,192.168.1.168,1612338189,1612338205,1612338222,1612338234,1612338234,1612338235,1612338249,16,29,15
mDiffFit,ID0000183,19659.000.000,192.168.1.171,1612337315,1612337388,1612337402,1612337412,1612337412,1612337414,1612337425,73,24,13
clean_up_local_level,7_3,19776.000.000,192.168.1.4,1612338037,1612338040,1612338054,1612338058,1612338058,1612338061,1612338071,3,18,13
register_local,0_7,20137.000.000,192.168.1.4,1612340328,1612340333,1612340335,1612340338,1612340338,1612340338,1612340343,5,5,5
mDiffFit,ID0000229,19719.000.000,192.168.1.165,1612337669,1612337709,1612337721,1612337722,1612337722,1612337724,1612337734,40,13,12
mDiffFit,ID0000217,19678.000.000,192.168.1.164,1612337438,1612337481,1612337500,1612337503,1612337503,1612337506,1612337517,43,22,14
mDiffFit,ID0000102,19992.000.000,192.168.1.167,1612339336,1612339426,1612339439,1612339444,1612339444,1612339447,1612339457,90,18,13
mDiffFit,ID0000245,19676.000.000,192.168.1.172,1612337432,1612337463,1612337470,1612337478,1612337478,1612337481,1612337490,31,15,12
stage_in_remote_local,1_0,19583.000.000,192.168.1.4,1612335805,1612335810,1612335812,1612335818,1612335818,1612335818,1612335823,5,8,5
mDiffFit,ID0000086,20020.000.000,192.168.1.164,1612339511,1612339586,1612339615,1612339625,1612339625,1612339627,1612339641,75,39,16
mDiffFit,ID0000349,19867.000.000,192.168.1.165,1612338567,1612338645,1612338695,1612338702,1612338702,1612338717,1612338728,78,57,26
register_local,3_0,20034.000.000,192.168.1.4,1612339604,1612339608,1612339618,1612339625,1612339625,1612339627,1612339641,4,17,16
mDiffFit,ID0000136,20061.000.000,192.168.1.165,1612339770,1612339802,1612339837,1612339838,1612339838,1612339841,1612339845,32,36,7
mDiffFit,ID0000186,19692.000.000,192.168.1.164,1612337525,1612337557,1612337563,1612337570,1612337570,1612337574,1612337583,32,13,13
mProject,ID0000327,19621.000.000,192.168.1.161,1612335929,1612335937,1612337468,1612337478,1612337478,1612337479,1612337490,8,1541,12
mProject,ID0000318,19593.000.000,192.168.1.163,1612335889,1612335891,1612337773,1612337775,1612337775,1612337776,1612337789,2,1884,14
mDiffFit,ID0000060,20032.000.000,192.168.1.163,1612339592,1612339689,1612339698,1612339707,1612339707,1612339710,1612339721,97,18,14
mBackground,ID0000154,20081.000.000,192.168.1.163,1612339905,1612339952,1612340027,1612340037,1612340037,1612340037,1612340044,47,85,7
mDiffFit,ID0000246,19688.000.000,192.168.1.164,1612337501,1612337541,1612337557,1612337570,1612337570,1612337572,1612337583,40,29,13
mBackground,ID0000455,19956.000.000,192.168.1.167,1612339112,1612339131,1612339207,1612339210,1612339210,1612339213,1612339224,19,79,14
register_local,30_1,20060.000.000,192.168.1.4,1612339766,1612339769,1612339778,1612339784,1612339784,1612339785,1612339800,3,15,16
mDiffFit,ID0000242,19672.000.000,192.168.1.171,1612337408,1612337445,1612337480,1612337490,1612337490,1612337491,1612337503,37,45,13
mDiffFit,ID0000422,19831.000.000,192.168.1.164,1612338378,1612338401,1612338410,1612338414,1612338414,1612338417,1612338426,23,13,12
clean_up_local_level,0_10,20133.000.000,192.168.1.4,1612340306,1612340306,1612340321,1612340322,1612340322,1612340322,1612340328,0,16,6
register_local,13_1,20097.000.000,192.168.1.4,1612339987,1612339992,1612340003,1612340007,1612340007,1612340007,1612340015,5,15,8
stage_in_remote_local,0_3,19581.000.000,192.168.1.4,1612335800,1612335804,1612335809,1612335811,1612335811,1612335811,1612335818,4,7,7
mDiffFit,ID0000085,19969.000.000,192.168.1.168,1612339192,1612339277,1612339307,1612339315,1612339315,1612339317,1612339327,85,38,12
mProject,ID0000011,19615.000.000,192.168.1.166,1612335922,1612335935,1612338071,1612338071,1612338071,1612338075,1612338084,13,2136,13
mDiffFit,ID0000098,19916.000.000,192.168.1.167,1612338865,1612338918,1612338924,1612338932,1612338932,1612338934,1612338945,53,14,13
mDiffFit,ID0000270,19706.000.000,192.168.1.164,1612337609,1612337624,1612337634,1612337643,1612337643,1612337645,1612337658,15,19,15
mDiffFit,ID0000224,19682.000.000,192.168.1.169,1612337463,1612337494,1612337500,1612337503,1612337503,1612337506,1612337517,31,9,14
mDiffFit,ID0000185,19649.000.000,192.168.1.165,1612337264,1612337307,1612337312,1612337317,1612337317,1612337319,1612337331,43,10,14
mDiffFit,ID0000231,19700.000.000,192.168.1.171,1612337578,1612337595,1612337616,1612337627,1612337627,1612337628,1612337643,17,32,16
clean_up_local_level,0_5,20075.000.000,192.168.1.4,1612339880,1612339881,1612339898,1612339905,1612339905,1612339906,1612339914,1,24,9
stage_in_remote_local,0_7,19577.000.000,192.168.1.4,1612335794,1612335799,1612335802,1612335805,1612335805,1612335805,1612335811,5,6,6
mDiffFit,ID0000272,19704.000.000,192.168.1.165,1612337597,1612337615,1612337624,1612337627,1612337627,1612337629,1612337643,18,12,16
mDiffFit,ID0000116,20014.000.000,192.168.1.164,1612339480,1612339594,1612339631,1612339641,1612339641,1612339644,1612339655,114,47,14
mDiffFit,ID0000336,19838.000.000,192.168.1.165,1612338421,1612338457,1612338465,1612338481,1612338481,1612338482,1612338494,36,24,13
mDiffFit,ID0000234,19733.000.000,192.168.1.165,1612337756,1612337802,1612337816,1612337818,1612337818,1612337821,1612337831,46,16,13
mDiffFit,ID0000022,19925.000.000,192.168.1.167,1612338919,1612338959,1612338974,1612338993,1612338993,1612338994,1612339005,40,34,12
mBackground,ID0000462,19950.000.000,192.168.1.167,1612339076,1612339089,1612339131,1612339141,1612339141,1612339142,1612339154,13,52,13
mDiffFit,ID0000379,19802.000.000,192.168.1.161,1612338215,1612338232,1612338236,1612338249,1612338249,1612338250,1612338263,17,17,14
mDiffFit,ID0000407,19856.000.000,192.168.1.165,1612338503,1612338573,1612338580,1612338585,1612338585,1612338587,1612338599,70,12,14
mDiffFit,ID0000196,19666.000.000,192.168.1.164,1612337365,1612337431,1612337441,1612337453,1612337453,1612337454,1612337465,66,22,12
mDiffFit,ID0000448,19883.000.000,192.168.1.164,1612338653,1612338728,1612338749,1612338761,1612338761,1612338763,1612338775,75,33,14
mBackground,ID0000304,19820.000.000,192.168.1.163,1612338304,1612338354,1612338443,1612338453,1612338453,1612338455,1612338465,50,99,12
mDiffFit,ID0000268,19745.000.000,192.168.1.164,1612337839,1612337930,1612337967,1612337984,1612337984,1612337986,1612337998,91,54,14
mDiffFit,ID0000335,19860.000.000,192.168.1.165,1612338527,1612338576,1612338614,1612338627,1612338627,1612338628,1612338639,49,51,12
mDiffFit,ID0000426,19845.000.000,192.168.1.163,1612338463,1612338488,1612338522,1612338529,1612338529,1612338530,1612338544,25,41,15
clean_up_local_level,6_7,20101.000.000,192.168.1.4,1612340043,1612340044,1612340056,1612340063,1612340063,1612340063,1612340073,1,19,10
mDiffFit,ID0000437,19801.000.000,192.168.1.164,1612338206,1612338217,1612338224,1612338234,1612338234,1612338236,1612338249,11,17,15
mDiffFit,ID0000441,19877.000.000,192.168.1.163,1612338622,1612338724,1612338733,1612338746,1612338746,1612338747,1612338761,102,22,15
mDiffFit,ID0000037,19991.000.000,192.168.1.167,1612339334,1612339424,1612339437,1612339444,1612339444,1612339445,1612339457,90,20,13
mViewer,ID0000157,20124.000.000,192.168.1.163,1612340213,1612340219,1612340246,1612340247,1612340247,1612340247,1612340252,6,28,5
mDiffFit,ID0000135,19918.000.000,192.168.1.165,1612338877,1612338910,1612338915,1612338920,1612338920,1612338923,1612338932,33,10,12
mDiffFit,ID0000201,19663.000.000,192.168.1.171,1612337342,1612337403,1612337412,1612337425,1612337425,1612337427,1612337441,61,22,16
register_local,16_1,20017.000.000,192.168.1.4,1612339495,1612339499,1612339510,1612339516,1612339516,1612339517,1612339532,4,17,16
mDiffFit,ID0000273,19656.000.000,192.168.1.165,1612337300,1612337356,1612337395,1612337400,1612337400,1612337401,1612337412,56,44,12
mDiffFit,ID0000436,19871.000.000,192.168.1.163,1612338593,1612338688,1612338757,1612338761,1612338761,1612338763,1612338775,95,73,14
mDiffFit,ID0000131,19985.000.000,192.168.1.164,1612339296,1612339368,1612339402,1612339410,1612339410,1612339411,1612339423,72,42,13
register_local,25_1,20098.000.000,192.168.1.4,1612340014,1612340018,1612340027,1612340037,1612340037,1612340037,1612340044,4,19,7
mDiffFit,ID0000380,19879.000.000,192.168.1.167,1612338634,1612338694,1612338721,1612338728,1612338728,1612338730,1612338746,60,34,18
mDiffFit,ID0000274,19738.000.000,192.168.1.164,1612337788,1612337919,1612337960,1612337964,1612337964,1612337965,1612337984,131,45,20
mDiffFit,ID0000216,19679.000.000,192.168.1.164,1612337448,1612337494,1612337506,1612337517,1612337517,1612337520,1612337530,46,23,13
mDiffFit,ID0000383,19886.000.000,192.168.1.168,1612338665,1612338734,1612338743,1612338746,1612338746,1612338747,1612338761,69,12,15
mDiffFit,ID0000285,19743.000.000,192.168.1.165,1612337826,1612337943,1612337955,1612337964,1612337964,1612337965,1612337984,117,21,20
register_local,11_1,20074.000.000,192.168.1.4,1612339869,1612339872,1612339875,1612339882,1612339882,1612339882,1612339888,3,10,6
mDiffFit,ID0000110,20018.000.000,192.168.1.167,1612339497,1612339594,1612339603,1612339612,1612339612,1612339614,1612339625,97,18,13
mDiffFit,ID0000134,20053.000.000,192.168.1.168,1612339733,1612339802,1612339821,1612339824,1612339824,1612339827,1612339832,69,22,8
mProject,ID0000323,19601.000.000,192.168.1.167,1612335897,1612335913,1612337868,1612337871,1612337871,1612337872,1612337886,16,1958,15
mDiffFit,ID0000425,19870.000.000,192.168.1.164,1612338584,1612338624,1612338643,1612338654,1612338654,1612338656,1612338666,40,30,12
mDiffFit,ID0000389,19904.000.000,192.168.1.164,1612338788,1612338819,1612338839,1612338842,1612338842,1612338844,1612338859,31,23,17
mDiffFit,ID0000227,19680.000.000,192.168.1.165,1612337451,1612337477,1612337492,1612337503,1612337503,1612337504,1612337517,26,26,14
mDiffFit,ID0000057,20065.000.000,192.168.1.167,1612339793,1612339827,1612339839,1612339845,1612339845,1612339846,1612339851,34,18,6
mDiffFit,ID0000082,19973.000.000,192.168.1.167,1612339222,1612339302,1612339348,1612339354,1612339354,1612339356,1612339366,80,52,12
mDiffFit,ID0000384,19777.000.000,192.168.1.165,1612338041,1612338132,1612338143,1612338150,1612338150,1612338151,1612338168,91,18,18
mDiffFit,ID0000404,19892.000.000,192.168.1.167,1612338723,1612338777,1612338792,1612338801,1612338801,1612338803,1612338814,54,24,13
mDiffFit,ID0000077,20003.000.000,192.168.1.163,1612339408,1612339501,1612339514,1612339516,1612339516,1612339518,1612339532,93,15,16
register_local,4_0,20030.000.000,192.168.1.4,1612339579,1612339581,1612339591,1612339597,1612339597,1612339598,1612339612,2,16,15
mDiffFit,ID0000260,19757.000.000,192.168.1.161,1612337918,1612338031,1612338056,1612338058,1612338058,1612338062,1612338071,113,27,13
register_local,19_1,20026.000.000,192.168.1.4,1612339552,1612339555,1612339565,1612339571,1612339571,1612339572,1612339585,3,16,14
mBackground,ID0000149,20085.000.000,192.168.1.165,1612339911,1612339946,1612340008,1612340015,1612340015,1612340017,1612340022,35,69,7
mBackground,ID0000461,19951.000.000,192.168.1.167,1612339085,1612339101,1612339142,1612339154,1612339154,1612339155,1612339168,16,53,14
mDiffFit,ID0000212,19712.000.000,192.168.1.171,1612337640,1612337655,1612337663,1612337670,1612337670,1612337673,1612337683,15,15,13
mProject,ID0000001,19597.000.000,192.168.1.165,1612335896,1612335912,1612337981,1612337984,1612337984,1612337989,1612337998,16,2072,14
mDiffFit,ID0000106,19990.000.000,192.168.1.167,1612339326,1612339418,1612339437,1612339444,1612339444,1612339445,1612339457,92,26,13
mDiffFit,ID0000364,19825.000.000,192.168.1.165,1612338338,1612338386,1612338418,1612338426,1612338426,1612338429,1612338439,48,40,13
mBackground,ID0000458,19961.000.000,192.168.1.165,1612339139,1612339168,1612339228,1612339238,1612339238,1612339239,1612339250,29,70,12
mBackground,ID0000141,20091.000.000,192.168.1.167,1612339924,1612339976,1612340024,1612340037,1612340037,1612340037,1612340044,52,61,7
mDiffFit,ID0000064,20045.000.000,192.168.1.167,1612339682,1612339736,1612339744,1612339746,1612339746,1612339747,1612339758,54,10,12
mDiffFit,ID0000339,19781.000.000,192.168.1.168,1612338069,1612338132,1612338142,1612338150,1612338150,1612338151,1612338168,63,18,18
mBackground,ID0000301,19814.000.000,192.168.1.163,1612338273,1612338295,1612338368,1612338371,1612338371,1612338375,1612338385,22,76,14
mBgModel,ID0000452,19939.000.000,192.168.1.167,1612339013,1612339020,1612339033,1612339036,1612339036,1612339040,1612339050,7,16,14
clean_up_local_level,8_3,19788.000.000,192.168.1.4,1612338116,1612338120,1612338133,1612338137,1612338137,1612338142,1612338150,4,17,13
mDiffFit,ID0000353,19797.000.000,192.168.1.167,1612338178,1612338197,1612338201,1612338208,1612338208,1612338209,1612338222,19,11,14
mDiffFit,ID0000399,19862.000.000,192.168.1.167,1612338539,1612338570,1612338617,1612338627,1612338627,1612338629,1612338639,31,57,12
register_local,0_1,20126.000.000,192.168.1.4,1612340219,1612340226,1612340235,1612340241,1612340241,1612340242,1612340247,7,15,6
mBackground,ID0000139,20089.000.000,192.168.1.167,1612339922,1612339940,1612340006,1612340015,1612340015,1612340017,1612340022,18,75,7
mDiffFit,ID0000038,19912.000.000,192.168.1.164,1612338837,1612338882,1612338887,1612338895,1612338895,1612338897,1612338907,45,13,12
mDiffFit,ID0000263,19759.000.000,192.168.1.167,1612337923,1612338068,1612338074,1612338084,1612338084,1612338086,1612338097,145,16,13
mDiffFit,ID0000211,19742.000.000,192.168.1.161,1612337812,1612337896,1612337903,1612337911,1612337911,1612337913,1612337925,84,15,14
mDiffFit,ID0000341,19878.000.000,192.168.1.165,1612338625,1612338680,1612338694,1612338702,1612338702,1612338717,1612338728,55,22,26
mDiffFit,ID0000119,19934.000.000,192.168.1.165,1612338970,1612339007,1612339030,1612339036,1612339036,1612339039,1612339050,37,29,14
mDiffFit,ID0000213,19716.000.000,192.168.1.171,1612337664,1612337698,1612337704,1612337710,1612337710,1612337710,1612337722,34,12,12
mDiffFit,ID0000363,19842.000.000,192.168.1.164,1612338446,1612338469,1612338483,1612338494,1612338494,1612338495,1612338504,23,25,10
mDiffFit,ID0000431,19875.000.000,192.168.1.163,1612338609,1612338703,1612338713,1612338716,1612338716,1612338719,1612338728,94,13,12
mDiffFit,ID0000197,19664.000.000,192.168.1.163,1612337351,1612337425,1612337430,1612337441,1612337441,1612337442,1612337453,74,16,12
register_local,20_1,19964.000.000,192.168.1.4,1612339161,1612339165,1612339183,1612339198,1612339198,1612339198,1612339210,4,33,12
mDiffFit,ID0000402,19859.000.000,192.168.1.163,1612338524,1612338600,1612338610,1612338612,1612338612,1612338614,1612338627,76,12,15
mDiffFit,ID0000176,19685.000.000,192.168.1.171,1612337485,1612337533,1612337537,1612337545,1612337545,1612337546,1612337557,48,12,12
mProject,ID0000164,19614.000.000,192.168.1.166,1612335922,1612335935,1612337370,1612337384,1612337384,1612337385,1612337400,13,1449,16
mDiffFit,ID0000051,19965.000.000,192.168.1.165,1612339165,1612339206,1612339212,1612339224,1612339224,1612339225,1612339238,41,18,14
mBackground,ID0000307,19817.000.000,192.168.1.168,1612338291,1612338304,1612338331,1612338344,1612338344,1612338345,1612338357,13,40,13
mDiffFit,ID0000409,19834.000.000,192.168.1.172,1612338397,1612338426,1612338452,1612338453,1612338453,1612338457,1612338465,29,27,12
mProject,ID0000010,19596.000.000,192.168.1.165,1612335890,1612335911,1612337986,1612337998,1612337998,1612338000,1612338017,21,2087,19
mBackground,ID0000456,19955.000.000,192.168.1.165,1612339102,1612339125,1612339204,1612339210,1612339210,1612339212,1612339224,23,85,14
mDiffFit,ID0000239,19720.000.000,192.168.1.165,1612337676,1612337715,1612337755,1612337759,1612337759,1612337760,1612337775,39,44,16
mDiffFit,ID0000337,19830.000.000,192.168.1.161,1612338369,1612338395,1612338401,1612338414,1612338414,1612338416,1612338426,26,19,12
mDiffFit,ID0000020,19928.000.000,192.168.1.167,1612338939,1612338983,1612339024,1612339036,1612339036,1612339037,1612339050,44,53,14
mProject,ID0000329,19612.000.000,192.168.1.166,1612335922,1612335934,1612337871,1612337886,1612337886,1612337886,1612337900,12,1952,14
mDiffFit,ID0000371,19887.000.000,192.168.1.168,1612338674,1612338734,1612338745,1612338746,1612338746,1612338749,1612338761,60,12,15
clean_up_local_level,5_7,20107.000.000,192.168.1.4,1612340068,1612340069,1612340083,1612340088,1612340088,1612340088,1612340093,1,19,5
mProject,ID0000321,19609.000.000,192.168.1.168,1612335916,1612335933,1612337848,1612337858,1612337858,1612337859,1612337871,17,1925,13
mDiffFit,ID0000203,19717.000.000,192.168.1.171,1612337666,1612337698,1612337722,1612337734,1612337734,1612337735,1612337746,32,36,12
mDiffFit,ID0000367,19803.000.000,192.168.1.172,1612338217,1612338234,1612338238,1612338249,1612338249,1612338250,1612338263,17,15,14
mBackground,ID0000145,20079.000.000,192.168.1.165,1612339904,1612339908,1612339918,1612339925,1612339925,1612339925,1612339937,4,17,12
mAdd,ID0000156,20113.000.000,192.168.1.163,1612340100,1612340164,1612340196,1612340200,1612340200,1612340201,1612340207,64,36,7
clean_up_local_level,0_9,20122.000.000,192.168.1.4,1612340212,1612340212,1612340230,1612340235,1612340235,1612340236,1612340241,0,23,6
mDiffFit,ID0000348,19910.000.000,192.168.1.165,1612338826,1612338880,1612338913,1612338920,1612338920,1612338922,1612338932,54,40,12
mDiffFit,ID0000351,19832.000.000,192.168.1.165,1612338383,1612338409,1612338417,1612338426,1612338426,1612338428,1612338439,26,17,13
mDiffFit,ID0000041,20008.000.000,192.168.1.167,1612339434,1612339514,1612339530,1612339532,1612339532,1612339534,1612339544,80,18,12
mDiffFit,ID0000258,19761.000.000,192.168.1.163,1612337935,1612338080,1612338088,1612338097,1612338097,1612338100,1612338109,145,17,12
stage_in_remote_local,0_0,19575.000.000,192.168.1.4,1612335794,1612335799,1612335802,1612335805,1612335805,1612335805,1612335811,5,6,6
mDiffFit,ID0000130,20005.000.000,192.168.1.164,1612339419,1612339499,1612339520,1612339532,1612339532,1612339534,1612339544,80,33,12
register_local,33_1,20141.000.000,192.168.1.4,1612340364,1612340364,1612340367,1612340369,1612340369,1612340369,1612340375,0,5,6
mProject,ID0000009,19623.000.000,192.168.1.161,1612335937,1612335952,1612337718,1612337722,1612337722,1612337723,1612337734,15,1770,12
mDiffFit,ID0000128,19999.000.000,192.168.1.164,1612339378,1612339500,1612339507,1612339516,1612339516,1612339517,1612339532,122,16,16
mDiffFit,ID0000262,19753.000.000,192.168.1.171,1612337895,1612338001,1612338014,1612338017,1612338017,1612338020,1612338031,106,16,14
mDiffFit,ID0000017,19923.000.000,192.168.1.168,1612338906,1612338937,1612338958,1612338971,1612338971,1612338973,1612338993,31,34,22
mDiffFit,ID0000200,19689.000.000,192.168.1.165,1612337510,1612337541,1612337546,1612337557,1612337557,1612337560,1612337570,31,16,13
register_local,12_1,20007.000.000,192.168.1.4,1612339430,1612339441,1612339451,1612339457,1612339457,1612339459,1612339473,11,16,16
mDiffFit,ID0000332,19783.000.000,192.168.1.167,1612338082,1612338158,1612338170,1612338180,1612338180,1612338183,1612338195,76,22,15
register_local,23_1,20064.000.000,192.168.1.4,1612339791,1612339800,1612339808,1612339811,1612339811,1612339812,1612339824,9,11,13
mDiffFit,ID0000253,19737.000.000,192.168.1.171,1612337784,1612337855,1612337882,1612337886,1612337886,1612337888,1612337900,71,31,14
mDiffFit,ID0000430,19804.000.000,192.168.1.167,1612338219,1612338235,1612338250,1612338263,1612338263,1612338265,1612338279,16,28,16
mBackground,ID0000306,19818.000.000,192.168.1.167,1612338300,1612338318,1612338363,1612338371,1612338371,1612338374,1612338385,18,53,14
mDiffFit,ID0000132,20067.000.000,192.168.1.163,1612339806,1612339847,1612339848,1612339851,1612339851,1612339851,1612339857,41,4,6
mDiffFit,ID0000093,19914.000.000,192.168.1.167,1612338852,1612338911,1612338923,1612338932,1612338932,1612338933,1612338945,59,21,13
mBackground,ID0000453,19948.000.000,192.168.1.163,1612339063,1612339089,1612339194,1612339198,1612339198,1612339199,1612339210,26,109,12
register_local,1_4,20110.000.000,192.168.1.4,1612340088,1612340088,1612340090,1612340093,1612340093,1612340093,1612340101,0,5,8
mDiffFit,ID0000219,19760.000.000,192.168.1.167,1612337933,1612338071,1612338088,1612338097,1612338097,1612338099,1612338109,138,26,12
mDiffFit,ID0000192,19675.000.000,192.168.1.163,1612337423,1612337465,1612337505,1612337517,1612337517,1612337519,1612337530,42,52,13
mDiffFit,ID0000386,19911.000.000,192.168.1.167,1612338833,1612338892,1612338910,1612338920,1612338920,1612338921,1612338932,59,28,12
mDiffFit,ID0000344,19890.000.000,192.168.1.161,1612338710,1612338744,1612338748,1612338761,1612338761,1612338762,1612338775,34,17,14
mDiffFit,ID0000347,19793.000.000,192.168.1.172,1612338147,1612338168,1612338173,1612338180,1612338180,1612338185,1612338195,21,12,15
mDiffFit,ID0000434,19888.000.000,192.168.1.167,1612338681,1612338750,1612338803,1612338814,1612338814,1612338816,1612338827,69,64,13
mDiffFit,ID0000029,19921.000.000,192.168.1.163,1612338894,1612338974,1612338984,1612338993,1612338993,1612338995,1612339005,80,19,12
mDiffFit,ID0000256,19723.000.000,192.168.1.163,1612337692,1612337789,1612337805,1612337818,1612337818,1612337820,1612337831,97,29,13
mDiffFit,ID0000209,19707.000.000,192.168.1.171,1612337618,1612337632,1612337638,1612337643,1612337643,1612337646,1612337658,14,11,15
mDiffFit,ID0000191,19661.000.000,192.168.1.172,1612337327,1612337376,1612337397,1612337400,1612337400,1612337403,1612337412,49,24,12
mDiffFit,ID0000113,19833.000.000,192.168.1.167,1612338393,1612338420,1612338439,1612338453,1612338453,1612338454,1612338465,27,33,12
mDiffFit,ID0000241,19702.000.000,192.168.1.164,1612337591,1612337608,1612337627,1612337643,1612337643,1612337644,1612337658,17,35,15
mDiffFit,ID0000124,20016.000.000,192.168.1.165,1612339485,1612339595,1612339647,1612339655,1612339655,1612339657,1612339669,110,60,14
clean_up_local_level,2_7,19979.000.000,192.168.1.4,1612339256,1612339262,1612339274,1612339275,1612339275,1612339276,1612339289,6,13,14
stage_in_remote_local,0_4,19580.000.000,192.168.1.4,1612335800,1612335804,1612335807,1612335811,1612335811,1612335811,1612335818,4,7,7
mViewer,ID0000471,20069.000.000,192.168.1.165,1612339818,1612339835,1612339861,1612339863,1612339863,1612339864,1612339869,17,28,6
mDiffFit,ID0000450,19891.000.000,192.168.1.163,1612338714,1612338781,1612338868,1612338871,1612338871,1612338872,1612338882,67,90,11
clean_up_local_level,5_3,19755.000.000,192.168.1.4,1612337905,1612337908,1612337922,1612337925,1612337925,1612337926,1612337937,3,17,12
stage_in_remote_local,1_1,19582.000.000,192.168.1.4,1612335800,1612335804,1612335807,1612335811,1612335811,1612335811,1612335818,4,7,7
register_local,3_1,20131.000.000,192.168.1.4,1612340289,1612340290,1612340292,1612340295,1612340295,1612340295,1612340300,1,5,5
mDiffFit,ID0000133,19982.000.000,192.168.1.165,1612339272,1612339363,1612339377,1612339381,1612339381,1612339384,1612339396,91,18,15
mDiffFit,ID0000215,19709.000.000,192.168.1.165,1612337624,1612337639,1612337643,1612337658,1612337658,1612337658,1612337670,15,19,12
register_local,0_0,20143.000.000,192.168.1.4,1612340385,1612340386,1612340388,1612340391,1612340391,1612340391,1612340396,1,5,5
mDiffFit,ID0000447,19774.000.000,192.168.1.171,1612338024,1612338120,1612338127,1612338137,1612338137,1612338140,1612338150,96,17,13
mDiffFit,ID0000018,19941.000.000,192.168.1.167,1612339019,1612339051,1612339058,1612339065,1612339065,1612339067,1612339079,32,14,14
mDiffFit,ID0000031,19924.000.000,192.168.1.165,1612338916,1612338946,1612338950,1612338957,1612338957,1612338958,1612338971,30,11,14
mDiffFit,ID0000081,19931.000.000,192.168.1.168,1612338955,1612338980,1612338992,1612338993,1612338993,1612338997,1612339005,25,13,12
mDiffFit,ID0000416,19828.000.000,192.168.1.163,1612338355,1612338426,1612338431,1612338439,1612338439,1612338440,1612338453,71,13,14
mBackground,ID0000466,19957.000.000,192.168.1.167,1612339115,1612339150,1612339221,1612339224,1612339224,1612339227,1612339238,35,74,14
mBackground,ID0000468,19953.000.000,192.168.1.165,1612339097,1612339111,1612339161,1612339168,1612339168,1612339170,1612339182,14,57,14
mConcatFit,ID0000137,20073.000.000,192.168.1.165,1612339863,1612339865,1612339868,1612339869,1612339869,1612339870,1612339875,2,4,6
mDiffFit,ID0000177,19646.000.000,192.168.1.171,1612337261,1612337277,1612337293,1612337305,1612337305,1612337306,1612337317,16,28,12
mDiffFit,ID0000354,19823.000.000,192.168.1.164,1612338324,1612338357,1612338361,1612338371,1612338371,1612338373,1612338385,33,14,14
mDiffFit,ID0000080,20051.000.000,192.168.1.163,1612339720,1612339803,1612339813,1612339824,1612339824,1612339825,1612339832,83,21,8
mDiffFit,ID0000433,19767.000.000,192.168.1.163,1612337973,1612338115,1612338194,1612338195,1612338195,1612338198,1612338208,142,80,13
mDiffFit,ID0000032,19946.000.000,192.168.1.165,1612339049,1612339075,1612339096,1612339104,1612339104,1612339105,1612339116,26,29,12
mProject,ID0000165,19636.000.000,192.168.1.162,1612335963,1612335973,1612337403,1612337412,1612337412,1612337414,1612337425,10,1439,13
mDiffFit,ID0000065,20044.000.000,192.168.1.167,1612339678,1612339736,1612339743,1612339746,1612339746,1612339746,1612339758,58,10,12
mDiffFit,ID0000027,20001.000.000,192.168.1.163,1612339394,1612339530,1612339536,1612339544,1612339544,1612339546,1612339559,136,14,15
mDiffFit,ID0000107,20066.000.000,192.168.1.163,1612339797,1612339844,1612339848,1612339851,1612339851,1612339851,1612339857,47,7,6
register_local,2_1,20120.000.000,192.168.1.4,1612340193,1612340195,1612340198,1612340200,1612340200,1612340201,1612340207,2,5,7
clean_up_local_level,6_3,19772.000.000,192.168.1.4,1612338006,1612338012,1612338027,1612338031,1612338031,1612338034,1612338043,6,19,12
stage_in_remote_local,1_4,19585.000.000,192.168.1.4,1612335810,1612335811,1612335813,1612335818,1612335818,1612335818,1612335823,1,7,5
mDiffFit,ID0000202,19662.000.000,192.168.1.165,1612337329,1612337388,1612337396,1612337400,1612337400,1612337402,1612337412,59,12,12
register_local,32_1,20118.000.000,192.168.1.4,1612340171,1612340171,1612340174,1612340176,1612340176,1612340176,1612340182,0,5,6
mProject,ID0000163,19595.000.000,192.168.1.163,1612335890,1612335912,1612337353,1612337357,1612337357,1612337359,1612337369,22,1445,12
mDiffFit,ID0000401,19873.000.000,192.168.1.164,1612338598,1612338654,1612338668,1612338683,1612338683,1612338684,1612338702,56,29,19
register_local,1_0,20144.000.000,192.168.1.4,1612340396,1612340397,1612340399,1612340402,1612340402,1612340402,1612340407,1,5,5
mProject,ID0000005,19629.000.000,192.168.1.170,1612335945,1612335956,1612337984,1612337998,1612337998,1612337999,1612338017,11,2042,19
mBackground,ID0000140,20093.000.000,192.168.1.164,1612339935,1612339963,1612340019,1612340022,1612340022,1612340025,1612340037,28,59,15
mDiffFit,ID0000361,19901.000.000,192.168.1.168,1612338773,1612338805,1612338810,1612338814,1612338814,1612338816,1612338827,32,9,13
mAdd,ID0000470,20021.000.000,192.168.1.165,1612339523,1612339724,1612339787,1612339800,1612339800,1612339800,1612339811,201,76,11
mDiffFit,ID0000406,19836.000.000,192.168.1.161,1612338408,1612338435,1612338457,1612338465,1612338465,1612338466,1612338481,27,30,16
mDiffFit,ID0000345,19787.000.000,192.168.1.172,1612338107,1612338150,1612338166,1612338168,1612338168,1612338171,1612338180,43,18,12
mDiffFit,ID0000267,19698.000.000,192.168.1.164,1612337566,1612337585,1612337590,1612337598,1612337598,1612337600,1612337610,19,13,12
mDiffFit,ID0000396,19868.000.000,192.168.1.165,1612338569,1612338652,1612338698,1612338702,1612338702,1612338717,1612338728,83,50,26
mProject,ID0000014,19627.000.000,192.168.1.171,1612335944,1612335954,1612337828,1612337831,1612337831,1612337834,1612337845,10,1877,14
mDiffFit,ID0000423,19851.000.000,192.168.1.164,1612338493,1612338526,1612338546,1612338558,1612338558,1612338560,1612338573,33,32,15
mProject,ID0000160,19634.000.000,192.168.1.169,1612335957,1612335973,1612337366,1612337369,1612337369,1612337372,1612337384,16,1396,15
mDiffFit,ID0000045,19919.000.000,192.168.1.163,1612338881,1612338978,1612338986,1612338993,1612338993,1612338995,1612339005,97,15,12
mDiffFit,ID0000444,19874.000.000,192.168.1.164,1612338606,1612338671,1612338744,1612338746,1612338746,1612338748,1612338761,65,75,15
mDiffFit,ID0000449,19773.000.000,192.168.1.164,1612338008,1612338120,1612338128,1612338137,1612338137,1612338141,1612338150,112,17,13
clean_up_local_level,0_11,20136.000.000,192.168.1.4,1612340327,1612340328,1612340336,1612340338,1612340338,1612340338,1612340343,1,10,5
mDiffFit,ID0000061,20050.000.000,192.168.1.167,1612339716,1612339743,1612339757,1612339758,1612339758,1612339760,1612339772,27,15,14
mDiffFit,ID0000048,19974.000.000,192.168.1.167,1612339231,1612339302,1612339343,1612339354,1612339354,1612339355,1612339366,71,52,12
create_dir_montage,local_0,19572.000.000,192.168.1.4,1612335778,1612335779,1612335782,1612335783,1612335783,1612335783,1612335788,1,4,5
mDiffFit,ID0000071,19966.000.000,192.168.1.163,1612339178,1612339323,1612339407,1612339410,1612339410,1612339413,1612339423,145,87,13
mDiffFit,ID0000036,19915.000.000,192.168.1.163,1612338855,1612338957,1612339012,1612339020,1612339020,1612339022,1612339036,102,63,16
stage_in_remote_local,0_2,19573.000.000,192.168.1.4,1612335793,1612335794,1612335798,1612335800,1612335800,1612335801,1612335805,1,6,5
clean_up_local_level,3_3,19778.000.000,192.168.1.4,1612338050,1612338053,1612338068,1612338071,1612338071,1612338074,1612338084,3,18,13
mDiffFit,ID0000286,19736.000.000,192.168.1.171,1612337771,1612337855,1612337881,1612337886,1612337886,1612337888,1612337900,84,31,14
mProject,ID0000325,19630.000.000,192.168.1.170,1612335945,1612335956,1612337824,1612337831,1612337831,1612337833,1612337845,11,1875,14
DAGMAN,,19571.0,,1612335774,,,,,,1612340407,,,
mProject,ID0000324,19620.000.000,192.168.1.161,1612335929,1612335937,1612337530,1612337545,1612337545,1612337546,1612337557,8,1608,12
cleanup_montage,local_0,20139.000.000,192.168.1.4,1612340348,1612340349,1612340351,1612340354,1612340354,1612340354,1612340359,1,5,5
mDiffFit,ID0000394,19900.000.000,192.168.1.165,1612338770,1612338807,1612338819,1612338827,1612338827,1612338827,1612338842,37,20,15
mDiffFit,ID0000063,20047.000.000,192.168.1.168,1612339693,1612339724,1612339736,1612339746,1612339746,1612339746,1612339758,31,22,12
mDiffFit,ID0000059,20036.000.000,192.168.1.165,1612339619,1612339692,1612339703,1612339707,1612339707,1612339710,1612339721,73,15,14
mProject,ID0000320,19638.000.000,192.168.1.162,1612335964,1612335973,1612337869,1612337871,1612337871,1612337873,1612337886,9,1898,15
mBackground,ID0000465,19958.000.000,192.168.1.164,1612339124,1612339150,1612339216,1612339224,1612339224,1612339226,1612339238,26,74,14
mDiffFit,ID0000440,19806.000.000,192.168.1.168,1612338233,1612338246,1612338255,1612338263,1612338263,1612338266,1612338279,13,17,16
mDiffFit,ID0000385,19908.000.000,192.168.1.161,1612338813,1612338843,1612338868,1612338871,1612338871,1612338871,1612338882,30,28,11
mDiffFit,ID0000205,19708.000.000,192.168.1.163,1612337621,1612337642,1612337661,1612337670,1612337670,1612337671,1612337683,21,28,13
mDiffFit,ID0000391,19909.000.000,192.168.1.165,1612338822,1612338863,1612338875,1612338882,1612338882,1612338884,1612338895,41,19,13
mDiffFit,ID0000265,19750.000.000,192.168.1.167,1612337878,1612337930,1612337938,1612337950,1612337950,1612337952,1612337964,52,20,14
mDiffFit,ID0000373,19899.000.000,192.168.1.167,1612338767,1612338817,1612338842,1612338859,1612338859,1612338859,1612338871,50,42,12
mBackground,ID0000152,20092.000.000,192.168.1.167,1612339932,1612339976,1612340026,1612340037,1612340037,1612340037,1612340044,44,61,7
mDiffFit,ID0000392,19903.000.000,192.168.1.165,1612338784,1612338824,1612338831,1612338842,1612338842,1612338843,1612338859,40,18,17
mDiffFit,ID0000084,19970.000.000,192.168.1.168,1612339196,1612339285,1612339309,1612339315,1612339315,1612339318,1612339327,89,30,12
mDiffFit,ID0000288,19690.000.000,192.168.1.164,1612337512,1612337553,1612337565,1612337570,1612337570,1612337575,1612337583,41,17,13
mDiffFit,ID0000233,19655.000.000,192.168.1.165,1612337291,1612337346,1612337359,1612337369,1612337369,1612337371,1612337384,55,23,15
mDiffFit,ID0000395,19907.000.000,192.168.1.168,1612338808,1612338843,1612338848,1612338859,1612338859,1612338860,1612338871,35,16,12
mDiffFit,ID0000056,19945.000.000,192.168.1.167,1612339046,1612339078,1612339083,1612339091,1612339091,1612339092,1612339104,32,13,13
mDiffFit,ID0000121,19938.000.000,192.168.1.163,1612339003,1612339047,1612339054,1612339065,1612339065,1612339066,1612339079,44,18,14
mProject,ID0000173,19594.000.000,192.168.1.163,1612335890,1612335911,1612337259,1612337265,1612337265,1612337266,1612337270,21,1354,5
mProject,ID0000170,19633.000.000,192.168.1.169,1612335955,1612335973,1612337233,1612337238,1612337238,1612337238,1612337243,18,1265,5
mDiffFit,ID0000393,19902.000.000,192.168.1.163,1612338782,1612338880,1612338886,1612338895,1612338895,1612338896,1612338907,98,15,12
mDiffFit,ID0000207,19747.000.000,192.168.1.172,1612337853,1612337917,1612337983,1612337984,1612337984,1612337989,1612337998,64,67,14
mDiffFit,ID0000398,19863.000.000,192.168.1.164,1612338551,1612338598,1612338658,1612338666,1612338666,1612338667,1612338683,47,68,17
register_local,26_1,20038.000.000,192.168.1.4,1612339633,1612339637,1612339648,1612339655,1612339655,1612339658,1612339669,4,18,14
mDiffFit,ID0000362,19866.000.000,192.168.1.165,1612338565,1612338654,1612338697,1612338702,1612338702,1612338718,1612338728,89,48,26
mDiffFit,ID0000023,19994.000.000,192.168.1.168,1612339350,1612339423,1612339438,1612339444,1612339444,1612339446,1612339457,73,21,13
mDiffFit,ID0000097,19986.000.000,192.168.1.164,1612339299,1612339381,1612339387,1612339396,1612339396,1612339397,1612339410,82,15,14
register_local,9_1,20096.000.000,192.168.1.4,1612339959,1612339964,1612339974,1612339978,1612339978,1612339980,1612339989,5,14,11
mConcatFit,ID0000294,19789.000.000,192.168.1.164,1612338120,1612338146,1612338171,1612338180,1612338180,1612338183,1612338195,26,34,15
register_local,14_1,20022.000.000,192.168.1.4,1612339525,1612339531,1612339540,1612339544,1612339544,1612339546,1612339559,6,13,15
mBackground,ID0000308,19822.000.000,192.168.1.165,1612338316,1612338334,1612338381,1612338385,1612338385,1612338386,1612338398,18,51,13
mDiffFit,ID0000333,19782.000.000,192.168.1.161,1612338079,1612338153,1612338165,1612338168,1612338168,1612338170,1612338180,74,15,12
register_local,29_1,20046.000.000,192.168.1.4,1612339690,1612339695,1612339705,1612339707,1612339707,1612339711,1612339721,5,12,14
mProject,ID0000328,19592.000.000,192.168.1.163,1612335889,1612335891,1612337685,1612337697,1612337697,1612337698,1612337710,2,1806,13
mImgtbl,ID0000312,19847.000.000,192.168.1.163,1612338479,1612338695,1612338706,1612338716,1612338716,1612338719,1612338728,216,21,12
mDiffFit,ID0000238,19650.000.000,192.168.1.171,1612337276,1612337329,1612337336,1612337343,1612337343,1612337345,1612337357,53,14,14
mDiffFit,ID0000058,19944.000.000,192.168.1.165,1612339042,1612339068,1612339075,1612339079,1612339079,1612339079,1612339091,26,11,12
mDiffFit,ID0000350,19843.000.000,192.168.1.163,1612338449,1612338481,1612338510,1612338518,1612338518,1612338519,1612338529,32,37,11
mDiffFit,ID0000053,20028.000.000,192.168.1.165,1612339566,1612339633,1612339648,1612339655,1612339655,1612339658,1612339669,67,22,14
mDiffFit,ID0000235,19643.000.000,192.168.1.171,1612337248,1612337255,1612337257,1612337265,1612337265,1612337265,1612337270,7,10,5
mDiffFit,ID0000127,20013.000.000,192.168.1.165,1612339469,1612339548,1612339564,1612339571,1612339571,1612339572,1612339585,79,23,14
register_local,2_4,20115.000.000,192.168.1.4,1612340125,1612340125,1612340131,1612340135,1612340135,1612340136,1612340142,0,10,7
mDiffFit,ID0000405,19857.000.000,192.168.1.165,1612338512,1612338573,1612338581,1612338585,1612338585,1612338588,1612338599,61,12,14
mDiffFit,ID0000290,19654.000.000,192.168.1.172,1612337290,1612337340,1612337346,1612337357,1612337357,1612337358,1612337369,50,17,12
mBackground,ID0000147,20087.000.000,192.168.1.165,1612339913,1612339947,1612340009,1612340015,1612340015,1612340018,1612340022,34,68,7
mDiffFit,ID0000108,19989.000.000,192.168.1.164,1612339322,1612339396,1612339401,1612339410,1612339410,1612339411,1612339423,74,14,13
mProject,ID0000172,19624.000.000,192.168.1.171,1612335937,1612335954,1612337202,1612337205,1612337205,1612337206,1612337211,17,1251,6
mDiffFit,ID0000030,20056.000.000,192.168.1.163,1612339745,1612339814,1612339822,1612339824,1612339824,1612339828,1612339832,69,10,8
mDiffFit,ID0000042,19987.000.000,192.168.1.168,1612339310,1612339355,1612339367,1612339381,1612339381,1612339382,1612339396,45,26,15
mDiffFit,ID0000278,19651.000.000,192.168.1.171,1612337279,1612337329,1612337338,1612337343,1612337343,1612337346,1612337357,50,14,14
mDiffFit,ID0000400,19861.000.000,192.168.1.167,1612338537,1612338573,1612338627,1612338639,1612338639,1612338641,1612338654,36,66,15
mBackground,ID0000457,19952.000.000,192.168.1.163,1612339088,1612339131,1612339234,1612339238,1612339238,1612339241,1612339250,43,107,12
mDiffFit,ID0000214,19711.000.000,192.168.1.171,1612337637,1612337655,1612337662,1612337670,1612337670,1612337672,1612337683,18,15,13
register_local,18_1,19981.000.000,192.168.1.4,1612339269,1612339272,1612339283,1612339289,1612339289,1612339290,1612339301,3,17,12
mDiffFit,ID0000179,19722.000.000,192.168.1.164,1612337690,1612337728,1612337737,1612337746,1612337746,1612337748,1612337759,38,18,13
mDiffFit,ID0000259,19749.000.000,192.168.1.163,1612337866,1612338007,1612338020,1612338031,1612338031,1612338033,1612338043,141,24,12
mDiffFit,ID0000103,20029.000.000,192.168.1.167,1612339570,1612339623,1612339645,1612339655,1612339655,1612339656,1612339669,53,32,14
mDiffFit,ID0000089,19967.000.000,192.168.1.164,1612339180,1612339294,1612339304,1612339315,1612339315,1612339317,1612339327,114,21,12
mDiffFit,ID0000024,19922.000.000,192.168.1.161,1612338903,1612338936,1612338945,1612338957,1612338957,1612338958,1612338971,33,21,14
mDiffFit,ID0000123,20031.000.000,192.168.1.163,1612339583,1612339656,1612339660,1612339669,1612339669,1612339672,1612339683,73,13,14
register_local,3_4,20116.000.000,192.168.1.4,1612340142,1612340143,1612340146,1612340148,1612340148,1612340149,1612340155,1,5,7
mDiffFit,ID0000112,19977.000.000,192.168.1.165,1612339248,1612339333,1612339411,1612339423,1612339423,1612339424,1612339444,85,90,21
mDiffFit,ID0000028,19976.000.000,192.168.1.167,1612339245,1612339323,1612339332,1612339341,1612339341,1612339342,1612339354,78,18,13
register_local,15_1,20129.000.000,192.168.1.4,1612340268,1612340268,1612340270,1612340273,1612340273,1612340273,1612340279,0,5,6
mProject,ID0000317,19622.000.000,192.168.1.161,1612335936,1612335952,1612337525,1612337530,1612337530,1612337533,1612337545,16,1578,15
mDiffFit,ID0000218,19730.000.000,192.168.1.163,1612337732,1612337855,1612337980,1612337984,1612337984,1612337987,1612337998,123,129,14
mDiffFit,ID0000360,19769.000.000,192.168.1.172,1612337990,1612338096,1612338126,1612338137,1612338137,1612338139,1612338150,106,41,13
mDiffFit,ID0000376,19827.000.000,192.168.1.172,1612338352,1612338379,1612338398,1612338398,1612338398,1612338399,1612338414,27,19,16
clean_up_local_level,0_8,20111.000.000,192.168.1.4,1612340099,1612340099,1612340108,1612340113,1612340113,1612340114,1612340119,0,14,6
mDiffFit,ID0000050,19996.000.000,192.168.1.165,1612339364,1612339446,1612339490,1612339503,1612339503,1612339504,1612339516,82,57,13
mDiffFit,ID0000247,19671.000.000,192.168.1.172,1612337398,1612337427,1612337431,1612337441,1612337441,1612337443,1612337453,29,14,12
mDiffFit,ID0000382,19768.000.000,192.168.1.163,1612337977,1612338155,1612338168,1612338180,1612338180,1612338182,1612338195,178,25,15
mDiffFit,ID0000408,19835.000.000,192.168.1.168,1612338405,1612338431,1612338453,1612338453,1612338453,1612338458,1612338465,26,22,12
mDiffFit,ID0000445,19765.000.000,192.168.1.164,1612337961,1612338093,1612338130,1612338137,1612338137,1612338141,1612338150,132,44,13
stage_in_remote_local,2_4,19587.000.000,192.168.1.4,1612335816,1612335816,1612335819,1612335823,1612335823,1612335823,1612335828,0,7,5
stage_out_local_local,0_7,20134.000.000,192.168.1.4,1612340306,1612340311,1612340316,1612340316,1612340316,1612340317,1612340322,5,5,6
mBackground,ID0000460,19962.000.000,192.168.1.167,1612339148,1612339183,1612339231,1612339238,1612339238,1612339240,1612339250,35,55,12
mProject,ID0000002,19616.000.000,192.168.1.172,1612335923,1612335935,1612337930,1612337937,1612337937,1612337938,1612337950,12,2002,13
mDiffFit,ID0000287,19735.000.000,192.168.1.172,1612337768,1612337845,1612337891,1612337900,1612337900,1612337900,1612337911,77,55,11
clean_up_local_level,0_3,19791.000.000,192.168.1.4,1612338134,1612338141,1612338156,1612338168,1612338168,1612338169,1612338180,7,27,12
mViewer,ID0000314,20011.000.000,192.168.1.168,1612339464,1612339515,1612339549,1612339559,1612339559,1612339560,1612339571,51,44,12
mDiffFit,ID0000091,19972.000.000,192.168.1.164,1612339217,1612339285,1612339301,1612339315,1612339315,1612339316,1612339327,68,30,12
register_local,4_1,20119.000.000,192.168.1.4,1612340182,1612340182,1612340185,1612340187,1612340187,1612340187,1612340195,0,5,8
mDiffFit,ID0000281,19693.000.000,192.168.1.163,1612337528,1612337557,1612337587,1612337598,1612337598,1612337600,1612337610,29,41,12
stage_out_local_local,0_6,20123.000.000,192.168.1.4,1612340212,1612340219,1612340246,1612340247,1612340247,1612340247,1612340252,7,28,5
mDiffFit,ID0000435,19775.000.000,192.168.1.163,1612338027,1612338172,1612338180,1612338195,1612338195,1612338197,1612338208,145,23,13
register_local,28_1,20071.000.000,192.168.1.4,1612339857,1612339857,1612339860,1612339863,1612339863,1612339864,1612339869,0,6,6
mDiffFit,ID0000228,19669.000.000,192.168.1.169,1612337390,1612337425,1612337445,1612337453,1612337453,1612337455,1612337465,35,28,12
mDiffFit,ID0000374,19865.000.000,192.168.1.161,1612338557,1612338595,1612338601,1612338612,1612338612,1612338613,1612338627,38,17,15
mDiffFit,ID0000446,19884.000.000,192.168.1.164,1612338661,1612338735,1612338745,1612338761,1612338761,1612338761,1612338775,74,26,14
mBackground,ID0000142,20083.000.000,192.168.1.163,1612339911,1612339961,1612340035,1612340037,1612340037,1612340038,1612340044,50,76,7
register_local,17_1,20102.000.000,192.168.1.4,1612340044,1612340044,1612340047,1612340052,1612340052,1612340052,1612340063,0,8,11
register_local,0_5,20112.000.000,192.168.1.4,1612340099,1612340100,1612340102,1612340106,1612340106,1612340107,1612340113,1,6,7
mDiffFit,ID0000088,19983.000.000,192.168.1.165,1612339283,1612339349,1612339369,1612339381,1612339381,1612339382,1612339396,66,32,15
mDiffFit,ID0000104,20010.000.000,192.168.1.167,1612339456,1612339537,1612339576,1612339585,1612339585,1612339586,1612339597,81,48,12
mProject,ID0000322,19628.000.000,192.168.1.170,1612335944,1612335956,1612337825,1612337831,1612337831,1612337833,1612337845,12,1875,14
mBackground,ID0000459,19960.000.000,192.168.1.167,1612339135,1612339160,1612339229,1612339238,1612339238,1612339239,1612339250,25,78,12
mDiffFit,ID0000035,19971.000.000,192.168.1.167,1612339208,1612339302,1612339348,1612339354,1612339354,1612339355,1612339366,94,52,12
mDiffFit,ID0000355,19880.000.000,192.168.1.167,1612338637,1612338694,1612338720,1612338728,1612338728,1612338730,1612338746,57,34,18
mDiffFit,ID0000101,19993.000.000,192.168.1.167,1612339339,1612339432,1612339445,1612339457,1612339457,1612339458,1612339473,93,25,16
mDiffFit,ID0000412,19839.000.000,192.168.1.165,1612338424,1612338457,1612338465,1612338465,1612338465,1612338467,1612338481,33,8,16
mDiffFit,ID0000118,19975.000.000,192.168.1.163,1612339236,1612339302,1612339396,1612339410,1612339410,1612339410,1612339423,66,108,13
mProject,ID0000006,19611.000.000,192.168.1.168,1612335916,1612335934,1612338019,1612338031,1612338031,1612338031,1612338043,18,2097,12
mDiffFit,ID0000178,19674.000.000,192.168.1.171,1612337420,1612337461,1612337482,1612337490,1612337490,1612337492,1612337503,41,29,13
mDiffFit,ID0000095,20025.000.000,192.168.1.164,1612339542,1612339594,1612339631,1612339641,1612339641,1612339644,1612339655,52,47,14
mDiffFit,ID0000019,20035.000.000,192.168.1.168,1612339609,1612339692,1612339697,1612339707,1612339707,1612339708,1612339721,83,15,14
mDiffFit,ID0000204,19710.000.000,192.168.1.164,1612337634,1612337645,1612337649,1612337658,1612337658,1612337659,1612337670,11,13,12
mDiffFit,ID0000244,19734.000.000,192.168.1.172,1612337766,1612337845,1612337852,1612337858,1612337858,1612337860,1612337871,79,13,13
mBackground,ID0000299,19807.000.000,192.168.1.161,1612338240,1612338249,1612338272,1612338279,1612338279,1612338279,1612338293,9,30,14
mDiffFit,ID0000129,20063.000.000,192.168.1.167,1612339783,1612339827,1612339844,1612339845,1612339845,1612339847,1612339851,44,18,6
mDiffFit,ID0000047,19943.000.000,192.168.1.167,1612339034,1612339067,1612339079,1612339091,1612339091,1612339091,1612339104,33,24,13
mDiffFit,ID0000111,20002.000.000,192.168.1.164,1612339404,1612339504,1612339513,1612339516,1612339516,1612339519,1612339532,100,12,16
mDiffFit,ID0000397,19864.000.000,192.168.1.167,1612338554,1612338612,1612338629,1612338639,1612338639,1612338642,1612338654,58,27,15
mDiffFit,ID0000070,20033.000.000,192.168.1.163,1612339595,1612339689,1612339697,1612339707,1612339707,1612339709,1612339721,94,18,14
mDiffFit,ID0000243,19673.000.000,192.168.1.165,1612337410,1612337443,1612337469,1612337478,1612337478,1612337480,1612337490,33,35,12
mDiffFit,ID0000417,19829.000.000,192.168.1.168,1612338364,1612338391,1612338404,1612338414,1612338414,1612338417,1612338426,27,23,12
mDiffFit,ID0000264,19751.000.000,192.168.1.171,1612337884,1612337981,1612338002,1612338017,1612338017,1612338018,1612338031,97,36,14
mDiffFit,ID0000210,19714.000.000,192.168.1.165,1612337653,1612337670,1612337674,1612337683,1612337683,1612337684,1612337697,17,13,14
mDiffFit,ID0000414,19837.000.000,192.168.1.164,1612338411,1612338439,1612338445,1612338453,1612338453,1612338456,1612338465,28,14,12
mProject,ID0000168,19598.000.000,192.168.1.165,1612335896,1612335912,1612337261,1612337265,1612337265,1612337266,1612337270,16,1353,5
mProject,ID0000158,19599.000.000,192.168.1.165,1612335897,1612335912,1612337245,1612337248,1612337248,1612337249,1612337253,15,1336,5
mDiffFit,ID0000079,19926.000.000,192.168.1.167,1612338928,1612338978,1612338989,1612338993,1612338993,1612338997,1612339005,50,15,12
mProject,ID0000171,19605.000.000,192.168.1.164,1612335909,1612335914,1612337355,1612337357,1612337357,1612337360,1612337369,5,1443,12
mDiffFit,ID0000126,20024.000.000,192.168.1.167,1612339538,1612339594,1612339627,1612339641,1612339641,1612339643,1612339655,56,47,14
mDiffFit,ID0000387,19898.000.000,192.168.1.163,1612338758,1612338848,1612338857,1612338859,1612338859,1612338861,1612338871,90,11,12
mBackground,ID0000300,19816.000.000,192.168.1.172,1612338287,1612338304,1612338343,1612338344,1612338344,1612338345,1612338357,17,40,13
mDiffFit,ID0000105,19998.000.000,192.168.1.164,1612339375,1612339466,1612339476,1612339488,1612339488,1612339489,1612339503,91,22,15
mDiffFit,ID0000293,19652.000.000,192.168.1.169,1612337281,1612337309,1612337339,1612337343,1612337343,1612337346,1612337357,28,34,14
stage_in_remote_local,0_1,19574.000.000,192.168.1.4,1612335794,1612335799,1612335802,1612335805,1612335805,1612335805,1612335811,5,6,6
mBackground,ID0000463,19949.000.000,192.168.1.165,1612339073,1612339089,1612339138,1612339141,1612339141,1612339143,1612339154,16,52,13
mDiffFit,ID0000368,19872.000.000,192.168.1.161,1612338596,1612338633,1612338642,1612338654,1612338654,1612338655,1612338666,37,21,12
mDiffFit,ID0000378,19771.000.000,192.168.1.171,1612337996,1612338110,1612338123,1612338137,1612338137,1612338138,1612338150,114,27,13
mBackground,ID0000148,20086.000.000,192.168.1.165,1612339912,1612339947,1612340012,1612340015,1612340015,1612340020,1612340022,35,68,7
mProject,ID0000316,19603.000.000,192.168.1.167,1612335909,1612335913,1612337817,1612337818,1612337818,1612337822,1612337831,4,1905,13
mDiffFit,ID0000346,19795.000.000,192.168.1.161,1612338162,1612338187,1612338202,1612338208,1612338208,1612338209,1612338222,25,21,14
mDiffFit,ID0000279,19732.000.000,192.168.1.164,1612337744,1612337825,1612337864,1612337871,1612337871,1612337872,1612337886,81,46,15
mProject,ID0000015,19600.000.000,192.168.1.167,1612335897,1612335912,1612338099,1612338109,1612338109,1612338110,1612338123,15,2197,14
register_local,6_1,20140.000.000,192.168.1.4,1612340354,1612340355,1612340357,1612340359,1612340359,1612340359,1612340364,1,4,5
mDiffFit,ID0000248,19670.000.000,192.168.1.165,1612337393,1612337432,1612337444,1612337453,1612337453,1612337455,1612337465,39,21,12
mProject,ID0000004,19610.000.000,192.168.1.168,1612335916,1612335933,1612338086,1612338097,1612338097,1612338098,1612338109,17,2164,12
mDiffFit,ID0000044,20059.000.000,192.168.1.165,1612339755,1612339802,1612339817,1612339824,1612339824,1612339826,1612339832,47,22,8
mProject,ID0000012,19637.000.000,192.168.1.162,1612335964,1612335973,1612338062,1612338071,1612338071,1612338073,1612338084,9,2098,13
register_local,10_1,20012.000.000,192.168.1.4,1612339467,1612339473,1612339483,1612339488,1612339488,1612339490,1612339503,6,15,15
register_local,0_4,20114.000.000,192.168.1.4,1612340113,1612340114,1612340118,1612340119,1612340119,1612340119,1612340125,1,5,6
mDiffFit,ID0000254,19727.000.000,192.168.1.171,1612337716,1612337770,1612337780,1612337789,1612337789,1612337790,1612337802,54,19,13
mDiffFit,ID0000411,19840.000.000,192.168.1.163,1612338433,1612338469,1612338477,1612338481,1612338481,1612338482,1612338494,36,12,13
clean_up_local_level,1_7,20103.000.000,192.168.1.4,1612340050,1612340052,1612340066,1612340073,1612340073,1612340073,1612340082,2,21,9
mProject,ID0000319,19613.000.000,192.168.1.166,1612335922,1612335934,1612337873,1612337886,1612337886,1612337887,1612337900,12,1952,14
mDiffFit,ID0000226,19681.000.000,192.168.1.164,1612337460,1612337506,1612337520,1612337530,1612337530,1612337533,1612337545,46,24,15
mDiffFit,ID0000062,20048.000.000,192.168.1.165,1612339704,1612339732,1612339758,1612339772,1612339772,1612339773,1612339784,28,40,12
mDiffFit,ID0000090,20057.000.000,192.168.1.163,1612339745,1612339808,1612339815,1612339824,1612339824,1612339826,1612339832,63,16,8
mDiffFit,ID0000094,19940.000.000,192.168.1.163,1612339016,1612339074,1612339130,1612339141,1612339141,1612339141,1612339154,58,67,13
mDiffFit,ID0000206,19728.000.000,192.168.1.166,1612337719,1612337760,1612337833,1612337845,1612337845,1612337847,1612337858,41,85,13
mDiffFit,ID0000120,20055.000.000,192.168.1.167,1612339744,1612339802,1612339838,1612339845,1612339845,1612339846,1612339851,58,43,6
mDiffFit,ID0000271,19705.000.000,192.168.1.171,1612337605,1612337622,1612337627,1612337643,1612337643,1612337644,1612337658,17,21,15
mDiffFit,ID0000356,19796.000.000,192.168.1.164,1612338175,1612338195,1612338199,1612338208,1612338208,1612338209,1612338222,20,13,14
mDiffFit,ID0000370,19766.000.000,192.168.1.164,1612337970,1612338098,1612338118,1612338123,1612338123,1612338126,1612338137,128,25,14
mDiffFit,ID0000188,19653.000.000,192.168.1.171,1612337287,1612337341,1612337363,1612337369,1612337369,1612337372,1612337384,54,28,15
mDiffFit,ID0000415,19848.000.000,192.168.1.164,1612338488,1612338506,1612338510,1612338518,1612338518,1612338518,1612338529,18,12,11
mDiffFit,ID0000442,19876.000.000,192.168.1.167,1612338619,1612338662,1612338673,1612338683,1612338683,1612338684,1612338702,43,21,19
mDiffFit,ID0000424,19852.000.000,192.168.1.163,1612338501,1612338579,1612338589,1612338599,1612338599,1612338600,1612338612,78,20,13
stage_in_local_local,0_0,19576.000.000,192.168.1.4,1612335794,1612335799,1612335875,1612335879,1612335879,1612335879,1612335884,5,80,5
stage_in_local_local,1_0,19584.000.000,192.168.1.4,1612335810,1612335810,1612335893,1612335897,1612335897,1612335898,1612335903,0,87,6
register_local,0_6,20128.000.000,192.168.1.4,1612340257,1612340257,1612340259,1612340262,1612340262,1612340262,1612340268,0,5,6
mDiffFit,ID0000403,19858.000.000,192.168.1.165,1612338515,1612338573,1612338579,1612338585,1612338585,1612338587,1612338599,58,12,14
mDiffFit,ID0000289,19644.000.000,192.168.1.171,1612337248,1612337268,1612337270,1612337270,1612337270,1612337270,1612337281,20,2,11
mAdd,ID0000313,19894.000.000,192.168.1.163,1612338737,1612339221,1612339433,1612339444,1612339444,1612339445,1612339457,484,223,13
mDiffFit,ID0000334,19906.000.000,192.168.1.167,1612338799,1612338854,1612338925,1612338932,1612338932,1612338935,1612338945,55,78,13
mDiffFit,ID0000066,20043.000.000,192.168.1.163,1612339667,1612339702,1612339708,1612339721,1612339721,1612339723,1612339736,35,19,15
mDiffFit,ID0000184,19739.000.000,192.168.1.163,1612337796,1612337931,1612337941,1612337950,1612337950,1612337953,1612337964,135,19,14
mDiffFit,ID0000180,19746.000.000,192.168.1.166,1612337844,1612337896,1612337902,1612337911,1612337911,1612337912,1612337925,52,15,14
mProject,ID0000008,19604.000.000,192.168.1.164,1612335909,1612335914,1612338024,1612338031,1612338031,1612338034,1612338043,5,2117,12
mProject,ID0000315,19631.000.000,192.168.1.170,1612335945,1612335958,1612337815,1612337818,1612337818,1612337820,1612337831,13,1860,13
stage_in_remote_local,0_5,19579.000.000,192.168.1.4,1612335800,1612335804,1612335809,1612335811,1612335811,1612335811,1612335818,4,7,7
