Job,ID,DagmanID,Node IP,SUBMIT,EXECUTE,JOB_TERMINATED,JOB_SUCCESS,POST_SCRIPT_STARTED,POST_SCRIPT_TERMINATED,POST_SCRIPT_SUCCESS,wait_time,exec_time,ps_time
mDiffFit,ID0000447,11624.000.000,192.168.1.162,1611630504,1611630559,1611630563,1611630570,1611630570,1611630573,1611630582,55,11,12
mDiffFit,ID0000079,11757.000.000,192.168.1.163,1611631354,1611631381,1611631384,1611631393,1611631393,1611631394,1611631405,27,12,12
mDiffFit,ID0000437,11622.000.000,192.168.1.162,1611630500,1611630558,1611630562,1611630570,1611630570,1611630573,1611630582,58,12,12
mDiffFit,ID0000253,11428.000.000,192.168.1.161,1611627740,1611627779,1611627785,1611627789,1611627789,1611627790,1611627795,39,10,6
mProject,ID0000009,11340.000.000,192.168.1.161,1611624369,1611629226,1611631000,1611631001,1611631001,1611631004,1611631007,4857,1775,6
mAdd,ID0000470,11781.000.000,192.168.1.161,1611631499,1611631568,1611631642,1611631645,1611631645,1611631646,1611631655,69,77,10
mBackground,ID0000296,11652.000.000,192.168.1.163,1611630726,1611630770,1611630823,1611630823,1611630823,1611630824,1611630828,44,53,5
stage_in_remote_local,0_3,11288.000.000,192.168.1.4,1611624174,1611624176,1611624181,1611624185,1611624185,1611624186,1611624193,2,9,8
mDiffFit,ID0000444,11546.000.000,192.168.1.162,1611629335,1611629510,1611629516,1611629517,1611629517,1611629517,1611629522,175,7,5
mBackground,ID0000308,11663.000.000,192.168.1.163,1611630744,1611630837,1611630889,1611630898,1611630898,1611630899,1611630910,93,61,12
mDiffFit,ID0000198,11442.000.000,192.168.1.162,1611628161,1611628308,1611628309,1611628312,1611628312,1611628312,1611628317,147,4,5
mProject,ID0000163,11311.000.000,192.168.1.162,1611624307,1611625386,1611626517,1611626519,1611626519,1611626519,1611626524,1079,1133,5
stage_in_remote_local,0_2,11280.000.000,192.168.1.4,1611624168,1611624168,1611624172,1611624175,1611624175,1611624175,1611624180,0,7,5
mDiffFit,ID0000237,11629.000.000,192.168.1.161,1611630527,1611630583,1611630587,1611630594,1611630594,1611630594,1611630608,56,11,14
mProject,ID0000002,11323.000.000,192.168.1.162,1611624349,1611626569,1611628265,1611628268,1611628268,1611628268,1611628273,2220,1699,5
mDiffFit,ID0000176,11379.000.000,192.168.1.163,1611627006,1611627171,1611627173,1611627177,1611627177,1611627178,1611627189,165,6,12
mDiffFit,ID0000377,11396.000.000,192.168.1.161,1611627466,1611627485,1611627486,1611627494,1611627494,1611627495,1611627506,19,9,12
mDiffFit,ID0000235,11639.000.000,192.168.1.163,1611630576,1611630648,1611630654,1611630655,1611630655,1611630658,1611630661,72,7,6
mBackground,ID0000305,11660.000.000,192.168.1.162,1611630738,1611630817,1611630859,1611630872,1611630872,1611630874,1611630886,79,55,14
mDiffFit,ID0000259,11611.000.000,192.168.1.162,1611630434,1611630493,1611630497,1611630505,1611630505,1611630508,1611630517,59,12,12
mDiffFit,ID0000390,11467.000.000,192.168.1.163,1611628799,1611628887,1611628888,1611628889,1611628889,1611628889,1611628894,88,2,5
mDiffFit,ID0000379,11471.000.000,192.168.1.162,1611628800,1611628923,1611628926,1611628929,1611628929,1611628930,1611628935,123,6,6
mDiffFit,ID0000359,11547.000.000,192.168.1.162,1611629335,1611629522,1611629523,1611629527,1611629527,1611629528,1611629533,187,5,6
register_local,14_1,11720.000.000,192.168.1.4,1611631136,1611631140,1611631147,1611631159,1611631159,1611631161,1611631172,4,19,13
mBgModel,ID0000138,11786.000.000,192.168.1.163,1611631517,1611631518,1611631526,1611631528,1611631528,1611631528,1611631534,1,10,6
mDiffFit,ID0000376,11682.000.000,192.168.1.161,1611630894,1611630951,1611630989,1611630991,1611630991,1611630996,1611631001,57,40,10
mBackground,ID0000303,11653.000.000,192.168.1.163,1611630731,1611630770,1611630819,1611630823,1611630823,1611630823,1611630828,39,53,5
mProject,ID0000016,11326.000.000,192.168.1.161,1611624350,1611627257,1611629009,1611629010,1611629010,1611629011,1611629016,2907,1753,6
clean_up_local_level,7_3,11678.000.000,192.168.1.4,1611630860,1611630866,1611630880,1611630886,1611630886,1611630890,1611630898,6,20,12
mProject,ID0000001,11313.000.000,192.168.1.163,1611624315,1611625409,1611627122,1611627129,1611627129,1611627129,1611627134,1094,1720,5
mDiffFit,ID0000091,11508.000.000,192.168.1.162,1611629023,1611629144,1611629148,1611629153,1611629153,1611629154,1611629159,121,9,6
mDiffFit,ID0000219,11506.000.000,192.168.1.161,1611628982,1611629130,1611629147,1611629153,1611629153,1611629154,1611629159,148,23,6
mDiffFit,ID0000419,11679.000.000,192.168.1.162,1611630871,1611630938,1611630944,1611630951,1611630951,1611630953,1611630963,67,13,12
mDiffFit,ID0000360,11666.000.000,192.168.1.161,1611630745,1611630853,1611630875,1611630886,1611630886,1611630888,1611630898,108,33,12
mDiffFit,ID0000243,11371.000.000,192.168.1.161,1611626530,1611626556,1611626563,1611626567,1611626567,1611626568,1611626573,26,11,6
mDiffFit,ID0000232,11630.000.000,192.168.1.162,1611630535,1611630596,1611630611,1611630614,1611630614,1611630615,1611630623,61,18,9
mDiffFit,ID0000179,11390.000.000,192.168.1.161,1611627186,1611627232,1611627235,1611627238,1611627238,1611627239,1611627244,46,6,6
mDiffFit,ID0000254,11460.000.000,192.168.1.163,1611628787,1611628832,1611628833,1611628836,1611628836,1611628836,1611628841,45,4,5
mDiffFit,ID0000271,11599.000.000,192.168.1.163,1611630349,1611630449,1611630452,1611630467,1611630467,1611630468,1611630480,100,18,13
mDiffFit,ID0000382,11359.000.000,192.168.1.163,1611625883,1611625914,1611625917,1611625919,1611625919,1611625920,1611625925,31,5,6
mDiffFit,ID0000269,11466.000.000,192.168.1.163,1611628793,1611628886,1611628908,1611628914,1611628914,1611628915,1611628923,93,28,9
mDiffFit,ID0000255,11392.000.000,192.168.1.161,1611627196,1611627241,1611627242,1611627244,1611627244,1611627244,1611627249,45,3,5
mDiffFit,ID0000433,11477.000.000,192.168.1.163,1611628819,1611628966,1611628991,1611628992,1611628992,1611628992,1611628997,147,26,5
mDiffFit,ID0000385,11568.000.000,192.168.1.162,1611629798,1611629890,1611629901,1611629902,1611629902,1611629902,1611629907,92,12,5
create_dir_montage,local_0,11279.000.000,192.168.1.4,1611624153,1611624154,1611624157,1611624158,1611624158,1611624158,1611624163,1,4,5
mDiffFit,ID0000088,11409.000.000,192.168.1.162,1611627607,1611627646,1611627649,1611627651,1611627651,1611627651,1611627656,39,5,5
mDiffFit,ID0000436,11472.000.000,192.168.1.163,1611628806,1611628930,1611628954,1611628964,1611628964,1611628965,1611628977,124,34,13
mDiffFit,ID0000221,11614.000.000,192.168.1.161,1611630457,1611630510,1611630518,1611630528,1611630528,1611630529,1611630541,53,18,13
mProject,ID0000318,11309.000.000,192.168.1.162,1611624307,1611624313,1611625861,1611625871,1611625871,1611625872,1611625877,6,1558,6
mDiffFit,ID0000059,11777.000.000,192.168.1.162,1611631464,1611631481,1611631483,1611631488,1611631488,1611631488,1611631493,17,7,5
mDiffFit,ID0000239,11388.000.000,192.168.1.163,1611627183,1611627227,1611627247,1611627249,1611627249,1611627250,1611627255,44,22,6
mDiffFit,ID0000187,11590.000.000,192.168.1.162,1611630334,1611630371,1611630374,1611630382,1611630382,1611630383,1611630394,37,11,12
mDiffFit,ID0000107,11421.000.000,192.168.1.163,1611627668,1611627722,1611627726,1611627727,1611627727,1611627729,1611627733,54,5,6
mDiffFit,ID0000262,11500.000.000,192.168.1.161,1611628962,1611629095,1611629097,1611629101,1611629101,1611629103,1611629116,133,6,15
mDiffFit,ID0000203,11493.000.000,192.168.1.162,1611628920,1611629060,1611629076,1611629078,1611629078,1611629079,1611629083,140,18,5
mDiffFit,ID0000192,11440.000.000,192.168.1.162,1611628161,1611628286,1611628295,1611628296,1611628296,1611628296,1611628301,125,10,5
mBackground,ID0000466,11736.000.000,192.168.1.162,1611631218,1611631237,1611631289,1611631293,1611631293,1611631296,1611631300,19,56,7
mDiffFit,ID0000400,11565.000.000,192.168.1.162,1611629790,1611629865,1611629871,1611629875,1611629875,1611629876,1611629881,75,10,6
mDiffFit,ID0000123,11438.000.000,192.168.1.162,1611627845,1611627909,1611627911,1611627915,1611627915,1611627915,1611627920,64,6,5
mDiffFit,ID0000256,11591.000.000,192.168.1.162,1611630339,1611630371,1611630374,1611630382,1611630382,1611630383,1611630394,32,11,12
mDiffFit,ID0000354,11473.000.000,192.168.1.162,1611628807,1611628942,1611628945,1611628954,1611628954,1611628954,1611628964,135,12,10
clean_up_local_level,5_3,11495.000.000,192.168.1.4,1611628946,1611628948,1611628962,1611628964,1611628964,1611628965,1611628977,2,16,13
mDiffFit,ID0000083,11408.000.000,192.168.1.163,1611627607,1611627638,1611627639,1611627640,1611627640,1611627640,1611627645,31,2,5
register_local,7_1,11836.000.000,192.168.1.4,1611631882,1611631883,1611631885,1611631888,1611631888,1611631888,1611631894,1,5,6
clean_up_local_level,9_3,11586.000.000,192.168.1.4,1611630333,1611630333,1611630340,1611630342,1611630342,1611630343,1611630349,0,9,7
mDiffFit,ID0000421,11684.000.000,192.168.1.162,1611630905,1611630966,1611630972,1611630978,1611630978,1611630982,1611630984,61,12,6
mDiffFit,ID0000397,11693.000.000,192.168.1.161,1611630950,1611631025,1611631030,1611631039,1611631039,1611631040,1611631051,75,14,12
mDiffFit,ID0000082,11528.000.000,192.168.1.162,1611629275,1611629335,1611629344,1611629346,1611629346,1611629346,1611629351,60,11,5
clean_up_local_level,0_3,11753.000.000,192.168.1.4,1611631336,1611631340,1611631355,1611631369,1611631369,1611631370,1611631381,4,29,12
mDiffFit,ID0000417,11690.000.000,192.168.1.162,1611630935,1611631009,1611631026,1611631039,1611631039,1611631040,1611631051,74,30,12
mConcatFit,ID0000451,11709.000.000,192.168.1.162,1611631071,1611631080,1611631091,1611631100,1611631100,1611631102,1611631114,9,20,14
mProject,ID0000161,11303.000.000,192.168.1.163,1611624289,1611624310,1611625408,1611625408,1611625408,1611625408,1611625413,21,1098,5
mDiffFit,ID0000406,11697.000.000,192.168.1.161,1611630975,1611631025,1611631038,1611631039,1611631039,1611631043,1611631051,50,14,12
clean_up_local_level,0_9,11829.000.000,192.168.1.4,1611631827,1611631827,1611631845,1611631850,1611631850,1611631851,1611631856,0,23,6
mDiffFit,ID0000345,11541.000.000,192.168.1.162,1611629328,1611629465,1611629466,1611629468,1611629468,1611629469,1611629474,137,3,6
mDiffFit,ID0000124,11724.000.000,192.168.1.163,1611631154,1611631186,1611631223,1611631224,1611631224,1611631225,1611631238,32,38,14
register_local,0_3,11800.000.000,192.168.1.4,1611631595,1611631602,1611631609,1611631617,1611631617,1611631618,1611631630,7,15,13
mDiffFit,ID0000183,11377.000.000,192.168.1.163,1611627005,1611627156,1611627159,1611627162,1611627162,1611627162,1611627167,151,6,5
mDiffFit,ID0000046,11585.000.000,192.168.1.163,1611630237,1611630289,1611630301,1611630303,1611630303,1611630303,1611630308,52,14,5
mDiffFit,ID0000057,11578.000.000,192.168.1.162,1611630228,1611630250,1611630252,1611630253,1611630253,1611630255,1611630259,22,3,6
mDiffFit,ID0000272,11347.000.000,192.168.1.161,1611625402,1611625413,1611625414,1611625419,1611625419,1611625419,1611625424,11,6,5
mProject,ID0000328,11308.000.000,192.168.1.162,1611624306,1611624313,1611625809,1611625810,1611625810,1611625810,1611625815,7,1497,5
mDiffFit,ID0000061,11537.000.000,192.168.1.162,1611629282,1611629432,1611629438,1611629439,1611629439,1611629440,1611629445,150,7,6
mDiffFit,ID0000047,11773.000.000,192.168.1.161,1611631440,1611631467,1611631472,1611631481,1611631481,1611631483,1611631488,27,14,7
mDiffFit,ID0000045,11511.000.000,192.168.1.161,1611629034,1611629154,1611629161,1611629165,1611629165,1611629165,1611629170,120,11,5
mDiffFit,ID0000177,11635.000.000,192.168.1.162,1611630553,1611630623,1611630647,1611630649,1611630649,1611630650,1611630655,70,26,6
mDiffFit,ID0000381,11617.000.000,192.168.1.162,1611630474,1611630522,1611630530,1611630541,1611630541,1611630541,1611630556,48,19,15
mProject,ID0000006,11318.000.000,192.168.1.162,1611624342,1611625920,1611627594,1611627596,1611627596,1611627596,1611627601,1578,1676,5
mDiffFit,ID0000288,11464.000.000,192.168.1.163,1611628793,1611628860,1611628873,1611628878,1611628878,1611628878,1611628883,67,18,5
clean_up_local_level,0_10,11840.000.000,192.168.1.4,1611631920,1611631920,1611631935,1611631936,1611631936,1611631936,1611631941,0,16,5
register_local,9_1,11815.000.000,192.168.1.4,1611631708,1611631712,1611631714,1611631722,1611631722,1611631723,1611631732,4,10,10
register_local,10_1,11847.000.000,192.168.1.4,1611631962,1611631963,1611631964,1611631967,1611631967,1611631967,1611631972,1,4,5
stage_in_remote_local,3_4,11297.000.000,192.168.1.4,1611624191,1611624192,1611624195,1611624198,1611624198,1611624198,1611624203,1,6,5
mBackground,ID0000455,11735.000.000,192.168.1.163,1611631215,1611631262,1611631338,1611631342,1611631342,1611631346,1611631355,47,80,13
mProject,ID0000173,11310.000.000,192.168.1.162,1611624307,1611624313,1611625384,1611625386,1611625386,1611625386,1611625391,6,1073,5
register_local,4_1,11834.000.000,192.168.1.4,1611631862,1611631862,1611631864,1611631867,1611631867,1611631867,1611631872,0,5,5
mDiffFit,ID0000073,11774.000.000,192.168.1.161,1611631442,1611631470,1611631475,1611631481,1611631481,1611631483,1611631488,28,11,7
register_local,12_1,11849.000.000,192.168.1.4,1611631982,1611631983,1611631984,1611631988,1611631988,1611631988,1611631993,1,5,5
mProject,ID0000170,11331.000.000,192.168.1.163,1611624356,1611627727,1611628775,1611628776,1611628776,1611628776,1611628781,3371,1049,5
register_local,20_1,11761.000.000,192.168.1.4,1611631379,1611631382,1611631385,1611631393,1611631393,1611631395,1611631405,3,11,12
mBackground,ID0000468,11732.000.000,192.168.1.163,1611631195,1611631224,1611631306,1611631312,1611631312,1611631312,1611631321,29,88,9
mDiffFit,ID0000076,11767.000.000,192.168.1.162,1611631412,1611631431,1611631434,1611631444,1611631444,1611631444,1611631457,19,13,13
register_local,11_1,11837.000.000,192.168.1.4,1611631893,1611631894,1611631896,1611631899,1611631899,1611631899,1611631904,1,5,5
mDiffFit,ID0000174,11444.000.000,192.168.1.162,1611628162,1611628322,1611628332,1611628332,1611628332,1611628333,1611628337,160,10,5
mDiffFit,ID0000289,11594.000.000,192.168.1.161,1611630342,1611630398,1611630402,1611630407,1611630407,1611630408,1611630423,56,9,16
mDiffFit,ID0000128,11745.000.000,192.168.1.162,1611631260,1611631339,1611631344,1611631355,1611631355,1611631357,1611631369,79,16,14
mDiffFit,ID0000193,11445.000.000,192.168.1.162,1611628167,1611628338,1611628344,1611628347,1611628347,1611628347,1611628352,171,9,5
mDiffFit,ID0000342,11623.000.000,192.168.1.161,1611630502,1611630559,1611630563,1611630570,1611630570,1611630574,1611630582,57,11,12
mDiffFit,ID0000055,11584.000.000,192.168.1.162,1611630237,1611630284,1611630287,1611630293,1611630293,1611630293,1611630298,47,9,5
register_local,23_1,11752.000.000,192.168.1.4,1611631319,1611631324,1611631332,1611631342,1611631342,1611631344,1611631355,5,18,13
mDiffFit,ID0000134,11722.000.000,192.168.1.163,1611631151,1611631181,1611631205,1611631209,1611631209,1611631209,1611631224,30,28,15
mDiffFit,ID0000033,11456.000.000,192.168.1.162,1611628286,1611628437,1611628439,1611628441,1611628441,1611628441,1611628446,151,4,5
mBackground,ID0000139,11799.000.000,192.168.1.162,1611631593,1611631631,1611631687,1611631691,1611631691,1611631692,1611631702,38,60,11
mDiffFit,ID0000248,11370.000.000,192.168.1.162,1611626529,1611626546,1611626547,1611626549,1611626549,1611626549,1611626554,17,3,5
mViewer,ID0000471,11808.000.000,192.168.1.161,1611631661,1611631679,1611631711,1611631714,1611631714,1611631714,1611631722,18,35,8
mProject,ID0000012,11335.000.000,192.168.1.162,1611624363,1611627918,1611629714,1611629718,1611629718,1611629719,1611629723,3555,1800,5
mDiffFit,ID0000098,11744.000.000,192.168.1.163,1611631257,1611631359,1611631371,1611631381,1611631381,1611631382,1611631393,102,22,12
mDiffFit,ID0000031,11513.000.000,192.168.1.161,1611629040,1611629168,1611629172,1611629176,1611629176,1611629179,1611629182,128,8,6
mDiffFit,ID0000236,11642.000.000,192.168.1.163,1611630593,1611630659,1611630662,1611630667,1611630667,1611630667,1611630672,66,8,5
mProject,ID0000008,11301.000.000,192.168.1.161,1611624289,1611624310,1611626061,1611626065,1611626065,1611626066,1611626071,21,1755,6
mDiffFit,ID0000074,11759.000.000,192.168.1.161,1611631366,1611631381,1611631393,1611631405,1611631405,1611631406,1611631418,15,24,13
mBackground,ID0000150,11805.000.000,192.168.1.162,1611631626,1611631664,1611631693,1611631702,1611631702,1611631702,1611631708,38,38,6
mProject,ID0000316,11300.000.000,192.168.1.161,1611624288,1611624290,1611625826,1611625830,1611625830,1611625830,1611625835,2,1540,5
register_local,27_1,11765.000.000,192.168.1.4,1611631399,1611631402,1611631408,1611631418,1611631418,1611631420,1611631432,3,16,14
clean_up_local_level,0_5,11784.000.000,192.168.1.4,1611631516,1611631517,1611631534,1611631548,1611631548,1611631549,1611631560,1,31,12
mDiffFit,ID0000131,11749.000.000,192.168.1.161,1611631286,1611631360,1611631370,1611631381,1611631381,1611631382,1611631393,74,21,12
mDiffFit,ID0000365,11667.000.000,192.168.1.161,1611630745,1611630866,1611630874,1611630886,1611630886,1611630887,1611630898,121,20,12
register_local,4_0,11851.000.000,192.168.1.4,1611632003,1611632004,1611632005,1611632008,1611632008,1611632009,1611632013,1,4,5
mBackground,ID0000465,11737.000.000,192.168.1.162,1611631221,1611631249,1611631311,1611631312,1611631312,1611631314,1611631321,28,63,9
mDiffFit,ID0000278,11602.000.000,192.168.1.163,1611630376,1611630461,1611630467,1611630480,1611630480,1611630480,1611630493,85,19,13
clean_up_local_level,0_4,11780.000.000,192.168.1.4,1611631498,1611631499,1611631507,1611631511,1611631511,1611631511,1611631517,1,12,6
mDiffFit,ID0000229,11636.000.000,192.168.1.163,1611630565,1611630634,1611630640,1611630643,1611630643,1611630644,1611630649,69,9,6
mBackground,ID0000460,11741.000.000,192.168.1.161,1611631245,1611631304,1611631352,1611631355,1611631355,1611631357,1611631369,59,51,14
mDiffFit,ID0000367,11671.000.000,192.168.1.161,1611630766,1611630910,1611630915,1611630925,1611630925,1611630925,1611630938,144,15,13
mDiffFit,ID0000393,11414.000.000,192.168.1.162,1611627623,1611627679,1611627684,1611627688,1611627688,1611627689,1611627694,56,9,6
mDiffFit,ID0000274,11607.000.000,192.168.1.163,1611630414,1611630488,1611630495,1611630505,1611630505,1611630507,1611630517,74,17,12
mDiffFit,ID0000353,11482.000.000,192.168.1.162,1611628825,1611628997,1611629001,1611629004,1611629004,1611629005,1611629010,172,7,6
mViewer,ID0000157,11831.000.000,192.168.1.161,1611631828,1611631831,1611631860,1611631862,1611631862,1611631862,1611631867,3,31,5
register_local,35_1,11699.000.000,192.168.1.4,1611631019,1611631027,1611631034,1611631039,1611631039,1611631042,1611631051,8,12,12
mBackground,ID0000152,11802.000.000,192.168.1.161,1611631609,1611631664,1611631697,1611631702,1611631702,1611631703,1611631708,55,38,6
mDiffFit,ID0000022,11531.000.000,192.168.1.162,1611629275,1611629369,1611629370,1611629372,1611629372,1611629372,1611629377,94,3,5
mDiffFit,ID0000112,11714.000.000,192.168.1.162,1611631095,1611631119,1611631135,1611631145,1611631145,1611631146,1611631159,24,26,14
mDiffFit,ID0000110,11704.000.000,192.168.1.163,1611631050,1611631076,1611631080,1611631089,1611631089,1611631090,1611631100,26,13,11
mDiffFit,ID0000190,11447.000.000,192.168.1.162,1611628167,1611628356,1611628357,1611628358,1611628358,1611628358,1611628363,189,2,5
mDiffFit,ID0000094,11534.000.000,192.168.1.162,1611629281,1611629398,1611629405,1611629408,1611629408,1611629408,1611629413,117,10,5
mDiffFit,ID0000209,11610.000.000,192.168.1.163,1611630432,1611630501,1611630507,1611630517,1611630517,1611630517,1611630528,69,16,11
mProject,ID0000322,11345.000.000,192.168.1.161,1611624375,1611629275,1611630845,1611630848,1611630848,1611630849,1611630854,4900,1573,6
mProject,ID0000159,11325.000.000,192.168.1.163,1611624349,1611626993,1611628146,1611628151,1611628151,1611628151,1611628156,2644,1158,5
mDiffFit,ID0000056,11746.000.000,192.168.1.163,1611631263,1611631373,1611631381,1611631381,1611631381,1611631382,1611631393,110,8,12
mDiffFit,ID0000051,11712.000.000,192.168.1.161,1611631084,1611631116,1611631125,1611631129,1611631129,1611631132,1611631145,32,13,16
mDiffFit,ID0000212,11487.000.000,192.168.1.161,1611628905,1611629022,1611629027,1611629028,1611629028,1611629028,1611629042,117,6,14
mDiffFit,ID0000446,11619.000.000,192.168.1.162,1611630478,1611630533,1611630541,1611630556,1611630556,1611630557,1611630570,55,23,14
mDiffFit,ID0000430,11480.000.000,192.168.1.163,1611628824,1611628985,1611629008,1611629010,1611629010,1611629011,1611629016,161,25,6
mDiffFit,ID0000017,11450.000.000,192.168.1.162,1611628278,1611628377,1611628387,1611628389,1611628389,1611628389,1611628394,99,12,5
register_local,25_1,11783.000.000,192.168.1.4,1611631505,1611631508,1611631510,1611631511,1611631511,1611631511,1611631517,3,3,6
mDiffFit,ID0000097,11536.000.000,192.168.1.162,1611629282,1611629424,1611629426,1611629429,1611629429,1611629429,1611629434,142,5,5
mBackground,ID0000297,11651.000.000,192.168.1.161,1611630726,1611630763,1611630785,1611630794,1611630794,1611630796,1611630800,37,31,6
mDiffFit,ID0000427,11395.000.000,192.168.1.161,1611627466,1611627475,1611627480,1611627482,1611627482,1611627483,1611627494,9,7,12
mProject,ID0000329,11319.000.000,192.168.1.161,1611624342,1611625932,1611627475,1611627477,1611627477,1611627477,1611627482,1590,1545,5
mDiffFit,ID0000062,11365.000.000,192.168.1.162,1611626091,1611626111,1611626117,1611626117,1611626117,1611626117,1611626122,20,6,5
mDiffFit,ID0000233,11634.000.000,192.168.1.162,1611630549,1611630623,1611630628,1611630637,1611630637,1611630638,1611630643,74,14,6
mDiffFit,ID0000048,11575.000.000,192.168.1.163,1611630221,1611630241,1611630251,1611630253,1611630253,1611630254,1611630259,20,12,6
mProject,ID0000164,11321.000.000,192.168.1.161,1611624343,1611626085,1611627171,1611627172,1611627172,1611627172,1611627177,1742,1087,5
mProject,ID0000005,11346.000.000,192.168.1.162,1611624375,1611629531,1611631317,1611631321,1611631321,1611631323,1611631328,5156,1790,7
mBackground,ID0000467,11733.000.000,192.168.1.161,1611631203,1611631225,1611631282,1611631293,1611631293,1611631294,1611631300,22,68,7
mDiffFit,ID0000413,11405.000.000,192.168.1.161,1611627513,1611627538,1611627540,1611627540,1611627540,1611627541,1611627546,25,2,6
mDiffFit,ID0000228,11632.000.000,192.168.1.161,1611630539,1611630603,1611630628,1611630629,1611630629,1611630632,1611630637,64,26,8
mDiffFit,ID0000132,11422.000.000,192.168.1.162,1611627668,1611627723,1611627727,1611627727,1611627727,1611627730,1611627733,55,4,6
mProject,ID0000315,11329.000.000,192.168.1.161,1611624356,1611627536,1611629089,1611629095,1611629095,1611629096,1611629101,3180,1559,6
mDiffFit,ID0000257,11389.000.000,192.168.1.161,1611627184,1611627222,1611627224,1611627226,1611627226,1611627227,1611627232,38,4,6
mDiffFit,ID0000261,11502.000.000,192.168.1.162,1611628964,1611629113,1611629128,1611629131,1611629131,1611629133,1611629144,149,18,13
stage_in_local_local,0_0,11283.000.000,192.168.1.4,1611624169,1611624173,1611624294,1611624296,1611624296,1611624296,1611624301,4,123,5
mBackground,ID0000147,11797.000.000,192.168.1.162,1611631586,1611631601,1611631638,1611631645,1611631645,1611631646,1611631655,15,44,10
mDiffFit,ID0000041,11557.000.000,192.168.1.162,1611629735,1611629817,1611629818,1611629819,1611629819,1611629819,1611629824,82,2,5
mDiffFit,ID0000245,11459.000.000,192.168.1.163,1611628787,1611628831,1611628833,1611628836,1611628836,1611628836,1611628841,44,5,5
clean_up_local_level,5_7,11812.000.000,192.168.1.4,1611631702,1611631702,1611631713,1611631714,1611631714,1611631714,1611631722,0,12,8
register_local,29_1,11806.000.000,192.168.1.4,1611631629,1611631639,1611631649,1611631655,1611631655,1611631656,1611631666,10,16,11
mBackground,ID0000454,11738.000.000,192.168.1.161,1611631230,1611631262,1611631328,1611631342,1611631342,1611631343,1611631355,32,80,13
mViewer,ID0000314,11755.000.000,192.168.1.162,1611631349,1611631361,1611631391,1611631393,1611631393,1611631396,1611631405,12,32,12
mDiffFit,ID0000394,11413.000.000,192.168.1.163,1611627623,1611627679,1611627683,1611627683,1611627683,1611627683,1611627688,56,4,5
mBackground,ID0000146,11798.000.000,192.168.1.162,1611631592,1611631631,1611631686,1611631691,1611631691,1611631692,1611631702,39,60,11
mDiffFit,ID0000364,11680.000.000,192.168.1.162,1611630881,1611630938,1611630968,1611630978,1611630978,1611630981,1611630984,57,40,6
stage_in_remote_local,0_5,11286.000.000,192.168.1.4,1611624174,1611624177,1611624181,1611624185,1611624185,1611624186,1611624193,3,8,8
mDiffFit,ID0000399,11566.000.000,192.168.1.163,1611629796,1611629879,1611629891,1611629892,1611629892,1611629892,1611629897,83,13,5
register_local,0_2,11785.000.000,192.168.1.4,1611631517,1611631522,1611631526,1611631528,1611631528,1611631529,1611631534,5,6,6
mBackground,ID0000141,11801.000.000,192.168.1.162,1611631598,1611631631,1611631685,1611631691,1611631691,1611631692,1611631702,33,60,11
clean_up_local_level,8_7,11687.000.000,192.168.1.4,1611630917,1611630925,1611630937,1611630951,1611630951,1611630951,1611630963,8,26,12
mDiffFit,ID0000372,11673.000.000,192.168.1.161,1611630769,1611630913,1611630919,1611630925,1611630925,1611630926,1611630938,144,12,13
clean_up_local_level,3_3,11612.000.000,192.168.1.4,1611630442,1611630446,1611630461,1611630467,1611630467,1611630468,1611630480,4,21,13
register_local,13_1,11645.000.000,192.168.1.4,1611630621,1611630627,1611630634,1611630637,1611630637,1611630639,1611630643,6,10,6
mDiffFit,ID0000357,11353.000.000,192.168.1.161,1611625842,1611625877,1611625881,1611625888,1611625888,1611625891,1611625902,35,11,14
mDiffFit,ID0000260,11503.000.000,192.168.1.161,1611628971,1611629115,1611629134,1611629144,1611629144,1611629146,1611629153,144,29,9
mProject,ID0000013,11305.000.000,192.168.1.163,1611624295,1611624311,1611625969,1611625970,1611625970,1611625970,1611625975,16,1659,5
mDiffFit,ID0000363,11677.000.000,192.168.1.162,1611630792,1611630927,1611630965,1611630978,1611630978,1611630980,1611630984,135,51,6
mDiffFit,ID0000109,11700.000.000,192.168.1.161,1611631032,1611631047,1611631076,1611631077,1611631077,1611631079,1611631089,15,30,12
mDiffFit,ID0000276,11613.000.000,192.168.1.163,1611630448,1611630517,1611630556,1611630570,1611630570,1611630571,1611630582,69,53,12
mDiffFit,ID0000038,11705.000.000,192.168.1.161,1611631051,1611631076,1611631079,1611631089,1611631089,1611631089,1611631100,25,13,11
mDiffFit,ID0000023,11385.000.000,192.168.1.161,1611627140,1611627200,1611627202,1611627203,1611627203,1611627203,1611627208,60,3,5
mDiffFit,ID0000024,11701.000.000,192.168.1.163,1611631036,1611631058,1611631062,1611631065,1611631065,1611631066,1611631077,22,7,12
mProject,ID0000326,11299.000.000,192.168.1.161,1611624288,1611624290,1611625842,1611625842,1611625842,1611625843,1611625847,2,1552,5
mDiffFit,ID0000258,11507.000.000,192.168.1.163,1611628984,1611629131,1611629134,1611629144,1611629144,1611629146,1611629153,147,13,9
mDiffFit,ID0000442,11354.000.000,192.168.1.163,1611625854,1611625891,1611625896,1611625902,1611625902,1611625902,1611625907,37,11,5
mDiffFit,ID0000102,11381.000.000,192.168.1.163,1611627127,1611627189,1611627192,1611627198,1611627198,1611627198,1611627203,62,9,5
mDiffFit,ID0000340,11524.000.000,192.168.1.163,1611629138,1611629234,1611629236,1611629239,1611629239,1611629240,1611629244,96,5,5
mDiffFit,ID0000034,11768.000.000,192.168.1.161,1611631415,1611631436,1611631448,1611631457,1611631457,1611631459,1611631467,21,21,10
mDiffFit,ID0000251,11606.000.000,192.168.1.162,1611630403,1611630467,1611630494,1611630505,1611630505,1611630506,1611630517,64,38,12
mDiffFit,ID0000374,11569.000.000,192.168.1.163,1611629801,1611629900,1611629902,1611629902,1611629902,1611629902,1611629907,99,2,5
mDiffFit,ID0000368,11675.000.000,192.168.1.163,1611630779,1611630932,1611630941,1611630951,1611630951,1611630952,1611630963,153,19,12
register_local,21_1,11809.000.000,192.168.1.4,1611631664,1611631670,1611631681,1611631683,1611631683,1611631685,1611631691,6,13,8
mDiffFit,ID0000063,11715.000.000,192.168.1.161,1611631099,1611631130,1611631141,1611631145,1611631145,1611631146,1611631159,31,15,14
mDiffFit,ID0000386,11417.000.000,192.168.1.162,1611627629,1611627697,1611627699,1611627701,1611627701,1611627701,1611627706,68,4,5
mDiffFit,ID0000246,11372.000.000,192.168.1.162,1611626530,1611626556,1611626558,1611626560,1611626560,1611626562,1611626567,26,4,7
mViewer,ID0000472,11832.000.000,192.168.1.161,1611631828,1611631860,1611631907,1611631910,1611631910,1611631910,1611631915,32,50,5
mProject,ID0000014,11344.000.000,192.168.1.163,1611624375,1611629248,1611631038,1611631039,1611631039,1611631042,1611631051,4873,1791,12
mDiffFit,ID0000089,11723.000.000,192.168.1.162,1611631152,1611631172,1611631176,1611631184,1611631184,1611631186,1611631196,20,12,12
mDiffFit,ID0000103,11437.000.000,192.168.1.162,1611627838,1611627897,1611627903,1611627904,1611627904,1611627904,1611627909,59,7,5
register_local,0_1,11842.000.000,192.168.1.4,1611631926,1611631927,1611631928,1611631931,1611631931,1611631931,1611631936,1,4,5
mDiffFit,ID0000054,11580.000.000,192.168.1.163,1611630230,1611630264,1611630266,1611630270,1611630270,1611630272,1611630277,34,6,7
register_local,24_1,11810.000.000,192.168.1.4,1611631690,1611631692,1611631701,1611631702,1611631702,1611631703,1611631708,2,10,6
mDiffFit,ID0000058,11577.000.000,192.168.1.162,1611630221,1611630248,1611630250,1611630253,1611630253,1611630254,1611630259,27,5,6
mBackground,ID0000461,11730.000.000,192.168.1.163,1611631192,1611631216,1611631318,1611631321,1611631321,1611631324,1611631328,24,105,7
mDiffFit,ID0000366,11670.000.000,192.168.1.162,1611630756,1611630893,1611630900,1611630910,1611630910,1611630911,1611630925,137,17,15
clean_up_local_level,0_11,11843.000.000,192.168.1.4,1611631936,1611631936,1611631944,1611631947,1611631947,1611631947,1611631952,0,11,5
mDiffFit,ID0000423,11476.000.000,192.168.1.162,1611628819,1611628953,1611628964,1611628977,1611628977,1611628977,1611628985,134,24,8
mDiffFit,ID0000071,11766.000.000,192.168.1.161,1611631403,1611631416,1611631444,1611631457,1611631457,1611631458,1611631467,13,41,10
register_local,3_0,11850.000.000,192.168.1.4,1611631993,1611631993,1611631995,1611631998,1611631998,1611631998,1611632003,0,5,5
mDiffFit,ID0000333,11521.000.000,192.168.1.163,1611629123,1611629206,1611629208,1611629211,1611629211,1611629213,1611629217,83,5,6
mDiffFit,ID0000215,11486.000.000,192.168.1.163,1611628903,1611629027,1611629029,1611629042,1611629042,1611629043,1611629055,124,15,13
mDiffFit,ID0000028,11386.000.000,192.168.1.161,1611627140,1611627212,1611627214,1611627219,1611627219,1611627221,1611627226,72,7,7
mDiffFit,ID0000218,11393.000.000,192.168.1.161,1611627198,1611627249,1611627257,1611627260,1611627260,1611627260,1611627265,51,11,5
mDiffFit,ID0000338,11519.000.000,192.168.1.161,1611629110,1611629201,1611629207,1611629211,1611629211,1611629212,1611629217,91,10,6
mProject,ID0000319,11320.000.000,192.168.1.163,1611624343,1611626029,1611627609,1611627612,1611627612,1611627613,1611627618,1686,1583,6
mBackground,ID0000144,11790.000.000,192.168.1.161,1611631555,1611631581,1611631632,1611631635,1611631635,1611631640,1611631645,26,54,10
register_local,0_5,11824.000.000,192.168.1.4,1611631756,1611631760,1611631767,1611631772,1611631772,1611631773,1611631780,4,12,8
mBackground,ID0000145,11789.000.000,192.168.1.163,1611631545,1611631556,1611631571,1611631574,1611631574,1611631576,1611631587,11,18,13
mBackground,ID0000148,11796.000.000,192.168.1.163,1611631585,1611631607,1611631679,1611631683,1611631683,1611631684,1611631691,22,76,8
mDiffFit,ID0000186,11378.000.000,192.168.1.163,1611627005,1611627165,1611627173,1611627177,1611627177,1611627177,1611627189,160,12,12
mDiffFit,ID0000072,11771.000.000,192.168.1.162,1611631429,1611631446,1611631449,1611631457,1611631457,1611631460,1611631467,17,11,10
mDiffFit,ID0000182,11605.000.000,192.168.1.162,1611630400,1611630467,1611630470,1611630480,1611630480,1611630480,1611630493,67,13,13
mDiffFit,ID0000290,11458.000.000,192.168.1.163,1611628787,1611628817,1611628819,1611628819,1611628819,1611628820,1611628826,30,2,7
register_local,2_1,11775.000.000,192.168.1.4,1611631450,1611631458,1611631468,1611631473,1611631473,1611631474,1611631481,8,15,8
mDiffFit,ID0000230,11641.000.000,192.168.1.162,1611630588,1611630646,1611630653,1611630655,1611630655,1611630657,1611630661,58,9,6
mDiffFit,ID0000129,11550.000.000,192.168.1.162,1611629728,1611629755,1611629762,1611629765,1611629765,1611629766,1611629771,27,10,6
mProject,ID0000004,11307.000.000,192.168.1.162,1611624296,1611624313,1611626079,1611626081,1611626081,1611626082,1611626086,17,1768,5
clean_up_local_level,8_3,11754.000.000,192.168.1.4,1611631340,1611631346,1611631358,1611631369,1611631369,1611631370,1611631381,6,23,12
mDiffFit,ID0000344,11522.000.000,192.168.1.161,1611629125,1611629207,1611629210,1611629211,1611629211,1611629213,1611629217,82,4,6
mDiffFit,ID0000370,11665.000.000,192.168.1.163,1611630745,1611630866,1611630877,1611630886,1611630886,1611630889,1611630898,121,20,12
stage_in_local_local,4_0,11298.000.000,192.168.1.4,1611624192,1611624193,1611624342,1611624343,1611624343,1611624344,1611624350,1,150,7
mDiffFit,ID0000099,11532.000.000,192.168.1.162,1611629276,1611629376,1611629378,1611629382,1611629382,1611629382,1611629387,100,6,5
mDiffFit,ID0000175,11491.000.000,192.168.1.163,1611628913,1611629052,1611629057,1611629065,1611629065,1611629067,1611629072,139,13,7
mBackground,ID0000302,11654.000.000,192.168.1.163,1611630731,1611630770,1611630823,1611630828,1611630828,1611630830,1611630835,39,58,7
mImgtbl,ID0000155,11816.000.000,192.168.1.161,1611631713,1611631734,1611631737,1611631738,1611631738,1611631739,1611631743,21,4,5
mDiffFit,ID0000416,11686.000.000,192.168.1.163,1611630909,1611631008,1611631022,1611631023,1611631023,1611631026,1611631039,99,15,16
mDiffFit,ID0000078,11776.000.000,192.168.1.163,1611631453,1611631483,1611631484,1611631488,1611631488,1611631488,1611631493,30,5,5
mDiffFit,ID0000136,11510.000.000,192.168.1.163,1611629027,1611629164,1611629178,1611629182,1611629182,1611629182,1611629187,137,18,5
mDiffFit,ID0000371,11668.000.000,192.168.1.162,1611630752,1611630881,1611630893,1611630898,1611630898,1611630900,1611630910,129,17,12
register_local,0_7,11844.000.000,192.168.1.4,1611631936,1611631941,1611631942,1611631947,1611631947,1611631947,1611631952,5,6,5
register_local,31_1,11828.000.000,192.168.1.4,1611631821,1611631822,1611631824,1611631829,1611631829,1611631829,1611631835,1,7,6
mDiffFit,ID0000265,11499.000.000,192.168.1.162,1611628961,1611629094,1611629097,1611629101,1611629101,1611629102,1611629116,133,7,15
stage_in_remote_local,1_1,11289.000.000,192.168.1.4,1611624174,1611624176,1611624179,1611624180,1611624180,1611624181,1611624185,2,4,5
mDiffFit,ID0000206,11484.000.000,192.168.1.163,1611628900,1611629009,1611629032,1611629042,1611629042,1611629043,1611629055,109,33,13
mDiffFit,ID0000205,11485.000.000,192.168.1.162,1611628902,1611629015,1611629024,1611629028,1611629028,1611629028,1611629042,113,13,14
mDiffFit,ID0000336,11527.000.000,192.168.1.162,1611629152,1611629226,1611629230,1611629233,1611629233,1611629234,1611629239,74,7,6
mBackground,ID0000140,11803.000.000,192.168.1.161,1611631611,1611631664,1611631700,1611631702,1611631702,1611631703,1611631708,53,38,6
clean_up_local_level,2_7,11758.000.000,192.168.1.4,1611631363,1611631366,1611631380,1611631381,1611631381,1611631382,1611631393,3,15,12
mDiffFit,ID0000392,11620.000.000,192.168.1.161,1611630486,1611630539,1611630542,1611630556,1611630556,1611630558,1611630570,53,17,14
mDiffFit,ID0000408,11483.000.000,192.168.1.161,1611628825,1611629001,1611629012,1611629016,1611629016,1611629017,1611629028,176,15,12
clean_up_local_level,6_3,11600.000.000,192.168.1.4,1611630360,1611630365,1611630379,1611630382,1611630382,1611630385,1611630394,5,17,12
register_local,22_1,11778.000.000,192.168.1.4,1611631480,1611631482,1611631485,1611631488,1611631488,1611631489,1611631493,2,6,5
mDiffFit,ID0000120,11418.000.000,192.168.1.162,1611627667,1611627697,1611627707,1611627711,1611627711,1611627712,1611627717,30,14,6
register_local,1_1,11751.000.000,192.168.1.4,1611631299,1611631303,1611631310,1611631312,1611631312,1611631313,1611631321,4,9,9
mDiffFit,ID0000383,11402.000.000,192.168.1.161,1611627493,1611627516,1611627518,1611627519,1611627519,1611627519,1611627524,23,3,5
mDiffFit,ID0000287,11427.000.000,192.168.1.161,1611627740,1611627767,1611627773,1611627778,1611627778,1611627779,1611627784,27,11,6
mDiffFit,ID0000202,11441.000.000,192.168.1.162,1611628161,1611628301,1611628302,1611628307,1611628307,1611628307,1611628312,140,6,5
mDiffFit,ID0000380,11360.000.000,192.168.1.161,1611625887,1611625915,1611625917,1611625919,1611625919,1611625922,1611625925,28,4,6
clean_up_local_level,1_3,11549.000.000,192.168.1.4,1611629728,1611629728,1611629738,1611629740,1611629740,1611629740,1611629745,0,12,5
mProject,ID0000010,11312.000.000,192.168.1.163,1611624307,1611625390,1611627111,1611627116,1611627116,1611627116,1611627121,1083,1726,5
register_local,4_4,11821.000.000,192.168.1.4,1611631743,1611631744,1611631746,1611631749,1611631749,1611631749,1611631760,1,5,11
clean_up_local_level,7_7,11813.000.000,192.168.1.4,1611631707,1611631712,1611631724,1611631732,1611631732,1611631733,1611631738,5,20,6
mDiffFit,ID0000352,11398.000.000,192.168.1.161,1611627467,1611627495,1611627497,1611627506,1611627506,1611627506,1611627514,28,11,8
mConcatFit,ID0000137,11782.000.000,192.168.1.163,1611631499,1611631501,1611631504,1611631506,1611631506,1611631506,1611631511,2,5,5
mDiffFit,ID0000403,11563.000.000,192.168.1.162,1611629790,1611629855,1611629858,1611629858,1611629858,1611629859,1611629864,65,3,6
mDiffFit,ID0000070,11516.000.000,192.168.1.162,1611629053,1611629185,1611629189,1611629194,1611629194,1611629195,1611629200,132,9,6
mProject,ID0000168,11314.000.000,192.168.1.161,1611624315,1611625415,1611626497,1611626498,1611626498,1611626498,1611626503,1100,1083,5
register_local,0_0,11576.000.000,192.168.1.4,1611630221,1611630227,1611630231,1611630231,1611630231,1611630231,1611630237,6,4,6
mDiffFit,ID0000196,11608.000.000,192.168.1.161,1611630416,1611630484,1611630489,1611630493,1611630493,1611630495,1611630505,68,9,12
mDiffFit,ID0000362,11674.000.000,192.168.1.163,1611630777,1611630924,1611630963,1611630978,1611630978,1611630979,1611630984,147,54,6
clean_up_local_level,3_7,11814.000.000,192.168.1.4,1611631708,1611631712,1611631724,1611631732,1611631732,1611631733,1611631738,4,20,6
mDiffFit,ID0000238,11631.000.000,192.168.1.163,1611630537,1611630608,1611630614,1611630614,1611630614,1611630616,1611630623,71,6,9
mDiffFit,ID0000286,11592.000.000,192.168.1.162,1611630341,1611630399,1611630409,1611630423,1611630423,1611630426,1611630436,58,24,13
register_local,26_1,11833.000.000,192.168.1.4,1611631835,1611631842,1611631851,1611631856,1611631856,1611631857,1611631862,7,14,6
mDiffFit,ID0000026,11435.000.000,192.168.1.162,1611627838,1611627877,1611627878,1611627883,1611627883,1611627883,1611627888,39,6,5
mDiffFit,ID0000217,11373.000.000,192.168.1.162,1611626530,1611626564,1611626566,1611626567,1611626567,1611626569,1611626573,34,3,6
mProject,ID0000317,11339.000.000,192.168.1.161,1611624369,1611629220,1611630720,1611630726,1611630726,1611630727,1611630732,4851,1506,6
mDiffFit,ID0000042,11455.000.000,192.168.1.162,1611628286,1611628430,1611628431,1611628436,1611628436,1611628436,1611628441,144,6,5
stage_in_remote_local,0_0,11282.000.000,192.168.1.4,1611624168,1611624173,1611624176,1611624180,1611624180,1611624180,1611624185,5,7,5
mDiffFit,ID0000355,11355.000.000,192.168.1.162,1611625856,1611625890,1611625902,1611625907,1611625907,1611625908,1611625913,34,17,6
mDiffFit,ID0000280,11457.000.000,192.168.1.163,1611628786,1611628807,1611628809,1611628812,1611628812,1611628813,1611628819,21,5,7
mDiffFit,ID0000273,11604.000.000,192.168.1.161,1611630391,1611630444,1611630462,1611630467,1611630467,1611630468,1611630480,53,23,13
mProject,ID0000172,11341.000.000,192.168.1.161,1611624369,1611629231,1611630323,1611630323,1611630323,1611630324,1611630328,4862,1092,5
register_local,0_6,11835.000.000,192.168.1.4,1611631872,1611631872,1611631874,1611631877,1611631877,1611631877,1611631883,0,5,6
mDiffFit,ID0000343,11523.000.000,192.168.1.162,1611629129,1611629207,1611629209,1611629211,1611629211,1611629213,1611629217,78,4,6
mDiffFit,ID0000118,11382.000.000,192.168.1.163,1611627127,1611627190,1611627204,1611627208,1611627208,1611627209,1611627214,63,18,6
mProject,ID0000330,11333.000.000,192.168.1.162,1611624362,1611627736,1611629312,1611629317,1611629317,1611629317,1611629322,3374,1581,5
stage_in_remote_local,0_1,11281.000.000,192.168.1.4,1611624168,1611624173,1611624176,1611624180,1611624180,1611624180,1611624185,5,7,5
mProject,ID0000327,11338.000.000,192.168.1.163,1611624369,1611628776,1611630394,1611630407,1611630407,1611630408,1611630423,4407,1631,16
mDiffFit,ID0000043,11725.000.000,192.168.1.161,1611631157,1611631184,1611631192,1611631196,1611631196,1611631197,1611631209,27,12,13
mDiffFit,ID0000032,11579.000.000,192.168.1.162,1611630229,1611630261,1611630275,1611630277,1611630277,1611630277,1611630282,32,16,5
mDiffFit,ID0000448,11401.000.000,192.168.1.161,1611627490,1611627516,1611627525,1611627530,1611627530,1611627530,1611627535,26,14,5
mDiffFit,ID0000293,11587.000.000,192.168.1.161,1611630333,1611630369,1611630378,1611630382,1611630382,1611630384,1611630394,36,13,12
mDiffFit,ID0000388,11411.000.000,192.168.1.162,1611627623,1611627657,1611627669,1611627677,1611627677,1611627678,1611627683,34,20,6
mDiffFit,ID0000195,11448.000.000,192.168.1.162,1611628168,1611628363,1611628364,1611628368,1611628368,1611628369,1611628374,195,5,6
mDiffFit,ID0000130,11555.000.000,192.168.1.162,1611629734,1611629802,1611629808,1611629809,1611629809,1611629810,1611629814,68,7,5
mDiffFit,ID0000350,11358.000.000,192.168.1.162,1611625869,1611625901,1611625917,1611625919,1611625919,1611625921,1611625925,32,18,6
mDiffFit,ID0000398,11567.000.000,192.168.1.162,1611629798,1611629877,1611629884,1611629886,1611629886,1611629887,1611629892,79,9,6
mDiffFit,ID0000407,11399.000.000,192.168.1.161,1611627467,1611627506,1611627507,1611627514,1611627514,1611627515,1611627519,39,8,5
mDiffFit,ID0000121,11512.000.000,192.168.1.163,1611629037,1611629166,1611629170,1611629176,1611629176,1611629177,1611629182,129,10,6
mDiffFit,ID0000335,11564.000.000,192.168.1.163,1611629790,1611629859,1611629868,1611629870,1611629870,1611629870,1611629875,69,11,5
mDiffFit,ID0000227,11350.000.000,192.168.1.162,1611625418,1611625859,1611625861,1611625871,1611625871,1611625873,1611625877,441,12,6
mDiffFit,ID0000224,11465.000.000,192.168.1.163,1611628793,1611628872,1611628873,1611628878,1611628878,1611628879,1611628883,79,6,5
mDiffFit,ID0000066,11560.000.000,192.168.1.162,1611629740,1611629837,1611629839,1611629840,1611629840,1611629842,1611629847,97,3,7
mBackground,ID0000300,11657.000.000,192.168.1.162,1611630731,1611630767,1611630798,1611630800,1611630800,1611630801,1611630806,36,33,6
mBackground,ID0000149,11795.000.000,192.168.1.163,1611631583,1611631613,1611631680,1611631683,1611631683,1611631685,1611631691,30,70,8
mDiffFit,ID0000332,11672.000.000,192.168.1.161,1611630768,1611630913,1611630919,1611630925,1611630925,1611630925,1611630938,145,12,13
mDiffFit,ID0000204,11640.000.000,192.168.1.161,1611630581,1611630645,1611630648,1611630649,1611630649,1611630651,1611630655,64,4,6
mDiffFit,ID0000222,11368.000.000,192.168.1.162,1611626509,1611626536,1611626539,1611626543,1611626543,1611626544,1611626549,27,7,6
mDiffFit,ID0000282,11589.000.000,192.168.1.163,1611630334,1611630381,1611630409,1611630423,1611630423,1611630426,1611630436,47,42,13
mBackground,ID0000299,11648.000.000,192.168.1.162,1611630724,1611630728,1611630738,1611630739,1611630739,1611630739,1611630745,4,11,6
mDiffFit,ID0000241,11374.000.000,192.168.1.161,1611626531,1611626570,1611626576,1611626578,1611626578,1611626578,1611626583,39,8,5
clean_up_local_level,0_6,11788.000.000,192.168.1.4,1611631541,1611631544,1611631562,1611631574,1611631574,1611631576,1611631587,3,30,13
mProject,ID0000167,11343.000.000,192.168.1.163,1611624375,1611629238,1611630345,1611630349,1611630349,1611630349,1611630354,4863,1111,5
mDiffFit,ID0000346,11676.000.000,192.168.1.163,1611630790,1611630943,1611630991,1611631001,1611631001,1611631002,1611631007,153,58,6
mBackground,ID0000309,11662.000.000,192.168.1.162,1611630739,1611630819,1611630864,1611630872,1611630872,1611630875,1611630886,80,53,14
register_local,2_4,11819.000.000,192.168.1.4,1611631729,1611631732,1611631736,1611631738,1611631738,1611631738,1611631743,3,6,5
clean_up_local_level,9_7,11817.000.000,192.168.1.4,1611631720,1611631728,1611631744,1611631749,1611631749,1611631749,1611631760,8,21,11
stage_in_remote_local,2_4,11294.000.000,192.168.1.4,1611624185,1611624188,1611624191,1611624193,1611624193,1611624193,1611624198,3,5,5
mDiffFit,ID0000040,11453.000.000,192.168.1.162,1611628279,1611628416,1611628417,1611628420,1611628420,1611628420,1611628425,137,4,5
mDiffFit,ID0000291,11597.000.000,192.168.1.162,1611630349,1611630436,1611630452,1611630467,1611630467,1611630468,1611630480,87,31,13
mDiffFit,ID0000415,11683.000.000,192.168.1.163,1611630896,1611630984,1611630991,1611631001,1611631001,1611631002,1611631007,88,17,6
stage_out_local_local,0_7,11841.000.000,192.168.1.4,1611631921,1611631921,1611631925,1611631926,1611631926,1611631926,1611631931,0,5,5
mProject,ID0000169,11324.000.000,192.168.1.161,1611624349,1611626577,1611627726,1611627727,1611627727,1611627729,1611627733,2228,1150,6
mDiffFit,ID0000075,11762.000.000,192.168.1.163,1611631387,1611631418,1611631455,1611631457,1611631457,1611631460,1611631467,31,39,10
mDiffFit,ID0000095,11533.000.000,192.168.1.162,1611629281,1611629383,1611629393,1611629397,1611629397,1611629398,1611629403,102,14,6
mBackground,ID0000310,11649.000.000,192.168.1.162,1611630726,1611630741,1611630750,1611630758,1611630758,1611630759,1611630770,15,17,12
mDiffFit,ID0000077,11772.000.000,192.168.1.161,1611631439,1611631462,1611631469,1611631473,1611631473,1611631474,1611631481,23,11,8
mDiffFit,ID0000084,11703.000.000,192.168.1.161,1611631048,1611631073,1611631081,1611631089,1611631089,1611631091,1611631100,25,16,11
mDiffFit,ID0000231,11644.000.000,192.168.1.161,1611630604,1611630664,1611630674,1611630677,1611630677,1611630677,1611630682,60,13,5
mDiffFit,ID0000106,11748.000.000,192.168.1.163,1611631275,1611631373,1611631381,1611631381,1611631381,1611631383,1611631393,98,8,12
mDiffFit,ID0000435,11540.000.000,192.168.1.162,1611629328,1611629458,1611629459,1611629462,1611629462,1611629463,1611629468,130,4,6
mDiffFit,ID0000410,11357.000.000,192.168.1.161,1611625867,1611625901,1611625916,1611625919,1611625919,1611625920,1611625925,34,18,6
mProject,ID0000321,11306.000.000,192.168.1.163,1611624296,1611624311,1611625837,1611625842,1611625842,1611625843,1611625847,15,1531,5
mDiffFit,ID0000181,11380.000.000,192.168.1.161,1611627011,1611627178,1611627181,1611627189,1611627189,1611627190,1611627198,167,11,9
cleanup_montage,local_0,11846.000.000,192.168.1.4,1611631957,1611631957,1611631959,1611631962,1611631962,1611631963,1611631967,0,5,5
clean_up_local_level,4_3,11698.000.000,192.168.1.4,1611631014,1611631017,1611631032,1611631039,1611631039,1611631041,1611631051,3,22,12
mProject,ID0000324,11327.000.000,192.168.1.163,1611624350,1611627260,1611628804,1611628807,1611628807,1611628807,1611628812,2910,1547,5
mDiffFit,ID0000247,11588.000.000,192.168.1.163,1611630333,1611630380,1611630385,1611630394,1611630394,1611630395,1611630407,47,14,13
mBackground,ID0000301,11655.000.000,192.168.1.162,1611630731,1611630767,1611630802,1611630806,1611630806,1611630807,1611630812,36,39,6
mDiffFit,ID0000441,11626.000.000,192.168.1.163,1611630515,1611630595,1611630601,1611630608,1611630608,1611630610,1611630614,80,13,6
mDiffFit,ID0000105,11363.000.000,192.168.1.161,1611626076,1611626083,1611626084,1611626086,1611626086,1611626086,1611626091,7,3,5
mDiffFit,ID0000018,11573.000.000,192.168.1.163,1611630220,1611630231,1611630232,1611630237,1611630237,1611630237,1611630242,11,6,5
mDiffFit,ID0000439,11468.000.000,192.168.1.163,1611628799,1611628897,1611628913,1611628914,1611628914,1611628915,1611628923,98,17,9
stage_in_remote_local,0_7,11284.000.000,192.168.1.4,1611624169,1611624173,1611624175,1611624180,1611624180,1611624180,1611624185,4,7,5
mDiffFit,ID0000122,11553.000.000,192.168.1.162,1611629729,1611629785,1611629794,1611629802,1611629802,1611629803,1611629809,56,17,7
mDiffFit,ID0000101,11713.000.000,192.168.1.163,1611631088,1611631119,1611631126,1611631129,1611631129,1611631133,1611631145,31,10,16
mImgtbl,ID0000469,11760.000.000,192.168.1.163,1611631375,1611631479,1611631483,1611631488,1611631488,1611631488,1611631493,104,9,5
mDiffFit,ID0000339,11518.000.000,192.168.1.163,1611629108,1611629201,1611629206,1611629211,1611629211,1611629212,1611629217,93,10,6
mDiffFit,ID0000191,11638.000.000,192.168.1.162,1611630568,1611630631,1611630652,1611630655,1611630655,1611630657,1611630661,63,24,6
mDiffFit,ID0000216,11643.000.000,192.168.1.162,1611630602,1611630662,1611630665,1611630667,1611630667,1611630667,1611630672,60,5,5
mDiffFit,ID0000267,11369.000.000,192.168.1.161,1611626509,1611626545,1611626547,1611626549,1611626549,1611626549,1611626554,36,4,5
mDiffFit,ID0000100,11530.000.000,192.168.1.162,1611629275,1611629362,1611629363,1611629366,1611629366,1611629367,1611629372,87,4,6
mDiffFit,ID0000378,11478.000.000,192.168.1.161,1611628819,1611628975,1611628978,1611628985,1611628985,1611628986,1611628991,156,10,6
mDiffFit,ID0000090,11420.000.000,192.168.1.162,1611627668,1611627719,1611627725,1611627727,1611627727,1611627728,1611627733,51,8,6
mDiffFit,ID0000197,11443.000.000,192.168.1.162,1611628162,1611628315,1611628316,1611628317,1611628317,1611628317,1611628322,153,2,5
mDiffFit,ID0000194,11504.000.000,192.168.1.161,1611628973,1611629121,1611629130,1611629131,1611629131,1611629133,1611629144,148,10,13
mDiffFit,ID0000201,11593.000.000,192.168.1.162,1611630341,1611630399,1611630408,1611630423,1611630423,1611630425,1611630436,58,24,13
mDiffFit,ID0000125,11434.000.000,192.168.1.162,1611627838,1611627862,1611627871,1611627873,1611627873,1611627873,1611627878,24,11,5
clean_up_local_level,6_7,11811.000.000,192.168.1.4,1611631698,1611631701,1611631712,1611631714,1611631714,1611631714,1611631722,3,13,8
clean_up_local_level,1_7,11820.000.000,192.168.1.4,1611631738,1611631739,1611631752,1611631760,1611631760,1611631761,1611631767,1,21,7
mDiffFit,ID0000081,11769.000.000,192.168.1.161,1611631417,1611631437,1611631440,1611631444,1611631444,1611631444,1611631457,20,7,13
register_local,2_0,11517.000.000,192.168.1.4,1611629064,1611629067,1611629076,1611629078,1611629078,1611629078,1611629083,3,11,5
mDiffFit,ID0000434,11475.000.000,192.168.1.161,1611628818,1611628942,1611628953,1611628954,1611628954,1611628954,1611628964,124,12,10
mDiffFit,ID0000351,11696.000.000,192.168.1.163,1611630971,1611631034,1611631039,1611631051,1611631051,1611631051,1611631065,63,17,14
mProject,ID0000171,11302.000.000,192.168.1.161,1611624289,1611624310,1611625405,1611625408,1611625408,1611625408,1611625413,21,1098,5
mDiffFit,ID0000424,11470.000.000,192.168.1.163,1611628799,1611628924,1611628928,1611628929,1611628929,1611628930,1611628935,125,5,6
mDiffFit,ID0000242,11603.000.000,192.168.1.162,1611630379,1611630441,1611630465,1611630467,1611630467,1611630468,1611630480,62,26,13
mDiffFit,ID0000104,11558.000.000,192.168.1.162,1611629735,1611629823,1611629830,1611629834,1611629834,1611629835,1611629840,88,11,6
mDiffFit,ID0000387,11685.000.000,192.168.1.161,1611630907,1611630983,1611630993,1611631001,1611631001,1611631003,1611631007,76,18,6
mDiffFit,ID0000443,11403.000.000,192.168.1.161,1611627502,1611627525,1611627533,1611627535,1611627535,1611627536,1611627540,23,10,5
mDiffFit,ID0000270,11349.000.000,192.168.1.163,1611625418,1611625859,1611625873,1611625877,1611625877,1611625877,1611625888,441,18,11
mDiffFit,ID0000234,11637.000.000,192.168.1.163,1611630565,1611630643,1611630649,1611630655,1611630655,1611630656,1611630661,78,12,6
mDiffFit,ID0000069,11424.000.000,192.168.1.162,1611627677,1611627733,1611627735,1611627740,1611627740,1611627741,1611627746,56,7,6
mBackground,ID0000304,11661.000.000,192.168.1.162,1611630739,1611630819,1611630866,1611630872,1611630872,1611630875,1611630886,80,53,14
register_local,30_1,11770.000.000,192.168.1.4,1611631426,1611631428,1611631438,1611631444,1611631444,1611631445,1611631457,2,16,13
mBackground,ID0000453,11727.000.000,192.168.1.161,1611631171,1611631192,1611631237,1611631238,1611631238,1611631239,1611631251,21,46,13
mDiffFit,ID0000334,11520.000.000,192.168.1.161,1611629114,1611629201,1611629222,1611629223,1611629223,1611629223,1611629228,87,22,5
mDiffFit,ID0000225,11351.000.000,192.168.1.161,1611625419,1611625874,1611625877,1611625888,1611625888,1611625890,1611625902,455,14,14
mDiffFit,ID0000266,11615.000.000,192.168.1.162,1611630460,1611630519,1611630543,1611630556,1611630556,1611630558,1611630570,59,37,14
mDiffFit,ID0000396,11572.000.000,192.168.1.162,1611629809,1611629916,1611629926,1611629929,1611629929,1611629929,1611629934,107,13,5
stage_out_local_local,0_6,11830.000.000,192.168.1.4,1611631828,1611631834,1611631853,1611631856,1611631856,1611631857,1611631862,6,22,6
mDiffFit,ID0000214,11595.000.000,192.168.1.163,1611630342,1611630408,1611630412,1611630423,1611630423,1611630427,1611630436,66,15,13
mDiffFit,ID0000220,11352.000.000,192.168.1.162,1611625419,1611625873,1611625877,1611625888,1611625888,1611625890,1611625902,454,15,14
register_local,18_1,11756.000.000,192.168.1.4,1611631352,1611631358,1611631366,1611631369,1611631369,1611631371,1611631381,6,11,12
mDiffFit,ID0000092,11535.000.000,192.168.1.162,1611629281,1611629410,1611629419,1611629423,1611629423,1611629424,1611629429,129,13,6
stage_in_remote_local,0_4,11287.000.000,192.168.1.4,1611624174,1611624177,1611624179,1611624180,1611624180,1611624181,1611624185,3,3,5
clean_up_local_level,4_7,11807.000.000,192.168.1.4,1611631652,1611631655,1611631668,1611631671,1611631671,1611631674,1611631677,3,16,6
DAGMAN,,11278.0,,1611624148,,,,,,1611632013,,,
mBackground,ID0000307,11658.000.000,192.168.1.161,1611630737,1611630796,1611630833,1611630835,1611630835,1611630837,1611630842,59,39,7
register_local,3_1,11633.000.000,192.168.1.4,1611630547,1611630551,1611630560,1611630570,1611630570,1611630572,1611630582,4,19,12
mDiffFit,ID0000019,11387.000.000,192.168.1.163,1611627140,1611627221,1611627224,1611627226,1611627226,1611627228,1611627232,81,5,6
mBgModel,ID0000452,11718.000.000,192.168.1.161,1611631123,1611631127,1611631144,1611631145,1611631145,1611631145,1611631159,4,18,14
stage_in_local_local,1_0,11291.000.000,192.168.1.4,1611624185,1611624185,1611624327,1611624332,1611624332,1611624332,1611624337,0,147,5
mDiffFit,ID0000029,11721.000.000,192.168.1.161,1611631143,1611631162,1611631175,1611631184,1611631184,1611631185,1611631196,19,22,12
mDiffFit,ID0000438,11469.000.000,192.168.1.162,1611628799,1611628906,1611628912,1611628914,1611628914,1611628915,1611628923,107,8,9
mDiffFit,ID0000126,11509.000.000,192.168.1.161,1611629025,1611629154,1611629174,1611629176,1611629176,1611629179,1611629182,129,22,6
stage_in_local_local,2_0,11293.000.000,192.168.1.4,1611624185,1611624188,1611624334,1611624337,1611624337,1611624337,1611624343,3,149,6
mDiffFit,ID0000277,11601.000.000,192.168.1.163,1611630366,1611630451,1611630480,1611630493,1611630493,1611630494,1611630505,85,42,12
mBgModel,ID0000295,11647.000.000,192.168.1.162,1611630703,1611630703,1611630711,1611630713,1611630713,1611630713,1611630718,0,10,5
clean_up_local_level,0_8,11822.000.000,192.168.1.4,1611631748,1611631755,1611631769,1611631772,1611631772,1611631773,1611631780,7,17,8
mProject,ID0000011,11322.000.000,192.168.1.162,1611624343,1611626117,1611627823,1611627828,1611627828,1611627828,1611627833,1774,1711,5
mDiffFit,ID0000404,11562.000.000,192.168.1.162,1611629789,1611629846,1611629847,1611629852,1611629852,1611629853,1611629858,57,6,6
mDiffFit,ID0000065,11439.000.000,192.168.1.162,1611627846,1611627916,1611627917,1611627920,1611627920,1611627920,1611627925,70,4,5
mDiffFit,ID0000375,11362.000.000,192.168.1.161,1611625901,1611625924,1611625931,1611625935,1611625935,1611625935,1611625940,23,11,5
register_local,0_4,11827.000.000,192.168.1.4,1611631807,1611631811,1611631813,1611631816,1611631816,1611631816,1611631822,4,5,6
register_local,16_1,11838.000.000,192.168.1.4,1611631904,1611631905,1611631907,1611631910,1611631910,1611631910,1611631915,1,5,5
mDiffFit,ID0000432,11621.000.000,192.168.1.162,1611630490,1611630543,1611630564,1611630570,1611630570,1611630574,1611630582,53,27,12
mProject,ID0000160,11332.000.000,192.168.1.162,1611624357,1611627729,1611628885,1611628889,1611628889,1611628889,1611628894,3372,1160,5
mBackground,ID0000298,11650.000.000,192.168.1.161,1611630726,1611630763,1611630782,1611630794,1611630794,1611630795,1611630800,37,31,6
mDiffFit,ID0000412,11356.000.000,192.168.1.161,1611625858,1611625892,1611625901,1611625902,1611625902,1611625902,1611625907,34,10,5
mBackground,ID0000462,11729.000.000,192.168.1.163,1611631183,1611631217,1611631321,1611631328,1611631328,1611631330,1611631342,34,111,14
mDiffFit,ID0000356,11627.000.000,192.168.1.162,1611630523,1611630596,1611630600,1611630608,1611630608,1611630610,1611630614,73,12,6
mDiffFit,ID0000135,11743.000.000,192.168.1.162,1611631249,1611631321,1611631332,1611631342,1611631342,1611631344,1611631355,72,21,13
mDiffFit,ID0000211,11488.000.000,192.168.1.162,1611628911,1611629042,1611629046,1611629055,1611629055,1611629056,1611629065,131,13,10
register_local,15_1,11747.000.000,192.168.1.4,1611631274,1611631279,1611631286,1611631293,1611631293,1611631296,1611631300,5,14,7
register_local,32_1,11689.000.000,192.168.1.4,1611630931,1611630934,1611630942,1611630951,1611630951,1611630952,1611630963,3,17,12
mDiffFit,ID0000080,11764.000.000,192.168.1.162,1611631392,1611631404,1611631407,1611631418,1611631418,1611631419,1611631432,12,14,14
mDiffFit,ID0000114,11702.000.000,192.168.1.162,1611631046,1611631065,1611631069,1611631077,1611631077,1611631078,1611631089,19,12,12
mDiffFit,ID0000337,11691.000.000,192.168.1.162,1611630946,1611631008,1611631018,1611631023,1611631023,1611631025,1611631039,62,15,16
mDiffFit,ID0000268,11432.000.000,192.168.1.161,1611627746,1611627813,1611627814,1611627817,1611627817,1611627817,1611627822,67,4,5
mDiffFit,ID0000036,11529.000.000,192.168.1.162,1611629275,1611629350,1611629356,1611629361,1611629361,1611629361,1611629366,75,11,5
mDiffFit,ID0000210,11490.000.000,192.168.1.161,1611628912,1611629046,1611629052,1611629055,1611629055,1611629056,1611629065,134,9,10
mDiffFit,ID0000039,11449.000.000,192.168.1.162,1611628278,1611628370,1611628371,1611628374,1611628374,1611628374,1611628379,92,4,5
mDiffFit,ID0000429,11538.000.000,192.168.1.162,1611629328,1611629443,1611629445,1611629445,1611629445,1611629445,1611629450,115,2,5
mDiffFit,ID0000133,11515.000.000,192.168.1.161,1611629050,1611629175,1611629186,1611629187,1611629187,1611629189,1611629194,125,12,7
mDiffFit,ID0000405,11561.000.000,192.168.1.163,1611629789,1611629846,1611629847,1611629852,1611629852,1611629854,1611629858,57,6,6
stage_in_remote_local,0_6,11285.000.000,192.168.1.4,1611624174,1611624177,1611624181,1611624185,1611624185,1611624186,1611624193,3,8,8
mDiffFit,ID0000127,11559.000.000,192.168.1.163,1611629740,1611629833,1611629835,1611629840,1611629840,1611629842,1611629847,93,7,7
mBackground,ID0000306,11659.000.000,192.168.1.161,1611630738,1611630796,1611630846,1611630848,1611630848,1611630850,1611630854,58,52,6
mBackground,ID0000311,11656.000.000,192.168.1.162,1611630731,1611630767,1611630799,1611630800,1611630800,1611630802,1611630806,36,33,6
mDiffFit,ID0000085,11407.000.000,192.168.1.162,1611627606,1611627628,1611627639,1611627640,1611627640,1611627640,1611627645,22,12,5
mDiffFit,ID0000284,11463.000.000,192.168.1.163,1611628793,1611628859,1611628861,1611628862,1611628862,1611628862,1611628867,66,3,5
mBackground,ID0000457,11731.000.000,192.168.1.161,1611631193,1611631210,1611631241,1611631251,1611631251,1611631252,1611631266,17,41,15
register_local,17_1,11716.000.000,192.168.1.4,1611631108,1611631111,1611631119,1611631129,1611631129,1611631131,1611631145,3,18,16
mDiffFit,ID0000200,11446.000.000,192.168.1.162,1611628167,1611628350,1611628351,1611628352,1611628352,1611628353,1611628358,183,2,6
mDiffFit,ID0000087,11554.000.000,192.168.1.163,1611629734,1611629799,1611629802,1611629809,1611629809,1611629810,1611629814,65,10,5
mDiffFit,ID0000050,11583.000.000,192.168.1.162,1611630236,1611630274,1611630286,1611630288,1611630288,1611630288,1611630293,38,14,5
mDiffFit,ID0000223,11431.000.000,192.168.1.161,1611627746,1611627806,1611627807,1611627811,1611627811,1611627812,1611627817,60,5,6
register_local,3_4,11825.000.000,192.168.1.4,1611631779,1611631781,1611631787,1611631790,1611631790,1611631790,1611631795,2,9,5
mDiffFit,ID0000349,11571.000.000,192.168.1.163,1611629808,1611629912,1611629926,1611629929,1611629929,1611629929,1611629934,104,17,5
mDiffFit,ID0000027,11552.000.000,192.168.1.162,1611629728,1611629778,1611629779,1611629783,1611629783,1611629784,1611629790,50,5,7
mBackground,ID0000151,11804.000.000,192.168.1.161,1611631624,1611631664,1611631701,1611631702,1611631702,1611631703,1611631708,40,38,6
mBackground,ID0000154,11791.000.000,192.168.1.161,1611631557,1611631581,1611631631,1611631635,1611631635,1611631640,1611631645,24,54,10
register_local,28_1,11787.000.000,192.168.1.4,1611631533,1611631536,1611631543,1611631548,1611631548,1611631549,1611631560,3,12,12
stage_in_local_local,3_0,11296.000.000,192.168.1.4,1611624191,1611624191,1611624274,1611624278,1611624278,1611624279,1611624283,0,87,5
mProject,ID0000158,11315.000.000,192.168.1.163,1611624316,1611625918,1611626992,1611626993,1611626993,1611626994,1611626999,1602,1075,6
mDiffFit,ID0000361,11669.000.000,192.168.1.162,1611630754,1611630893,1611630901,1611630910,1611630910,1611630911,1611630925,139,17,15
mBackground,ID0000463,11728.000.000,192.168.1.162,1611631179,1611631192,1611631224,1611631238,1611631238,1611631239,1611631251,13,46,13
mDiffFit,ID0000035,11451.000.000,192.168.1.162,1611628279,1611628392,1611628403,1611628404,1611628404,1611628404,1611628409,113,12,5
mDiffFit,ID0000425,11397.000.000,192.168.1.161,1611627466,1611627495,1611627497,1611627506,1611627506,1611627506,1611627514,29,11,8
mDiffFit,ID0000395,11545.000.000,192.168.1.162,1611629335,1611629503,1611629504,1611629506,1611629506,1611629506,1611629511,168,3,5
mDiffFit,ID0000086,11436.000.000,192.168.1.162,1611627838,1611627884,1611627891,1611627893,1611627893,1611627894,1611627899,46,9,6
mProject,ID0000003,11337.000.000,192.168.1.162,1611624364,1611628439,1611630209,1611630210,1611630210,1611630210,1611630215,4075,1771,5
mProject,ID0000007,11330.000.000,192.168.1.161,1611624356,1611627540,1611629262,1611629264,1611629264,1611629264,1611629269,3184,1724,5
mDiffFit,ID0000411,11628.000.000,192.168.1.162,1611630526,1611630596,1611630599,1611630608,1611630608,1611630609,1611630614,70,12,6
mProject,ID0000166,11304.000.000,192.168.1.163,1611624295,1611624310,1611625389,1611625391,1611625391,1611625391,1611625396,15,1081,5
mDiffFit,ID0000450,11544.000.000,192.168.1.162,1611629335,1611629492,1611629498,1611629500,1611629500,1611629501,1611629506,157,8,6
mDiffFit,ID0000331,11526.000.000,192.168.1.163,1611629143,1611629234,1611629248,1611629249,1611629249,1611629249,1611629254,91,15,5
mDiffFit,ID0000113,11717.000.000,192.168.1.163,1611631112,1611631137,1611631148,1611631159,1611631159,1611631161,1611631172,25,22,13
mDiffFit,ID0000401,11570.000.000,192.168.1.162,1611629808,1611629908,1611629909,1611629913,1611629913,1611629914,1611629919,100,5,6
register_local,5_1,11848.000.000,192.168.1.4,1611631972,1611631972,1611631974,1611631977,1611631977,1611631977,1611631983,0,5,6
mDiffFit,ID0000096,11556.000.000,192.168.1.163,1611629734,1611629813,1611629823,1611629824,1611629824,1611629824,1611629829,79,11,5
mDiffFit,ID0000275,11609.000.000,192.168.1.162,1611630421,1611630492,1611630511,1611630517,1611630517,1611630518,1611630528,71,25,11
stage_in_remote_local,2_1,11295.000.000,192.168.1.4,1611624185,1611624188,1611624191,1611624193,1611624193,1611624193,1611624198,3,5,5
mDiffFit,ID0000347,11361.000.000,192.168.1.162,1611625897,1611625916,1611625918,1611625919,1611625919,1611625922,1611625925,19,3,6
mProject,ID0000325,11328.000.000,192.168.1.163,1611624355,1611627261,1611628786,1611628787,1611628787,1611628787,1611628794,2906,1526,7
mDiffFit,ID0000037,11454.000.000,192.168.1.162,1611628285,1611628423,1611628424,1611628425,1611628425,1611628425,1611628430,138,2,5
mBackground,ID0000459,11739.000.000,192.168.1.161,1611631233,1611631262,1611631328,1611631328,1611631328,1611631332,1611631342,29,66,14
stage_in_remote_local,1_4,11292.000.000,192.168.1.4,1611624185,1611624188,1611624192,1611624193,1611624193,1611624193,1611624198,3,5,5
register_local,6_1,11845.000.000,192.168.1.4,1611631952,1611631952,1611631954,1611631957,1611631957,1611631957,1611631962,0,5,5
mDiffFit,ID0000025,11384.000.000,192.168.1.163,1611627140,1611627208,1611627213,1611627214,1611627214,1611627214,1611627219,68,6,5
register_local,19_1,11779.000.000,192.168.1.4,1611631493,1611631493,1611631496,1611631500,1611631500,1611631500,1611631506,0,7,6
mDiffFit,ID0000292,11348.000.000,192.168.1.161,1611625418,1611625857,1611625859,1611625871,1611625871,1611625872,1611625877,439,14,6
register_local,1_4,11826.000.000,192.168.1.4,1611631795,1611631796,1611631799,1611631801,1611631801,1611631801,1611631810,1,5,9
mDiffFit,ID0000053,11581.000.000,192.168.1.162,1611630231,1611630264,1611630266,1611630270,1611630270,1611630272,1611630277,33,6,7
register_local,34_1,11742.000.000,192.168.1.4,1611631247,1611631254,1611631264,1611631266,1611631266,1611631268,1611631279,7,12,13
mDiffFit,ID0000068,11750.000.000,192.168.1.161,1611631291,1611631360,1611631368,1611631369,1611631369,1611631371,1611631381,69,9,12
mDiffFit,ID0000117,11551.000.000,192.168.1.162,1611629728,1611629768,1611629770,1611629771,1611629771,1611629772,1611629777,40,3,6
mDiffFit,ID0000044,11452.000.000,192.168.1.162,1611628279,1611628408,1611628410,1611628414,1611628414,1611628415,1611628420,129,6,6
mConcatFit,ID0000294,11646.000.000,192.168.1.162,1611630687,1611630688,1611630691,1611630692,1611630692,1611630692,1611630697,1,4,5
mDiffFit,ID0000283,11366.000.000,192.168.1.161,1611626508,1611626515,1611626522,1611626524,1611626524,1611626524,1611626531,7,9,7
mBackground,ID0000153,11794.000.000,192.168.1.163,1611631572,1611631586,1611631667,1611631671,1611631671,1611631672,1611631677,14,85,6
mDiffFit,ID0000249,11498.000.000,192.168.1.161,1611628960,1611629080,1611629101,1611629116,1611629116,1611629117,1611629131,120,36,15
mDiffFit,ID0000281,11367.000.000,192.168.1.161,1611626508,1611626528,1611626536,1611626537,1611626537,1611626538,1611626543,20,9,6
mDiffFit,ID0000188,11376.000.000,192.168.1.163,1611627005,1611627143,1611627145,1611627146,1611627146,1611627146,1611627151,138,3,5
mDiffFit,ID0000426,11618.000.000,192.168.1.163,1611630476,1611630541,1611630567,1611630570,1611630570,1611630575,1611630582,65,29,12
mDiffFit,ID0000263,11505.000.000,192.168.1.163,1611628976,1611629124,1611629131,1611629144,1611629144,1611629145,1611629153,148,20,9
mDiffFit,ID0000428,11400.000.000,192.168.1.161,1611627489,1611627506,1611627507,1611627514,1611627514,1611627514,1611627519,17,8,5
mDiffFit,ID0000389,11479.000.000,192.168.1.162,1611628819,1611628977,1611628987,1611628991,1611628991,1611628992,1611628997,158,14,6
mAdd,ID0000156,11823.000.000,192.168.1.161,1611631749,1611631787,1611631811,1611631816,1611631816,1611631816,1611631822,38,29,6
clean_up_local_level,2_3,11706.000.000,192.168.1.4,1611631057,1611631061,1611631075,1611631077,1611631077,1611631078,1611631089,4,16,12
mDiffFit,ID0000116,11433.000.000,192.168.1.162,1611627838,1611627847,1611627856,1611627857,1611627857,1611627857,1611627862,9,10,5
mBackground,ID0000456,11734.000.000,192.168.1.162,1611631206,1611631224,1611631262,1611631266,1611631266,1611631267,1611631279,18,42,13
mDiffFit,ID0000207,11497.000.000,192.168.1.163,1611628954,1611629086,1611629105,1611629116,1611629116,1611629117,1611629131,132,30,15
mDiffFit,ID0000185,11462.000.000,192.168.1.163,1611628793,1611628846,1611628847,1611628852,1611628852,1611628852,1611628857,53,6,5
mDiffFit,ID0000420,11681.000.000,192.168.1.161,1611630885,1611630947,1611630952,1611630963,1611630963,1611630964,1611630978,62,16,15
mProject,ID0000165,11334.000.000,192.168.1.161,1611624363,1611627815,1611628930,1611628935,1611628935,1611628936,1611628941,3452,1120,6
mDiffFit,ID0000348,11416.000.000,192.168.1.163,1611627629,1611627696,1611627707,1611627711,1611627711,1611627712,1611627717,67,15,6
mDiffFit,ID0000108,11514.000.000,192.168.1.162,1611629049,1611629165,1611629169,1611629170,1611629170,1611629171,1611629176,116,5,6
mDiffFit,ID0000030,11419.000.000,192.168.1.162,1611627667,1611627706,1611627709,1611627711,1611627711,1611627712,1611627717,39,5,6
mDiffFit,ID0000060,11410.000.000,192.168.1.163,1611627607,1611627650,1611627653,1611627656,1611627656,1611627657,1611627662,43,6,6
mDiffFit,ID0000049,11574.000.000,192.168.1.162,1611630220,1611630229,1611630239,1611630242,1611630242,1611630243,1611630248,9,13,6
clean_up_local_level,0_7,11818.000.000,192.168.1.4,1611631721,1611631725,1611631744,1611631749,1611631749,1611631749,1611631760,4,24,11
mBackground,ID0000142,11793.000.000,192.168.1.163,1611631567,1611631586,1611631668,1611631671,1611631671,1611631673,1611631677,19,85,6
mDiffFit,ID0000285,11430.000.000,192.168.1.161,1611627745,1611627799,1611627800,1611627800,1611627800,1611627800,1611627806,54,1,6
mDiffFit,ID0000391,11415.000.000,192.168.1.162,1611627624,1611627683,1611627684,1611627688,1611627688,1611627690,1611627694,59,5,6
mProject,ID0000162,11342.000.000,192.168.1.162,1611624370,1611629233,1611630407,1611630423,1611630423,1611630425,1611630436,4863,1190,13
mDiffFit,ID0000252,11391.000.000,192.168.1.163,1611627188,1611627239,1611627258,1611627260,1611627260,1611627260,1611627265,51,21,5
mDiffFit,ID0000369,11664.000.000,192.168.1.163,1611630745,1611630866,1611630876,1611630886,1611630886,1611630888,1611630898,121,20,12
mDiffFit,ID0000431,11481.000.000,192.168.1.161,1611628824,1611628986,1611628988,1611628991,1611628991,1611628992,1611628997,162,5,6
mDiffFit,ID0000020,11763.000.000,192.168.1.163,1611631389,1611631422,1611631459,1611631467,1611631467,1611631468,1611631473,33,45,6
mDiffFit,ID0000440,11542.000.000,192.168.1.162,1611629328,1611629472,1611629478,1611629479,1611629479,1611629479,1611629484,144,7,5
mProject,ID0000015,11316.000.000,192.168.1.162,1611624316,1611625918,1611627651,1611627656,1611627656,1611627657,1611627662,1602,1738,6
mDiffFit,ID0000119,11719.000.000,192.168.1.161,1611631127,1611631144,1611631165,1611631172,1611631172,1611631173,1611631184,17,28,12
mDiffFit,ID0000067,11364.000.000,192.168.1.162,1611626091,1611626103,1611626105,1611626107,1611626107,1611626107,1611626112,12,4,5
mDiffFit,ID0000184,11429.000.000,192.168.1.161,1611627740,1611627791,1611627793,1611627795,1611627795,1611627796,1611627800,51,4,5
mDiffFit,ID0000341,11525.000.000,192.168.1.161,1611629141,1611629225,1611629227,1611629228,1611629228,1611629228,1611629233,84,3,5
mDiffFit,ID0000115,11708.000.000,192.168.1.163,1611631062,1611631083,1611631090,1611631100,1611631100,1611631101,1611631114,21,17,14
mDiffFit,ID0000250,11394.000.000,192.168.1.163,1611627198,1611627258,1611627260,1611627260,1611627260,1611627260,1611627265,60,2,5
mDiffFit,ID0000384,11543.000.000,192.168.1.162,1611629334,1611629484,1611629485,1611629490,1611629490,1611629490,1611629495,150,6,5
mDiffFit,ID0000409,11474.000.000,192.168.1.163,1611628807,1611628948,1611628965,1611628977,1611628977,1611628977,1611628985,141,29,8
mDiffFit,ID0000449,11539.000.000,192.168.1.162,1611629328,1611629451,1611629452,1611629456,1611629456,1611629457,1611629462,123,5,6
mDiffFit,ID0000064,11383.000.000,192.168.1.161,1611627129,1611627190,1611627192,1611627198,1611627198,1611627198,1611627203,61,8,5
mImgtbl,ID0000312,11688.000.000,192.168.1.161,1611630920,1611631021,1611631031,1611631039,1611631039,1611631041,1611631051,101,18,12
mDiffFit,ID0000208,11494.000.000,192.168.1.161,1611628922,1611629068,1611629078,1611629083,1611629083,1611629084,1611629089,146,15,6
mDiffFit,ID0000189,11489.000.000,192.168.1.161,1611628911,1611629044,1611629061,1611629065,1611629065,1611629068,1611629072,133,21,7
mDiffFit,ID0000226,11598.000.000,192.168.1.162,1611630349,1611630436,1611630447,1611630450,1611630450,1611630451,1611630467,87,14,17
mDiffFit,ID0000418,11695.000.000,192.168.1.163,1611630959,1611631034,1611631050,1611631051,1611631051,1611631051,1611631065,75,17,14
mDiffFit,ID0000402,11625.000.000,192.168.1.163,1611630512,1611630597,1611630603,1611630608,1611630608,1611630611,1611630614,85,11,6
stage_in_remote_local,1_0,11290.000.000,192.168.1.4,1611624180,1611624180,1611624183,1611624185,1611624185,1611624186,1611624193,0,5,8
register_local,33_1,11694.000.000,192.168.1.4,1611630957,1611630962,1611630971,1611630978,1611630978,1611630982,1611630984,5,16,6
mDiffFit,ID0000199,11461.000.000,192.168.1.163,1611628787,1611628845,1611628847,1611628852,1611628852,1611628852,1611628857,58,7,5
mBackground,ID0000143,11792.000.000,192.168.1.161,1611631559,1611631584,1611631633,1611631635,1611631635,1611631641,1611631645,25,51,10
mDiffFit,ID0000093,11710.000.000,192.168.1.161,1611631075,1611631102,1611631119,1611631129,1611631129,1611631130,1611631145,27,27,16
mDiffFit,ID0000445,11616.000.000,192.168.1.163,1611630463,1611630534,1611630556,1611630570,1611630570,1611630571,1611630582,71,36,12
mDiffFit,ID0000021,11406.000.000,192.168.1.162,1611627606,1611627615,1611627622,1611627624,1611627624,1611627624,1611627630,9,9,6
register_local,8_1,11839.000.000,192.168.1.4,1611631915,1611631915,1611631917,1611631921,1611631921,1611631921,1611631926,0,6,5
mBackground,ID0000464,11726.000.000,192.168.1.161,1611631168,1611631184,1611631208,1611631209,1611631209,1611631210,1611631224,16,25,15
mDiffFit,ID0000244,11426.000.000,192.168.1.161,1611627739,1611627760,1611627761,1611627762,1611627762,1611627762,1611627767,21,2,5
mDiffFit,ID0000373,11412.000.000,192.168.1.163,1611627623,1611627665,1611627667,1611627668,1611627668,1611627669,1611627677,42,3,9
mDiffFit,ID0000213,11492.000.000,192.168.1.163,1611628914,1611629056,1611629060,1611629065,1611629065,1611629067,1611629072,142,9,7
mDiffFit,ID0000279,11425.000.000,192.168.1.161,1611627739,1611627746,1611627754,1611627756,1611627756,1611627757,1611627762,7,10,6
mDiffFit,ID0000358,11404.000.000,192.168.1.161,1611627505,1611627531,1611627533,1611627535,1611627535,1611627535,1611627540,26,4,5
mAdd,ID0000313,11707.000.000,192.168.1.161,1611631059,1611631192,1611631327,1611631328,1611631328,1611631331,1611631342,133,136,14
mDiffFit,ID0000422,11692.000.000,192.168.1.162,1611630948,1611631012,1611631023,1611631039,1611631039,1611631040,1611631051,64,27,12
mDiffFit,ID0000264,11596.000.000,192.168.1.161,1611630349,1611630418,1611630424,1611630436,1611630436,1611630437,1611630450,69,18,14
mDiffFit,ID0000052,11582.000.000,192.168.1.163,1611630231,1611630276,1611630277,1611630282,1611630282,1611630283,1611630288,45,6,6
mDiffFit,ID0000240,11501.000.000,192.168.1.163,1611628964,1611629109,1611629116,1611629131,1611629131,1611629132,1611629144,145,22,13
mDiffFit,ID0000180,11496.000.000,192.168.1.163,1611628949,1611629084,1611629088,1611629089,1611629089,1611629090,1611629095,135,5,6
mDiffFit,ID0000111,11711.000.000,192.168.1.163,1611631077,1611631110,1611631117,1611631129,1611631129,1611631130,1611631145,33,19,16
mBackground,ID0000458,11740.000.000,192.168.1.162,1611631236,1611631279,1611631338,1611631342,1611631342,1611631345,1611631355,43,63,13
mProject,ID0000320,11336.000.000,192.168.1.163,1611624363,1611628161,1611629776,1611629777,1611629777,1611629778,1611629783,3798,1616,6
mProject,ID0000323,11317.000.000,192.168.1.161,1611624316,1611625920,1611627453,1611627456,1611627456,1611627456,1611627461,1604,1536,5
mDiffFit,ID0000178,11375.000.000,192.168.1.163,1611627005,1611627142,1611627154,1611627156,1611627156,1611627157,1611627162,137,14,6
mDiffFit,ID0000414,11548.000.000,192.168.1.162,1611629340,1611629529,1611629530,1611629533,1611629533,1611629533,1611629538,189,4,5
register_local,1_0,11423.000.000,192.168.1.4,1611627675,1611627680,1611627684,1611627688,1611627688,1611627690,1611627694,5,8,6
